2022-12-17 17:30:21,012 Train INFO: Namespace(logger=<Logger Train (INFO)>, name='A2C2022-12-17-17-30-21', gpu='0', device=device(type='cuda', index=0), gamma=1, epoch_num=3000, test_episode=50, val_episode=50, test_size=0.1, val_size=0.5, batch_size=50, train_batch_size=50, num_steps=10, h=1, w=[120, 50], nn_out=40, share_lr=0.01, actor_lr=0.001, critic_lr=0.01, step=50, lr_min=0.0001, e_rate=0.001, a_rate=1, c_rate=1, lr_decay_lambda=0.99, duse_T=True, est_T=False, use_pref=False, same_price=False, use_price=True, only_test=True, change_T=True, num='0', print_grad=False, max_norm=10, seed_range=20, net_seed=0, seed=0, info=True, selling_length=180, cardinality=4, ini_inv=10, num_products=10, number_samples=10000, num_cus_types=4, seg_prob=None, cus_type=None, rank_list=None, detail=False)
2022-12-17 17:30:21,012 Train INFO: log/A2C2022-12-17-17-30-21
2022-12-17 17:30:21,014 Train INFO: products price: [2000.         1788.88888889 1577.77777778 1366.66666667 1155.55555556
  944.44444444  733.33333333  522.22222222  311.11111111  100.        ]
2022-12-17 17:30:21,014 Train INFO: Load Factor 1.8
2022-12-17 17:30:21,014 Train INFO: test seed: 0************************************
2022-12-17 17:30:24,619 Train INFO: mean test reward1: [46.50555555555556, 45.66666666666664, 45.655555555555566, 41.45555555555557, 44.35555555555557, 50.22222222222223, 45.59444444444447, 48.22777777777779, 45.82222222222221, 44.13333333333335, 47.227777777777774, 46.58888888888888, 46.51111111111109, 43.466666666666676, 40.1888888888889, 45.622222222222206, 40.99444444444446, 42.888888888888886, 44.45555555555555, 44.361111111111136, 46.28888888888887, 49.43888888888889, 47.75555555555557, 36.57222222222224, 46.611111111111114, 45.92222222222222, 42.25000000000001, 44.872222222222234, 44.22222222222223, 46.144444444444446, 43.961111111111116, 40.36111111111113, 47.49444444444443, 45.97777777777777, 47.65000000000001, 44.977777777777774, 42.98333333333334, 46.766666666666666, 48.177777777777784, 41.200000000000024, 48.60000000000001, 45.34999999999999, 47.66111111111111, 44.249999999999986, 46.86111111111113, 47.17222222222223, 48.166666666666664, 45.03888888888889, 46.033333333333324, 44.827777777777776]
2022-12-17 17:30:24,620 Train INFO: mean test reward2: [0.0, 0.0, 0.0, 0.0, 0.0, 0.0, 0.0, 0.0, 0.0, 0.0, 0.0, 0.0, 0.0, 0.0, 0.0, 0.0, 0.0, 0.0, 0.0, 0.0, 0.0, 0.0, 0.0, 0.0, 0.0, 0.0, 0.0, 0.0, 0.0, 0.0, 0.0, 0.0, 0.0, 0.0, 0.0, 0.0, 0.0, 0.0, 0.0, 0.0, 0.0, 0.0, 0.0, 0.0, 0.0, 0.0, 0.0, 0.0, 0.0, 0.0]
2022-12-17 17:30:24,620 Train INFO: mean test reward3: [0.0, 0.0, 0.0, 0.0, 0.0, 0.0, 0.0, 0.0, 0.0, 0.0, 0.0, 0.0, 0.0, 0.0, 0.0, 0.0, 0.0, 0.0, 0.0, 0.0, 0.0, 0.0, 0.0, 0.0, 0.0, 0.0, 0.0, 0.0, 0.0, 0.0, 0.0, 0.0, 0.0, 0.0, 0.0, 0.0, 0.0, 0.0, 0.0, 0.0, 0.0, 0.0, 0.0, 0.0, 0.0, 0.0, 0.0, 0.0, 0.0, 0.0]
2022-12-17 17:30:24,620 Train INFO: mean test reward4: [0.0, 0.0, 0.0, 0.0, 0.0, 0.0, 0.0, 0.0, 0.0, 0.0, 0.0, 0.0, 0.0, 0.0, 0.0, 0.0, 0.0, 0.0, 0.0, 0.0, 0.0, 0.0, 0.0, 0.0, 0.0, 0.0, 0.0, 0.0, 0.0, 0.0, 0.0, 0.0, 0.0, 0.0, 0.0, 0.0, 0.0, 0.0, 0.0, 0.0, 0.0, 0.0, 0.0, 0.0, 0.0, 0.0, 0.0, 0.0, 0.0, 0.0]
2022-12-17 17:30:24,620 Train INFO: mean test reward: 45.2707,0.0000,0.0000,0.0000
2022-12-17 17:30:24,621 Train INFO: test seed: 1************************************
2022-12-17 17:30:25,061 Train INFO: mean test reward1: [46.50555555555556, 45.66666666666664, 45.655555555555566, 41.45555555555557, 44.35555555555557, 50.22222222222223, 45.59444444444447, 48.22777777777779, 45.82222222222221, 44.13333333333335, 47.227777777777774, 46.58888888888888, 46.51111111111109, 43.466666666666676, 40.1888888888889, 45.622222222222206, 40.99444444444446, 42.888888888888886, 44.45555555555555, 44.361111111111136, 46.28888888888887, 49.43888888888889, 47.75555555555557, 36.57222222222224, 46.611111111111114, 45.92222222222222, 42.25000000000001, 44.872222222222234, 44.22222222222223, 46.144444444444446, 43.961111111111116, 40.36111111111113, 47.49444444444443, 45.97777777777777, 47.65000000000001, 44.977777777777774, 42.98333333333334, 46.766666666666666, 48.177777777777784, 41.200000000000024, 48.60000000000001, 45.34999999999999, 47.66111111111111, 44.249999999999986, 46.86111111111113, 47.17222222222223, 48.166666666666664, 45.03888888888889, 46.033333333333324, 44.827777777777776]
2022-12-17 17:30:25,061 Train INFO: mean test reward2: [0.0, 0.0, 0.0, 0.0, 0.0, 0.0, 0.0, 0.0, 0.0, 0.0, 0.0, 0.0, 0.0, 0.0, 0.0, 0.0, 0.0, 0.0, 0.0, 0.0, 0.0, 0.0, 0.0, 0.0, 0.0, 0.0, 0.0, 0.0, 0.0, 0.0, 0.0, 0.0, 0.0, 0.0, 0.0, 0.0, 0.0, 0.0, 0.0, 0.0, 0.0, 0.0, 0.0, 0.0, 0.0, 0.0, 0.0, 0.0, 0.0, 0.0]
2022-12-17 17:30:25,061 Train INFO: mean test reward3: [0.0, 0.0, 0.0, 0.0, 0.0, 0.0, 0.0, 0.0, 0.0, 0.0, 0.0, 0.0, 0.0, 0.0, 0.0, 0.0, 0.0, 0.0, 0.0, 0.0, 0.0, 0.0, 0.0, 0.0, 0.0, 0.0, 0.0, 0.0, 0.0, 0.0, 0.0, 0.0, 0.0, 0.0, 0.0, 0.0, 0.0, 0.0, 0.0, 0.0, 0.0, 0.0, 0.0, 0.0, 0.0, 0.0, 0.0, 0.0, 0.0, 0.0]
2022-12-17 17:30:25,061 Train INFO: mean test reward4: [0.0, 0.0, 0.0, 0.0, 0.0, 0.0, 0.0, 0.0, 0.0, 0.0, 0.0, 0.0, 0.0, 0.0, 0.0, 0.0, 0.0, 0.0, 0.0, 0.0, 0.0, 0.0, 0.0, 0.0, 0.0, 0.0, 0.0, 0.0, 0.0, 0.0, 0.0, 0.0, 0.0, 0.0, 0.0, 0.0, 0.0, 0.0, 0.0, 0.0, 0.0, 0.0, 0.0, 0.0, 0.0, 0.0, 0.0, 0.0, 0.0, 0.0]
2022-12-17 17:30:25,061 Train INFO: mean test reward: 45.2707,0.0000,0.0000,0.0000
2022-12-17 17:30:25,061 Train INFO: test seed: 2************************************
2022-12-17 17:30:25,552 Train INFO: mean test reward1: [46.50555555555556, 45.66666666666664, 45.655555555555566, 41.45555555555557, 44.35555555555557, 50.22222222222223, 45.59444444444447, 48.22777777777779, 45.82222222222221, 44.13333333333335, 47.227777777777774, 46.58888888888888, 46.51111111111109, 43.466666666666676, 40.1888888888889, 45.622222222222206, 40.99444444444446, 42.888888888888886, 44.45555555555555, 44.361111111111136, 46.28888888888887, 49.43888888888889, 47.75555555555557, 36.57222222222224, 46.611111111111114, 45.92222222222222, 42.25000000000001, 44.872222222222234, 44.22222222222223, 46.144444444444446, 43.961111111111116, 40.36111111111113, 47.49444444444443, 45.97777777777777, 47.65000000000001, 44.977777777777774, 42.98333333333334, 46.766666666666666, 48.177777777777784, 41.200000000000024, 48.60000000000001, 45.34999999999999, 47.66111111111111, 44.249999999999986, 46.86111111111113, 47.17222222222223, 48.166666666666664, 45.03888888888889, 46.033333333333324, 44.827777777777776]
2022-12-17 17:30:25,552 Train INFO: mean test reward2: [0.0, 0.0, 0.0, 0.0, 0.0, 0.0, 0.0, 0.0, 0.0, 0.0, 0.0, 0.0, 0.0, 0.0, 0.0, 0.0, 0.0, 0.0, 0.0, 0.0, 0.0, 0.0, 0.0, 0.0, 0.0, 0.0, 0.0, 0.0, 0.0, 0.0, 0.0, 0.0, 0.0, 0.0, 0.0, 0.0, 0.0, 0.0, 0.0, 0.0, 0.0, 0.0, 0.0, 0.0, 0.0, 0.0, 0.0, 0.0, 0.0, 0.0]
2022-12-17 17:30:25,552 Train INFO: mean test reward3: [0.0, 0.0, 0.0, 0.0, 0.0, 0.0, 0.0, 0.0, 0.0, 0.0, 0.0, 0.0, 0.0, 0.0, 0.0, 0.0, 0.0, 0.0, 0.0, 0.0, 0.0, 0.0, 0.0, 0.0, 0.0, 0.0, 0.0, 0.0, 0.0, 0.0, 0.0, 0.0, 0.0, 0.0, 0.0, 0.0, 0.0, 0.0, 0.0, 0.0, 0.0, 0.0, 0.0, 0.0, 0.0, 0.0, 0.0, 0.0, 0.0, 0.0]
2022-12-17 17:30:25,552 Train INFO: mean test reward4: [0.0, 0.0, 0.0, 0.0, 0.0, 0.0, 0.0, 0.0, 0.0, 0.0, 0.0, 0.0, 0.0, 0.0, 0.0, 0.0, 0.0, 0.0, 0.0, 0.0, 0.0, 0.0, 0.0, 0.0, 0.0, 0.0, 0.0, 0.0, 0.0, 0.0, 0.0, 0.0, 0.0, 0.0, 0.0, 0.0, 0.0, 0.0, 0.0, 0.0, 0.0, 0.0, 0.0, 0.0, 0.0, 0.0, 0.0, 0.0, 0.0, 0.0]
2022-12-17 17:30:25,552 Train INFO: mean test reward: 45.2707,0.0000,0.0000,0.0000
2022-12-17 17:30:25,553 Train INFO: test seed: 3************************************
2022-12-17 17:30:26,030 Train INFO: mean test reward1: [46.50555555555556, 45.66666666666664, 45.655555555555566, 41.45555555555557, 44.35555555555557, 50.22222222222223, 45.59444444444447, 48.22777777777779, 45.82222222222221, 44.13333333333335, 47.227777777777774, 46.58888888888888, 46.51111111111109, 43.466666666666676, 40.1888888888889, 45.622222222222206, 40.99444444444446, 42.888888888888886, 44.45555555555555, 44.361111111111136, 46.28888888888887, 49.43888888888889, 47.75555555555557, 36.57222222222224, 46.611111111111114, 45.92222222222222, 42.25000000000001, 44.872222222222234, 44.22222222222223, 46.144444444444446, 43.961111111111116, 40.36111111111113, 47.49444444444443, 45.97777777777777, 47.65000000000001, 44.977777777777774, 42.98333333333334, 46.766666666666666, 48.177777777777784, 41.200000000000024, 48.60000000000001, 45.34999999999999, 47.66111111111111, 44.249999999999986, 46.86111111111113, 47.17222222222223, 48.166666666666664, 45.03888888888889, 46.033333333333324, 44.827777777777776]
2022-12-17 17:30:26,030 Train INFO: mean test reward2: [0.0, 0.0, 0.0, 0.0, 0.0, 0.0, 0.0, 0.0, 0.0, 0.0, 0.0, 0.0, 0.0, 0.0, 0.0, 0.0, 0.0, 0.0, 0.0, 0.0, 0.0, 0.0, 0.0, 0.0, 0.0, 0.0, 0.0, 0.0, 0.0, 0.0, 0.0, 0.0, 0.0, 0.0, 0.0, 0.0, 0.0, 0.0, 0.0, 0.0, 0.0, 0.0, 0.0, 0.0, 0.0, 0.0, 0.0, 0.0, 0.0, 0.0]
2022-12-17 17:30:26,030 Train INFO: mean test reward3: [0.0, 0.0, 0.0, 0.0, 0.0, 0.0, 0.0, 0.0, 0.0, 0.0, 0.0, 0.0, 0.0, 0.0, 0.0, 0.0, 0.0, 0.0, 0.0, 0.0, 0.0, 0.0, 0.0, 0.0, 0.0, 0.0, 0.0, 0.0, 0.0, 0.0, 0.0, 0.0, 0.0, 0.0, 0.0, 0.0, 0.0, 0.0, 0.0, 0.0, 0.0, 0.0, 0.0, 0.0, 0.0, 0.0, 0.0, 0.0, 0.0, 0.0]
2022-12-17 17:30:26,030 Train INFO: mean test reward4: [0.0, 0.0, 0.0, 0.0, 0.0, 0.0, 0.0, 0.0, 0.0, 0.0, 0.0, 0.0, 0.0, 0.0, 0.0, 0.0, 0.0, 0.0, 0.0, 0.0, 0.0, 0.0, 0.0, 0.0, 0.0, 0.0, 0.0, 0.0, 0.0, 0.0, 0.0, 0.0, 0.0, 0.0, 0.0, 0.0, 0.0, 0.0, 0.0, 0.0, 0.0, 0.0, 0.0, 0.0, 0.0, 0.0, 0.0, 0.0, 0.0, 0.0]
2022-12-17 17:30:26,030 Train INFO: mean test reward: 45.2707,0.0000,0.0000,0.0000
2022-12-17 17:30:26,030 Train INFO: test seed: 4************************************
2022-12-17 17:30:26,459 Train INFO: mean test reward1: [46.50555555555556, 45.66666666666664, 45.655555555555566, 41.45555555555557, 44.35555555555557, 50.22222222222223, 45.59444444444447, 48.22777777777779, 45.82222222222221, 44.13333333333335, 47.227777777777774, 46.58888888888888, 46.51111111111109, 43.466666666666676, 40.1888888888889, 45.622222222222206, 40.99444444444446, 42.888888888888886, 44.45555555555555, 44.361111111111136, 46.28888888888887, 49.43888888888889, 47.75555555555557, 36.57222222222224, 46.611111111111114, 45.92222222222222, 42.25000000000001, 44.872222222222234, 44.22222222222223, 46.144444444444446, 43.961111111111116, 40.36111111111113, 47.49444444444443, 45.97777777777777, 47.65000000000001, 44.977777777777774, 42.98333333333334, 46.766666666666666, 48.177777777777784, 41.200000000000024, 48.60000000000001, 45.34999999999999, 47.66111111111111, 44.249999999999986, 46.86111111111113, 47.17222222222223, 48.166666666666664, 45.03888888888889, 46.033333333333324, 44.827777777777776]
2022-12-17 17:30:26,459 Train INFO: mean test reward2: [0.0, 0.0, 0.0, 0.0, 0.0, 0.0, 0.0, 0.0, 0.0, 0.0, 0.0, 0.0, 0.0, 0.0, 0.0, 0.0, 0.0, 0.0, 0.0, 0.0, 0.0, 0.0, 0.0, 0.0, 0.0, 0.0, 0.0, 0.0, 0.0, 0.0, 0.0, 0.0, 0.0, 0.0, 0.0, 0.0, 0.0, 0.0, 0.0, 0.0, 0.0, 0.0, 0.0, 0.0, 0.0, 0.0, 0.0, 0.0, 0.0, 0.0]
2022-12-17 17:30:26,459 Train INFO: mean test reward3: [0.0, 0.0, 0.0, 0.0, 0.0, 0.0, 0.0, 0.0, 0.0, 0.0, 0.0, 0.0, 0.0, 0.0, 0.0, 0.0, 0.0, 0.0, 0.0, 0.0, 0.0, 0.0, 0.0, 0.0, 0.0, 0.0, 0.0, 0.0, 0.0, 0.0, 0.0, 0.0, 0.0, 0.0, 0.0, 0.0, 0.0, 0.0, 0.0, 0.0, 0.0, 0.0, 0.0, 0.0, 0.0, 0.0, 0.0, 0.0, 0.0, 0.0]
2022-12-17 17:30:26,459 Train INFO: mean test reward4: [0.0, 0.0, 0.0, 0.0, 0.0, 0.0, 0.0, 0.0, 0.0, 0.0, 0.0, 0.0, 0.0, 0.0, 0.0, 0.0, 0.0, 0.0, 0.0, 0.0, 0.0, 0.0, 0.0, 0.0, 0.0, 0.0, 0.0, 0.0, 0.0, 0.0, 0.0, 0.0, 0.0, 0.0, 0.0, 0.0, 0.0, 0.0, 0.0, 0.0, 0.0, 0.0, 0.0, 0.0, 0.0, 0.0, 0.0, 0.0, 0.0, 0.0]
2022-12-17 17:30:26,459 Train INFO: mean test reward: 45.2707,0.0000,0.0000,0.0000
2022-12-17 17:30:26,459 Train INFO: test seed: 5************************************
2022-12-17 17:30:26,878 Train INFO: mean test reward1: [46.50555555555556, 45.66666666666664, 45.655555555555566, 41.45555555555557, 44.35555555555557, 50.22222222222223, 45.59444444444447, 48.22777777777779, 45.82222222222221, 44.13333333333335, 47.227777777777774, 46.58888888888888, 46.51111111111109, 43.466666666666676, 40.1888888888889, 45.622222222222206, 40.99444444444446, 42.888888888888886, 44.45555555555555, 44.361111111111136, 46.28888888888887, 49.43888888888889, 47.75555555555557, 36.57222222222224, 46.611111111111114, 45.92222222222222, 42.25000000000001, 44.872222222222234, 44.22222222222223, 46.144444444444446, 43.961111111111116, 40.36111111111113, 47.49444444444443, 45.97777777777777, 47.65000000000001, 44.977777777777774, 42.98333333333334, 46.766666666666666, 48.177777777777784, 41.200000000000024, 48.60000000000001, 45.34999999999999, 47.66111111111111, 44.249999999999986, 46.86111111111113, 47.17222222222223, 48.166666666666664, 45.03888888888889, 46.033333333333324, 44.827777777777776]
2022-12-17 17:30:26,878 Train INFO: mean test reward2: [0.0, 0.0, 0.0, 0.0, 0.0, 0.0, 0.0, 0.0, 0.0, 0.0, 0.0, 0.0, 0.0, 0.0, 0.0, 0.0, 0.0, 0.0, 0.0, 0.0, 0.0, 0.0, 0.0, 0.0, 0.0, 0.0, 0.0, 0.0, 0.0, 0.0, 0.0, 0.0, 0.0, 0.0, 0.0, 0.0, 0.0, 0.0, 0.0, 0.0, 0.0, 0.0, 0.0, 0.0, 0.0, 0.0, 0.0, 0.0, 0.0, 0.0]
2022-12-17 17:30:26,878 Train INFO: mean test reward3: [0.0, 0.0, 0.0, 0.0, 0.0, 0.0, 0.0, 0.0, 0.0, 0.0, 0.0, 0.0, 0.0, 0.0, 0.0, 0.0, 0.0, 0.0, 0.0, 0.0, 0.0, 0.0, 0.0, 0.0, 0.0, 0.0, 0.0, 0.0, 0.0, 0.0, 0.0, 0.0, 0.0, 0.0, 0.0, 0.0, 0.0, 0.0, 0.0, 0.0, 0.0, 0.0, 0.0, 0.0, 0.0, 0.0, 0.0, 0.0, 0.0, 0.0]
2022-12-17 17:30:26,879 Train INFO: mean test reward4: [0.0, 0.0, 0.0, 0.0, 0.0, 0.0, 0.0, 0.0, 0.0, 0.0, 0.0, 0.0, 0.0, 0.0, 0.0, 0.0, 0.0, 0.0, 0.0, 0.0, 0.0, 0.0, 0.0, 0.0, 0.0, 0.0, 0.0, 0.0, 0.0, 0.0, 0.0, 0.0, 0.0, 0.0, 0.0, 0.0, 0.0, 0.0, 0.0, 0.0, 0.0, 0.0, 0.0, 0.0, 0.0, 0.0, 0.0, 0.0, 0.0, 0.0]
2022-12-17 17:30:26,879 Train INFO: mean test reward: 45.2707,0.0000,0.0000,0.0000
2022-12-17 17:30:26,879 Train INFO: test seed: 6************************************
2022-12-17 17:30:27,338 Train INFO: mean test reward1: [46.50555555555556, 45.66666666666664, 45.655555555555566, 41.45555555555557, 44.35555555555557, 50.22222222222223, 45.59444444444447, 48.22777777777779, 45.82222222222221, 44.13333333333335, 47.227777777777774, 46.58888888888888, 46.51111111111109, 43.466666666666676, 40.1888888888889, 45.622222222222206, 40.99444444444446, 42.888888888888886, 44.45555555555555, 44.361111111111136, 46.28888888888887, 49.43888888888889, 47.75555555555557, 36.57222222222224, 46.611111111111114, 45.92222222222222, 42.25000000000001, 44.872222222222234, 44.22222222222223, 46.144444444444446, 43.961111111111116, 40.36111111111113, 47.49444444444443, 45.97777777777777, 47.65000000000001, 44.977777777777774, 42.98333333333334, 46.766666666666666, 48.177777777777784, 41.200000000000024, 48.60000000000001, 45.34999999999999, 47.66111111111111, 44.249999999999986, 46.86111111111113, 47.17222222222223, 48.166666666666664, 45.03888888888889, 46.033333333333324, 44.827777777777776]
2022-12-17 17:30:27,338 Train INFO: mean test reward2: [0.0, 0.0, 0.0, 0.0, 0.0, 0.0, 0.0, 0.0, 0.0, 0.0, 0.0, 0.0, 0.0, 0.0, 0.0, 0.0, 0.0, 0.0, 0.0, 0.0, 0.0, 0.0, 0.0, 0.0, 0.0, 0.0, 0.0, 0.0, 0.0, 0.0, 0.0, 0.0, 0.0, 0.0, 0.0, 0.0, 0.0, 0.0, 0.0, 0.0, 0.0, 0.0, 0.0, 0.0, 0.0, 0.0, 0.0, 0.0, 0.0, 0.0]
2022-12-17 17:30:27,338 Train INFO: mean test reward3: [0.0, 0.0, 0.0, 0.0, 0.0, 0.0, 0.0, 0.0, 0.0, 0.0, 0.0, 0.0, 0.0, 0.0, 0.0, 0.0, 0.0, 0.0, 0.0, 0.0, 0.0, 0.0, 0.0, 0.0, 0.0, 0.0, 0.0, 0.0, 0.0, 0.0, 0.0, 0.0, 0.0, 0.0, 0.0, 0.0, 0.0, 0.0, 0.0, 0.0, 0.0, 0.0, 0.0, 0.0, 0.0, 0.0, 0.0, 0.0, 0.0, 0.0]
2022-12-17 17:30:27,338 Train INFO: mean test reward4: [0.0, 0.0, 0.0, 0.0, 0.0, 0.0, 0.0, 0.0, 0.0, 0.0, 0.0, 0.0, 0.0, 0.0, 0.0, 0.0, 0.0, 0.0, 0.0, 0.0, 0.0, 0.0, 0.0, 0.0, 0.0, 0.0, 0.0, 0.0, 0.0, 0.0, 0.0, 0.0, 0.0, 0.0, 0.0, 0.0, 0.0, 0.0, 0.0, 0.0, 0.0, 0.0, 0.0, 0.0, 0.0, 0.0, 0.0, 0.0, 0.0, 0.0]
2022-12-17 17:30:27,338 Train INFO: mean test reward: 45.2707,0.0000,0.0000,0.0000
2022-12-17 17:30:27,338 Train INFO: test seed: 7************************************
2022-12-17 17:30:27,811 Train INFO: mean test reward1: [46.50555555555556, 45.66666666666664, 45.655555555555566, 41.45555555555557, 44.35555555555557, 50.22222222222223, 45.59444444444447, 48.22777777777779, 45.82222222222221, 44.13333333333335, 47.227777777777774, 46.58888888888888, 46.51111111111109, 43.466666666666676, 40.1888888888889, 45.622222222222206, 40.99444444444446, 42.888888888888886, 44.45555555555555, 44.361111111111136, 46.28888888888887, 49.43888888888889, 47.75555555555557, 36.57222222222224, 46.611111111111114, 45.92222222222222, 42.25000000000001, 44.872222222222234, 44.22222222222223, 46.144444444444446, 43.961111111111116, 40.36111111111113, 47.49444444444443, 45.97777777777777, 47.65000000000001, 44.977777777777774, 42.98333333333334, 46.766666666666666, 48.177777777777784, 41.200000000000024, 48.60000000000001, 45.34999999999999, 47.66111111111111, 44.249999999999986, 46.86111111111113, 47.17222222222223, 48.166666666666664, 45.03888888888889, 46.033333333333324, 44.827777777777776]
2022-12-17 17:30:27,811 Train INFO: mean test reward2: [0.0, 0.0, 0.0, 0.0, 0.0, 0.0, 0.0, 0.0, 0.0, 0.0, 0.0, 0.0, 0.0, 0.0, 0.0, 0.0, 0.0, 0.0, 0.0, 0.0, 0.0, 0.0, 0.0, 0.0, 0.0, 0.0, 0.0, 0.0, 0.0, 0.0, 0.0, 0.0, 0.0, 0.0, 0.0, 0.0, 0.0, 0.0, 0.0, 0.0, 0.0, 0.0, 0.0, 0.0, 0.0, 0.0, 0.0, 0.0, 0.0, 0.0]
2022-12-17 17:30:27,811 Train INFO: mean test reward3: [0.0, 0.0, 0.0, 0.0, 0.0, 0.0, 0.0, 0.0, 0.0, 0.0, 0.0, 0.0, 0.0, 0.0, 0.0, 0.0, 0.0, 0.0, 0.0, 0.0, 0.0, 0.0, 0.0, 0.0, 0.0, 0.0, 0.0, 0.0, 0.0, 0.0, 0.0, 0.0, 0.0, 0.0, 0.0, 0.0, 0.0, 0.0, 0.0, 0.0, 0.0, 0.0, 0.0, 0.0, 0.0, 0.0, 0.0, 0.0, 0.0, 0.0]
2022-12-17 17:30:27,811 Train INFO: mean test reward4: [0.0, 0.0, 0.0, 0.0, 0.0, 0.0, 0.0, 0.0, 0.0, 0.0, 0.0, 0.0, 0.0, 0.0, 0.0, 0.0, 0.0, 0.0, 0.0, 0.0, 0.0, 0.0, 0.0, 0.0, 0.0, 0.0, 0.0, 0.0, 0.0, 0.0, 0.0, 0.0, 0.0, 0.0, 0.0, 0.0, 0.0, 0.0, 0.0, 0.0, 0.0, 0.0, 0.0, 0.0, 0.0, 0.0, 0.0, 0.0, 0.0, 0.0]
2022-12-17 17:30:27,812 Train INFO: mean test reward: 45.2707,0.0000,0.0000,0.0000
2022-12-17 17:30:27,812 Train INFO: test seed: 8************************************
2022-12-17 17:30:28,201 Train INFO: mean test reward1: [46.50555555555556, 45.66666666666664, 45.655555555555566, 41.45555555555557, 44.35555555555557, 50.22222222222223, 45.59444444444447, 48.22777777777779, 45.82222222222221, 44.13333333333335, 47.227777777777774, 46.58888888888888, 46.51111111111109, 43.466666666666676, 40.1888888888889, 45.622222222222206, 40.99444444444446, 42.888888888888886, 44.45555555555555, 44.361111111111136, 46.28888888888887, 49.43888888888889, 47.75555555555557, 36.57222222222224, 46.611111111111114, 45.92222222222222, 42.25000000000001, 44.872222222222234, 44.22222222222223, 46.144444444444446, 43.961111111111116, 40.36111111111113, 47.49444444444443, 45.97777777777777, 47.65000000000001, 44.977777777777774, 42.98333333333334, 46.766666666666666, 48.177777777777784, 41.200000000000024, 48.60000000000001, 45.34999999999999, 47.66111111111111, 44.249999999999986, 46.86111111111113, 47.17222222222223, 48.166666666666664, 45.03888888888889, 46.033333333333324, 44.827777777777776]
2022-12-17 17:30:28,201 Train INFO: mean test reward2: [0.0, 0.0, 0.0, 0.0, 0.0, 0.0, 0.0, 0.0, 0.0, 0.0, 0.0, 0.0, 0.0, 0.0, 0.0, 0.0, 0.0, 0.0, 0.0, 0.0, 0.0, 0.0, 0.0, 0.0, 0.0, 0.0, 0.0, 0.0, 0.0, 0.0, 0.0, 0.0, 0.0, 0.0, 0.0, 0.0, 0.0, 0.0, 0.0, 0.0, 0.0, 0.0, 0.0, 0.0, 0.0, 0.0, 0.0, 0.0, 0.0, 0.0]
2022-12-17 17:30:28,201 Train INFO: mean test reward3: [0.0, 0.0, 0.0, 0.0, 0.0, 0.0, 0.0, 0.0, 0.0, 0.0, 0.0, 0.0, 0.0, 0.0, 0.0, 0.0, 0.0, 0.0, 0.0, 0.0, 0.0, 0.0, 0.0, 0.0, 0.0, 0.0, 0.0, 0.0, 0.0, 0.0, 0.0, 0.0, 0.0, 0.0, 0.0, 0.0, 0.0, 0.0, 0.0, 0.0, 0.0, 0.0, 0.0, 0.0, 0.0, 0.0, 0.0, 0.0, 0.0, 0.0]
2022-12-17 17:30:28,201 Train INFO: mean test reward4: [0.0, 0.0, 0.0, 0.0, 0.0, 0.0, 0.0, 0.0, 0.0, 0.0, 0.0, 0.0, 0.0, 0.0, 0.0, 0.0, 0.0, 0.0, 0.0, 0.0, 0.0, 0.0, 0.0, 0.0, 0.0, 0.0, 0.0, 0.0, 0.0, 0.0, 0.0, 0.0, 0.0, 0.0, 0.0, 0.0, 0.0, 0.0, 0.0, 0.0, 0.0, 0.0, 0.0, 0.0, 0.0, 0.0, 0.0, 0.0, 0.0, 0.0]
2022-12-17 17:30:28,201 Train INFO: mean test reward: 45.2707,0.0000,0.0000,0.0000
2022-12-17 17:30:28,202 Train INFO: test seed: 9************************************
2022-12-17 17:30:28,569 Train INFO: mean test reward1: [46.50555555555556, 45.66666666666664, 45.655555555555566, 41.45555555555557, 44.35555555555557, 50.22222222222223, 45.59444444444447, 48.22777777777779, 45.82222222222221, 44.13333333333335, 47.227777777777774, 46.58888888888888, 46.51111111111109, 43.466666666666676, 40.1888888888889, 45.622222222222206, 40.99444444444446, 42.888888888888886, 44.45555555555555, 44.361111111111136, 46.28888888888887, 49.43888888888889, 47.75555555555557, 36.57222222222224, 46.611111111111114, 45.92222222222222, 42.25000000000001, 44.872222222222234, 44.22222222222223, 46.144444444444446, 43.961111111111116, 40.36111111111113, 47.49444444444443, 45.97777777777777, 47.65000000000001, 44.977777777777774, 42.98333333333334, 46.766666666666666, 48.177777777777784, 41.200000000000024, 48.60000000000001, 45.34999999999999, 47.66111111111111, 44.249999999999986, 46.86111111111113, 47.17222222222223, 48.166666666666664, 45.03888888888889, 46.033333333333324, 44.827777777777776]
2022-12-17 17:30:28,569 Train INFO: mean test reward2: [0.0, 0.0, 0.0, 0.0, 0.0, 0.0, 0.0, 0.0, 0.0, 0.0, 0.0, 0.0, 0.0, 0.0, 0.0, 0.0, 0.0, 0.0, 0.0, 0.0, 0.0, 0.0, 0.0, 0.0, 0.0, 0.0, 0.0, 0.0, 0.0, 0.0, 0.0, 0.0, 0.0, 0.0, 0.0, 0.0, 0.0, 0.0, 0.0, 0.0, 0.0, 0.0, 0.0, 0.0, 0.0, 0.0, 0.0, 0.0, 0.0, 0.0]
2022-12-17 17:30:28,570 Train INFO: mean test reward3: [0.0, 0.0, 0.0, 0.0, 0.0, 0.0, 0.0, 0.0, 0.0, 0.0, 0.0, 0.0, 0.0, 0.0, 0.0, 0.0, 0.0, 0.0, 0.0, 0.0, 0.0, 0.0, 0.0, 0.0, 0.0, 0.0, 0.0, 0.0, 0.0, 0.0, 0.0, 0.0, 0.0, 0.0, 0.0, 0.0, 0.0, 0.0, 0.0, 0.0, 0.0, 0.0, 0.0, 0.0, 0.0, 0.0, 0.0, 0.0, 0.0, 0.0]
2022-12-17 17:30:28,570 Train INFO: mean test reward4: [0.0, 0.0, 0.0, 0.0, 0.0, 0.0, 0.0, 0.0, 0.0, 0.0, 0.0, 0.0, 0.0, 0.0, 0.0, 0.0, 0.0, 0.0, 0.0, 0.0, 0.0, 0.0, 0.0, 0.0, 0.0, 0.0, 0.0, 0.0, 0.0, 0.0, 0.0, 0.0, 0.0, 0.0, 0.0, 0.0, 0.0, 0.0, 0.0, 0.0, 0.0, 0.0, 0.0, 0.0, 0.0, 0.0, 0.0, 0.0, 0.0, 0.0]
2022-12-17 17:30:28,570 Train INFO: mean test reward: 45.2707,0.0000,0.0000,0.0000
2022-12-17 17:30:28,570 Train INFO: test seed: 10************************************
2022-12-17 17:30:28,921 Train INFO: mean test reward1: [46.50555555555556, 45.66666666666664, 45.655555555555566, 41.45555555555557, 44.35555555555557, 50.22222222222223, 45.59444444444447, 48.22777777777779, 45.82222222222221, 44.13333333333335, 47.227777777777774, 46.58888888888888, 46.51111111111109, 43.466666666666676, 40.1888888888889, 45.622222222222206, 40.99444444444446, 42.888888888888886, 44.45555555555555, 44.361111111111136, 46.28888888888887, 49.43888888888889, 47.75555555555557, 36.57222222222224, 46.611111111111114, 45.92222222222222, 42.25000000000001, 44.872222222222234, 44.22222222222223, 46.144444444444446, 43.961111111111116, 40.36111111111113, 47.49444444444443, 45.97777777777777, 47.65000000000001, 44.977777777777774, 42.98333333333334, 46.766666666666666, 48.177777777777784, 41.200000000000024, 48.60000000000001, 45.34999999999999, 47.66111111111111, 44.249999999999986, 46.86111111111113, 47.17222222222223, 48.166666666666664, 45.03888888888889, 46.033333333333324, 44.827777777777776]
2022-12-17 17:30:28,921 Train INFO: mean test reward2: [0.0, 0.0, 0.0, 0.0, 0.0, 0.0, 0.0, 0.0, 0.0, 0.0, 0.0, 0.0, 0.0, 0.0, 0.0, 0.0, 0.0, 0.0, 0.0, 0.0, 0.0, 0.0, 0.0, 0.0, 0.0, 0.0, 0.0, 0.0, 0.0, 0.0, 0.0, 0.0, 0.0, 0.0, 0.0, 0.0, 0.0, 0.0, 0.0, 0.0, 0.0, 0.0, 0.0, 0.0, 0.0, 0.0, 0.0, 0.0, 0.0, 0.0]
2022-12-17 17:30:28,921 Train INFO: mean test reward3: [0.0, 0.0, 0.0, 0.0, 0.0, 0.0, 0.0, 0.0, 0.0, 0.0, 0.0, 0.0, 0.0, 0.0, 0.0, 0.0, 0.0, 0.0, 0.0, 0.0, 0.0, 0.0, 0.0, 0.0, 0.0, 0.0, 0.0, 0.0, 0.0, 0.0, 0.0, 0.0, 0.0, 0.0, 0.0, 0.0, 0.0, 0.0, 0.0, 0.0, 0.0, 0.0, 0.0, 0.0, 0.0, 0.0, 0.0, 0.0, 0.0, 0.0]
2022-12-17 17:30:28,921 Train INFO: mean test reward4: [0.0, 0.0, 0.0, 0.0, 0.0, 0.0, 0.0, 0.0, 0.0, 0.0, 0.0, 0.0, 0.0, 0.0, 0.0, 0.0, 0.0, 0.0, 0.0, 0.0, 0.0, 0.0, 0.0, 0.0, 0.0, 0.0, 0.0, 0.0, 0.0, 0.0, 0.0, 0.0, 0.0, 0.0, 0.0, 0.0, 0.0, 0.0, 0.0, 0.0, 0.0, 0.0, 0.0, 0.0, 0.0, 0.0, 0.0, 0.0, 0.0, 0.0]
2022-12-17 17:30:28,921 Train INFO: mean test reward: 45.2707,0.0000,0.0000,0.0000
2022-12-17 17:30:28,922 Train INFO: test seed: 11************************************
2022-12-17 17:30:29,312 Train INFO: mean test reward1: [46.50555555555556, 45.66666666666664, 45.655555555555566, 41.45555555555557, 44.35555555555557, 50.22222222222223, 45.59444444444447, 48.22777777777779, 45.82222222222221, 44.13333333333335, 47.227777777777774, 46.58888888888888, 46.51111111111109, 43.466666666666676, 40.1888888888889, 45.622222222222206, 40.99444444444446, 42.888888888888886, 44.45555555555555, 44.361111111111136, 46.28888888888887, 49.43888888888889, 47.75555555555557, 36.57222222222224, 46.611111111111114, 45.92222222222222, 42.25000000000001, 44.872222222222234, 44.22222222222223, 46.144444444444446, 43.961111111111116, 40.36111111111113, 47.49444444444443, 45.97777777777777, 47.65000000000001, 44.977777777777774, 42.98333333333334, 46.766666666666666, 48.177777777777784, 41.200000000000024, 48.60000000000001, 45.34999999999999, 47.66111111111111, 44.249999999999986, 46.86111111111113, 47.17222222222223, 48.166666666666664, 45.03888888888889, 46.033333333333324, 44.827777777777776]
2022-12-17 17:30:29,312 Train INFO: mean test reward2: [0.0, 0.0, 0.0, 0.0, 0.0, 0.0, 0.0, 0.0, 0.0, 0.0, 0.0, 0.0, 0.0, 0.0, 0.0, 0.0, 0.0, 0.0, 0.0, 0.0, 0.0, 0.0, 0.0, 0.0, 0.0, 0.0, 0.0, 0.0, 0.0, 0.0, 0.0, 0.0, 0.0, 0.0, 0.0, 0.0, 0.0, 0.0, 0.0, 0.0, 0.0, 0.0, 0.0, 0.0, 0.0, 0.0, 0.0, 0.0, 0.0, 0.0]
2022-12-17 17:30:29,312 Train INFO: mean test reward3: [0.0, 0.0, 0.0, 0.0, 0.0, 0.0, 0.0, 0.0, 0.0, 0.0, 0.0, 0.0, 0.0, 0.0, 0.0, 0.0, 0.0, 0.0, 0.0, 0.0, 0.0, 0.0, 0.0, 0.0, 0.0, 0.0, 0.0, 0.0, 0.0, 0.0, 0.0, 0.0, 0.0, 0.0, 0.0, 0.0, 0.0, 0.0, 0.0, 0.0, 0.0, 0.0, 0.0, 0.0, 0.0, 0.0, 0.0, 0.0, 0.0, 0.0]
2022-12-17 17:30:29,312 Train INFO: mean test reward4: [0.0, 0.0, 0.0, 0.0, 0.0, 0.0, 0.0, 0.0, 0.0, 0.0, 0.0, 0.0, 0.0, 0.0, 0.0, 0.0, 0.0, 0.0, 0.0, 0.0, 0.0, 0.0, 0.0, 0.0, 0.0, 0.0, 0.0, 0.0, 0.0, 0.0, 0.0, 0.0, 0.0, 0.0, 0.0, 0.0, 0.0, 0.0, 0.0, 0.0, 0.0, 0.0, 0.0, 0.0, 0.0, 0.0, 0.0, 0.0, 0.0, 0.0]
2022-12-17 17:30:29,312 Train INFO: mean test reward: 45.2707,0.0000,0.0000,0.0000
2022-12-17 17:30:29,312 Train INFO: test seed: 12************************************
2022-12-17 17:30:29,711 Train INFO: mean test reward1: [46.50555555555556, 45.66666666666664, 45.655555555555566, 41.45555555555557, 44.35555555555557, 50.22222222222223, 45.59444444444447, 48.22777777777779, 45.82222222222221, 44.13333333333335, 47.227777777777774, 46.58888888888888, 46.51111111111109, 43.466666666666676, 40.1888888888889, 45.622222222222206, 40.99444444444446, 42.888888888888886, 44.45555555555555, 44.361111111111136, 46.28888888888887, 49.43888888888889, 47.75555555555557, 36.57222222222224, 46.611111111111114, 45.92222222222222, 42.25000000000001, 44.872222222222234, 44.22222222222223, 46.144444444444446, 43.961111111111116, 40.36111111111113, 47.49444444444443, 45.97777777777777, 47.65000000000001, 44.977777777777774, 42.98333333333334, 46.766666666666666, 48.177777777777784, 41.200000000000024, 48.60000000000001, 45.34999999999999, 47.66111111111111, 44.249999999999986, 46.86111111111113, 47.17222222222223, 48.166666666666664, 45.03888888888889, 46.033333333333324, 44.827777777777776]
2022-12-17 17:30:29,712 Train INFO: mean test reward2: [0.0, 0.0, 0.0, 0.0, 0.0, 0.0, 0.0, 0.0, 0.0, 0.0, 0.0, 0.0, 0.0, 0.0, 0.0, 0.0, 0.0, 0.0, 0.0, 0.0, 0.0, 0.0, 0.0, 0.0, 0.0, 0.0, 0.0, 0.0, 0.0, 0.0, 0.0, 0.0, 0.0, 0.0, 0.0, 0.0, 0.0, 0.0, 0.0, 0.0, 0.0, 0.0, 0.0, 0.0, 0.0, 0.0, 0.0, 0.0, 0.0, 0.0]
2022-12-17 17:30:29,712 Train INFO: mean test reward3: [0.0, 0.0, 0.0, 0.0, 0.0, 0.0, 0.0, 0.0, 0.0, 0.0, 0.0, 0.0, 0.0, 0.0, 0.0, 0.0, 0.0, 0.0, 0.0, 0.0, 0.0, 0.0, 0.0, 0.0, 0.0, 0.0, 0.0, 0.0, 0.0, 0.0, 0.0, 0.0, 0.0, 0.0, 0.0, 0.0, 0.0, 0.0, 0.0, 0.0, 0.0, 0.0, 0.0, 0.0, 0.0, 0.0, 0.0, 0.0, 0.0, 0.0]
2022-12-17 17:30:29,712 Train INFO: mean test reward4: [0.0, 0.0, 0.0, 0.0, 0.0, 0.0, 0.0, 0.0, 0.0, 0.0, 0.0, 0.0, 0.0, 0.0, 0.0, 0.0, 0.0, 0.0, 0.0, 0.0, 0.0, 0.0, 0.0, 0.0, 0.0, 0.0, 0.0, 0.0, 0.0, 0.0, 0.0, 0.0, 0.0, 0.0, 0.0, 0.0, 0.0, 0.0, 0.0, 0.0, 0.0, 0.0, 0.0, 0.0, 0.0, 0.0, 0.0, 0.0, 0.0, 0.0]
2022-12-17 17:30:29,712 Train INFO: mean test reward: 45.2707,0.0000,0.0000,0.0000
2022-12-17 17:30:29,712 Train INFO: test seed: 13************************************
2022-12-17 17:30:30,116 Train INFO: mean test reward1: [46.50555555555556, 45.66666666666664, 45.655555555555566, 41.45555555555557, 44.35555555555557, 50.22222222222223, 45.59444444444447, 48.22777777777779, 45.82222222222221, 44.13333333333335, 47.227777777777774, 46.58888888888888, 46.51111111111109, 43.466666666666676, 40.1888888888889, 45.622222222222206, 40.99444444444446, 42.888888888888886, 44.45555555555555, 44.361111111111136, 46.28888888888887, 49.43888888888889, 47.75555555555557, 36.57222222222224, 46.611111111111114, 45.92222222222222, 42.25000000000001, 44.872222222222234, 44.22222222222223, 46.144444444444446, 43.961111111111116, 40.36111111111113, 47.49444444444443, 45.97777777777777, 47.65000000000001, 44.977777777777774, 42.98333333333334, 46.766666666666666, 48.177777777777784, 41.200000000000024, 48.60000000000001, 45.34999999999999, 47.66111111111111, 44.249999999999986, 46.86111111111113, 47.17222222222223, 48.166666666666664, 45.03888888888889, 46.033333333333324, 44.827777777777776]
2022-12-17 17:30:30,116 Train INFO: mean test reward2: [0.0, 0.0, 0.0, 0.0, 0.0, 0.0, 0.0, 0.0, 0.0, 0.0, 0.0, 0.0, 0.0, 0.0, 0.0, 0.0, 0.0, 0.0, 0.0, 0.0, 0.0, 0.0, 0.0, 0.0, 0.0, 0.0, 0.0, 0.0, 0.0, 0.0, 0.0, 0.0, 0.0, 0.0, 0.0, 0.0, 0.0, 0.0, 0.0, 0.0, 0.0, 0.0, 0.0, 0.0, 0.0, 0.0, 0.0, 0.0, 0.0, 0.0]
2022-12-17 17:30:30,116 Train INFO: mean test reward3: [0.0, 0.0, 0.0, 0.0, 0.0, 0.0, 0.0, 0.0, 0.0, 0.0, 0.0, 0.0, 0.0, 0.0, 0.0, 0.0, 0.0, 0.0, 0.0, 0.0, 0.0, 0.0, 0.0, 0.0, 0.0, 0.0, 0.0, 0.0, 0.0, 0.0, 0.0, 0.0, 0.0, 0.0, 0.0, 0.0, 0.0, 0.0, 0.0, 0.0, 0.0, 0.0, 0.0, 0.0, 0.0, 0.0, 0.0, 0.0, 0.0, 0.0]
2022-12-17 17:30:30,116 Train INFO: mean test reward4: [0.0, 0.0, 0.0, 0.0, 0.0, 0.0, 0.0, 0.0, 0.0, 0.0, 0.0, 0.0, 0.0, 0.0, 0.0, 0.0, 0.0, 0.0, 0.0, 0.0, 0.0, 0.0, 0.0, 0.0, 0.0, 0.0, 0.0, 0.0, 0.0, 0.0, 0.0, 0.0, 0.0, 0.0, 0.0, 0.0, 0.0, 0.0, 0.0, 0.0, 0.0, 0.0, 0.0, 0.0, 0.0, 0.0, 0.0, 0.0, 0.0, 0.0]
2022-12-17 17:30:30,116 Train INFO: mean test reward: 45.2707,0.0000,0.0000,0.0000
2022-12-17 17:30:30,116 Train INFO: test seed: 14************************************
2022-12-17 17:30:30,475 Train INFO: mean test reward1: [46.50555555555556, 45.66666666666664, 45.655555555555566, 41.45555555555557, 44.35555555555557, 50.22222222222223, 45.59444444444447, 48.22777777777779, 45.82222222222221, 44.13333333333335, 47.227777777777774, 46.58888888888888, 46.51111111111109, 43.466666666666676, 40.1888888888889, 45.622222222222206, 40.99444444444446, 42.888888888888886, 44.45555555555555, 44.361111111111136, 46.28888888888887, 49.43888888888889, 47.75555555555557, 36.57222222222224, 46.611111111111114, 45.92222222222222, 42.25000000000001, 44.872222222222234, 44.22222222222223, 46.144444444444446, 43.961111111111116, 40.36111111111113, 47.49444444444443, 45.97777777777777, 47.65000000000001, 44.977777777777774, 42.98333333333334, 46.766666666666666, 48.177777777777784, 41.200000000000024, 48.60000000000001, 45.34999999999999, 47.66111111111111, 44.249999999999986, 46.86111111111113, 47.17222222222223, 48.166666666666664, 45.03888888888889, 46.033333333333324, 44.827777777777776]
2022-12-17 17:30:30,475 Train INFO: mean test reward2: [0.0, 0.0, 0.0, 0.0, 0.0, 0.0, 0.0, 0.0, 0.0, 0.0, 0.0, 0.0, 0.0, 0.0, 0.0, 0.0, 0.0, 0.0, 0.0, 0.0, 0.0, 0.0, 0.0, 0.0, 0.0, 0.0, 0.0, 0.0, 0.0, 0.0, 0.0, 0.0, 0.0, 0.0, 0.0, 0.0, 0.0, 0.0, 0.0, 0.0, 0.0, 0.0, 0.0, 0.0, 0.0, 0.0, 0.0, 0.0, 0.0, 0.0]
2022-12-17 17:30:30,475 Train INFO: mean test reward3: [0.0, 0.0, 0.0, 0.0, 0.0, 0.0, 0.0, 0.0, 0.0, 0.0, 0.0, 0.0, 0.0, 0.0, 0.0, 0.0, 0.0, 0.0, 0.0, 0.0, 0.0, 0.0, 0.0, 0.0, 0.0, 0.0, 0.0, 0.0, 0.0, 0.0, 0.0, 0.0, 0.0, 0.0, 0.0, 0.0, 0.0, 0.0, 0.0, 0.0, 0.0, 0.0, 0.0, 0.0, 0.0, 0.0, 0.0, 0.0, 0.0, 0.0]
2022-12-17 17:30:30,475 Train INFO: mean test reward4: [0.0, 0.0, 0.0, 0.0, 0.0, 0.0, 0.0, 0.0, 0.0, 0.0, 0.0, 0.0, 0.0, 0.0, 0.0, 0.0, 0.0, 0.0, 0.0, 0.0, 0.0, 0.0, 0.0, 0.0, 0.0, 0.0, 0.0, 0.0, 0.0, 0.0, 0.0, 0.0, 0.0, 0.0, 0.0, 0.0, 0.0, 0.0, 0.0, 0.0, 0.0, 0.0, 0.0, 0.0, 0.0, 0.0, 0.0, 0.0, 0.0, 0.0]
2022-12-17 17:30:30,475 Train INFO: mean test reward: 45.2707,0.0000,0.0000,0.0000
2022-12-17 17:30:30,476 Train INFO: test seed: 15************************************
2022-12-17 17:30:30,851 Train INFO: mean test reward1: [46.50555555555556, 45.66666666666664, 45.655555555555566, 41.45555555555557, 44.35555555555557, 50.22222222222223, 45.59444444444447, 48.22777777777779, 45.82222222222221, 44.13333333333335, 47.227777777777774, 46.58888888888888, 46.51111111111109, 43.466666666666676, 40.1888888888889, 45.622222222222206, 40.99444444444446, 42.888888888888886, 44.45555555555555, 44.361111111111136, 46.28888888888887, 49.43888888888889, 47.75555555555557, 36.57222222222224, 46.611111111111114, 45.92222222222222, 42.25000000000001, 44.872222222222234, 44.22222222222223, 46.144444444444446, 43.961111111111116, 40.36111111111113, 47.49444444444443, 45.97777777777777, 47.65000000000001, 44.977777777777774, 42.98333333333334, 46.766666666666666, 48.177777777777784, 41.200000000000024, 48.60000000000001, 45.34999999999999, 47.66111111111111, 44.249999999999986, 46.86111111111113, 47.17222222222223, 48.166666666666664, 45.03888888888889, 46.033333333333324, 44.827777777777776]
2022-12-17 17:30:30,851 Train INFO: mean test reward2: [0.0, 0.0, 0.0, 0.0, 0.0, 0.0, 0.0, 0.0, 0.0, 0.0, 0.0, 0.0, 0.0, 0.0, 0.0, 0.0, 0.0, 0.0, 0.0, 0.0, 0.0, 0.0, 0.0, 0.0, 0.0, 0.0, 0.0, 0.0, 0.0, 0.0, 0.0, 0.0, 0.0, 0.0, 0.0, 0.0, 0.0, 0.0, 0.0, 0.0, 0.0, 0.0, 0.0, 0.0, 0.0, 0.0, 0.0, 0.0, 0.0, 0.0]
2022-12-17 17:30:30,851 Train INFO: mean test reward3: [0.0, 0.0, 0.0, 0.0, 0.0, 0.0, 0.0, 0.0, 0.0, 0.0, 0.0, 0.0, 0.0, 0.0, 0.0, 0.0, 0.0, 0.0, 0.0, 0.0, 0.0, 0.0, 0.0, 0.0, 0.0, 0.0, 0.0, 0.0, 0.0, 0.0, 0.0, 0.0, 0.0, 0.0, 0.0, 0.0, 0.0, 0.0, 0.0, 0.0, 0.0, 0.0, 0.0, 0.0, 0.0, 0.0, 0.0, 0.0, 0.0, 0.0]
2022-12-17 17:30:30,851 Train INFO: mean test reward4: [0.0, 0.0, 0.0, 0.0, 0.0, 0.0, 0.0, 0.0, 0.0, 0.0, 0.0, 0.0, 0.0, 0.0, 0.0, 0.0, 0.0, 0.0, 0.0, 0.0, 0.0, 0.0, 0.0, 0.0, 0.0, 0.0, 0.0, 0.0, 0.0, 0.0, 0.0, 0.0, 0.0, 0.0, 0.0, 0.0, 0.0, 0.0, 0.0, 0.0, 0.0, 0.0, 0.0, 0.0, 0.0, 0.0, 0.0, 0.0, 0.0, 0.0]
2022-12-17 17:30:30,852 Train INFO: mean test reward: 45.2707,0.0000,0.0000,0.0000
2022-12-17 17:30:30,852 Train INFO: test seed: 16************************************
2022-12-17 17:30:31,227 Train INFO: mean test reward1: [46.50555555555556, 45.66666666666664, 45.655555555555566, 41.45555555555557, 44.35555555555557, 50.22222222222223, 45.59444444444447, 48.22777777777779, 45.82222222222221, 44.13333333333335, 47.227777777777774, 46.58888888888888, 46.51111111111109, 43.466666666666676, 40.1888888888889, 45.622222222222206, 40.99444444444446, 42.888888888888886, 44.45555555555555, 44.361111111111136, 46.28888888888887, 49.43888888888889, 47.75555555555557, 36.57222222222224, 46.611111111111114, 45.92222222222222, 42.25000000000001, 44.872222222222234, 44.22222222222223, 46.144444444444446, 43.961111111111116, 40.36111111111113, 47.49444444444443, 45.97777777777777, 47.65000000000001, 44.977777777777774, 42.98333333333334, 46.766666666666666, 48.177777777777784, 41.200000000000024, 48.60000000000001, 45.34999999999999, 47.66111111111111, 44.249999999999986, 46.86111111111113, 47.17222222222223, 48.166666666666664, 45.03888888888889, 46.033333333333324, 44.827777777777776]
2022-12-17 17:30:31,227 Train INFO: mean test reward2: [0.0, 0.0, 0.0, 0.0, 0.0, 0.0, 0.0, 0.0, 0.0, 0.0, 0.0, 0.0, 0.0, 0.0, 0.0, 0.0, 0.0, 0.0, 0.0, 0.0, 0.0, 0.0, 0.0, 0.0, 0.0, 0.0, 0.0, 0.0, 0.0, 0.0, 0.0, 0.0, 0.0, 0.0, 0.0, 0.0, 0.0, 0.0, 0.0, 0.0, 0.0, 0.0, 0.0, 0.0, 0.0, 0.0, 0.0, 0.0, 0.0, 0.0]
2022-12-17 17:30:31,227 Train INFO: mean test reward3: [0.0, 0.0, 0.0, 0.0, 0.0, 0.0, 0.0, 0.0, 0.0, 0.0, 0.0, 0.0, 0.0, 0.0, 0.0, 0.0, 0.0, 0.0, 0.0, 0.0, 0.0, 0.0, 0.0, 0.0, 0.0, 0.0, 0.0, 0.0, 0.0, 0.0, 0.0, 0.0, 0.0, 0.0, 0.0, 0.0, 0.0, 0.0, 0.0, 0.0, 0.0, 0.0, 0.0, 0.0, 0.0, 0.0, 0.0, 0.0, 0.0, 0.0]
2022-12-17 17:30:31,227 Train INFO: mean test reward4: [0.0, 0.0, 0.0, 0.0, 0.0, 0.0, 0.0, 0.0, 0.0, 0.0, 0.0, 0.0, 0.0, 0.0, 0.0, 0.0, 0.0, 0.0, 0.0, 0.0, 0.0, 0.0, 0.0, 0.0, 0.0, 0.0, 0.0, 0.0, 0.0, 0.0, 0.0, 0.0, 0.0, 0.0, 0.0, 0.0, 0.0, 0.0, 0.0, 0.0, 0.0, 0.0, 0.0, 0.0, 0.0, 0.0, 0.0, 0.0, 0.0, 0.0]
2022-12-17 17:30:31,227 Train INFO: mean test reward: 45.2707,0.0000,0.0000,0.0000
2022-12-17 17:30:31,227 Train INFO: test seed: 17************************************
2022-12-17 17:30:31,628 Train INFO: mean test reward1: [46.50555555555556, 45.66666666666664, 45.655555555555566, 41.45555555555557, 44.35555555555557, 50.22222222222223, 45.59444444444447, 48.22777777777779, 45.82222222222221, 44.13333333333335, 47.227777777777774, 46.58888888888888, 46.51111111111109, 43.466666666666676, 40.1888888888889, 45.622222222222206, 40.99444444444446, 42.888888888888886, 44.45555555555555, 44.361111111111136, 46.28888888888887, 49.43888888888889, 47.75555555555557, 36.57222222222224, 46.611111111111114, 45.92222222222222, 42.25000000000001, 44.872222222222234, 44.22222222222223, 46.144444444444446, 43.961111111111116, 40.36111111111113, 47.49444444444443, 45.97777777777777, 47.65000000000001, 44.977777777777774, 42.98333333333334, 46.766666666666666, 48.177777777777784, 41.200000000000024, 48.60000000000001, 45.34999999999999, 47.66111111111111, 44.249999999999986, 46.86111111111113, 47.17222222222223, 48.166666666666664, 45.03888888888889, 46.033333333333324, 44.827777777777776]
2022-12-17 17:30:31,629 Train INFO: mean test reward2: [0.0, 0.0, 0.0, 0.0, 0.0, 0.0, 0.0, 0.0, 0.0, 0.0, 0.0, 0.0, 0.0, 0.0, 0.0, 0.0, 0.0, 0.0, 0.0, 0.0, 0.0, 0.0, 0.0, 0.0, 0.0, 0.0, 0.0, 0.0, 0.0, 0.0, 0.0, 0.0, 0.0, 0.0, 0.0, 0.0, 0.0, 0.0, 0.0, 0.0, 0.0, 0.0, 0.0, 0.0, 0.0, 0.0, 0.0, 0.0, 0.0, 0.0]
2022-12-17 17:30:31,629 Train INFO: mean test reward3: [0.0, 0.0, 0.0, 0.0, 0.0, 0.0, 0.0, 0.0, 0.0, 0.0, 0.0, 0.0, 0.0, 0.0, 0.0, 0.0, 0.0, 0.0, 0.0, 0.0, 0.0, 0.0, 0.0, 0.0, 0.0, 0.0, 0.0, 0.0, 0.0, 0.0, 0.0, 0.0, 0.0, 0.0, 0.0, 0.0, 0.0, 0.0, 0.0, 0.0, 0.0, 0.0, 0.0, 0.0, 0.0, 0.0, 0.0, 0.0, 0.0, 0.0]
2022-12-17 17:30:31,629 Train INFO: mean test reward4: [0.0, 0.0, 0.0, 0.0, 0.0, 0.0, 0.0, 0.0, 0.0, 0.0, 0.0, 0.0, 0.0, 0.0, 0.0, 0.0, 0.0, 0.0, 0.0, 0.0, 0.0, 0.0, 0.0, 0.0, 0.0, 0.0, 0.0, 0.0, 0.0, 0.0, 0.0, 0.0, 0.0, 0.0, 0.0, 0.0, 0.0, 0.0, 0.0, 0.0, 0.0, 0.0, 0.0, 0.0, 0.0, 0.0, 0.0, 0.0, 0.0, 0.0]
2022-12-17 17:30:31,629 Train INFO: mean test reward: 45.2707,0.0000,0.0000,0.0000
2022-12-17 17:30:31,629 Train INFO: test seed: 18************************************
2022-12-17 17:30:32,031 Train INFO: mean test reward1: [46.50555555555556, 45.66666666666664, 45.655555555555566, 41.45555555555557, 44.35555555555557, 50.22222222222223, 45.59444444444447, 48.22777777777779, 45.82222222222221, 44.13333333333335, 47.227777777777774, 46.58888888888888, 46.51111111111109, 43.466666666666676, 40.1888888888889, 45.622222222222206, 40.99444444444446, 42.888888888888886, 44.45555555555555, 44.361111111111136, 46.28888888888887, 49.43888888888889, 47.75555555555557, 36.57222222222224, 46.611111111111114, 45.92222222222222, 42.25000000000001, 44.872222222222234, 44.22222222222223, 46.144444444444446, 43.961111111111116, 40.36111111111113, 47.49444444444443, 45.97777777777777, 47.65000000000001, 44.977777777777774, 42.98333333333334, 46.766666666666666, 48.177777777777784, 41.200000000000024, 48.60000000000001, 45.34999999999999, 47.66111111111111, 44.249999999999986, 46.86111111111113, 47.17222222222223, 48.166666666666664, 45.03888888888889, 46.033333333333324, 44.827777777777776]
2022-12-17 17:30:32,031 Train INFO: mean test reward2: [0.0, 0.0, 0.0, 0.0, 0.0, 0.0, 0.0, 0.0, 0.0, 0.0, 0.0, 0.0, 0.0, 0.0, 0.0, 0.0, 0.0, 0.0, 0.0, 0.0, 0.0, 0.0, 0.0, 0.0, 0.0, 0.0, 0.0, 0.0, 0.0, 0.0, 0.0, 0.0, 0.0, 0.0, 0.0, 0.0, 0.0, 0.0, 0.0, 0.0, 0.0, 0.0, 0.0, 0.0, 0.0, 0.0, 0.0, 0.0, 0.0, 0.0]
2022-12-17 17:30:32,031 Train INFO: mean test reward3: [0.0, 0.0, 0.0, 0.0, 0.0, 0.0, 0.0, 0.0, 0.0, 0.0, 0.0, 0.0, 0.0, 0.0, 0.0, 0.0, 0.0, 0.0, 0.0, 0.0, 0.0, 0.0, 0.0, 0.0, 0.0, 0.0, 0.0, 0.0, 0.0, 0.0, 0.0, 0.0, 0.0, 0.0, 0.0, 0.0, 0.0, 0.0, 0.0, 0.0, 0.0, 0.0, 0.0, 0.0, 0.0, 0.0, 0.0, 0.0, 0.0, 0.0]
2022-12-17 17:30:32,031 Train INFO: mean test reward4: [0.0, 0.0, 0.0, 0.0, 0.0, 0.0, 0.0, 0.0, 0.0, 0.0, 0.0, 0.0, 0.0, 0.0, 0.0, 0.0, 0.0, 0.0, 0.0, 0.0, 0.0, 0.0, 0.0, 0.0, 0.0, 0.0, 0.0, 0.0, 0.0, 0.0, 0.0, 0.0, 0.0, 0.0, 0.0, 0.0, 0.0, 0.0, 0.0, 0.0, 0.0, 0.0, 0.0, 0.0, 0.0, 0.0, 0.0, 0.0, 0.0, 0.0]
2022-12-17 17:30:32,031 Train INFO: mean test reward: 45.2707,0.0000,0.0000,0.0000
2022-12-17 17:30:32,031 Train INFO: test seed: 19************************************
2022-12-17 17:30:32,420 Train INFO: mean test reward1: [46.50555555555556, 45.66666666666664, 45.655555555555566, 41.45555555555557, 44.35555555555557, 50.22222222222223, 45.59444444444447, 48.22777777777779, 45.82222222222221, 44.13333333333335, 47.227777777777774, 46.58888888888888, 46.51111111111109, 43.466666666666676, 40.1888888888889, 45.622222222222206, 40.99444444444446, 42.888888888888886, 44.45555555555555, 44.361111111111136, 46.28888888888887, 49.43888888888889, 47.75555555555557, 36.57222222222224, 46.611111111111114, 45.92222222222222, 42.25000000000001, 44.872222222222234, 44.22222222222223, 46.144444444444446, 43.961111111111116, 40.36111111111113, 47.49444444444443, 45.97777777777777, 47.65000000000001, 44.977777777777774, 42.98333333333334, 46.766666666666666, 48.177777777777784, 41.200000000000024, 48.60000000000001, 45.34999999999999, 47.66111111111111, 44.249999999999986, 46.86111111111113, 47.17222222222223, 48.166666666666664, 45.03888888888889, 46.033333333333324, 44.827777777777776]
2022-12-17 17:30:32,420 Train INFO: mean test reward2: [0.0, 0.0, 0.0, 0.0, 0.0, 0.0, 0.0, 0.0, 0.0, 0.0, 0.0, 0.0, 0.0, 0.0, 0.0, 0.0, 0.0, 0.0, 0.0, 0.0, 0.0, 0.0, 0.0, 0.0, 0.0, 0.0, 0.0, 0.0, 0.0, 0.0, 0.0, 0.0, 0.0, 0.0, 0.0, 0.0, 0.0, 0.0, 0.0, 0.0, 0.0, 0.0, 0.0, 0.0, 0.0, 0.0, 0.0, 0.0, 0.0, 0.0]
2022-12-17 17:30:32,420 Train INFO: mean test reward3: [0.0, 0.0, 0.0, 0.0, 0.0, 0.0, 0.0, 0.0, 0.0, 0.0, 0.0, 0.0, 0.0, 0.0, 0.0, 0.0, 0.0, 0.0, 0.0, 0.0, 0.0, 0.0, 0.0, 0.0, 0.0, 0.0, 0.0, 0.0, 0.0, 0.0, 0.0, 0.0, 0.0, 0.0, 0.0, 0.0, 0.0, 0.0, 0.0, 0.0, 0.0, 0.0, 0.0, 0.0, 0.0, 0.0, 0.0, 0.0, 0.0, 0.0]
2022-12-17 17:30:32,420 Train INFO: mean test reward4: [0.0, 0.0, 0.0, 0.0, 0.0, 0.0, 0.0, 0.0, 0.0, 0.0, 0.0, 0.0, 0.0, 0.0, 0.0, 0.0, 0.0, 0.0, 0.0, 0.0, 0.0, 0.0, 0.0, 0.0, 0.0, 0.0, 0.0, 0.0, 0.0, 0.0, 0.0, 0.0, 0.0, 0.0, 0.0, 0.0, 0.0, 0.0, 0.0, 0.0, 0.0, 0.0, 0.0, 0.0, 0.0, 0.0, 0.0, 0.0, 0.0, 0.0]
2022-12-17 17:30:32,420 Train INFO: mean test reward: 45.2707,0.0000,0.0000,0.0000
