2022-12-17 18:42:07,197 Train INFO: Namespace(logger=<Logger Train (INFO)>, name='A2C2022-12-17-18-42-07', gpu='0', device=device(type='cuda', index=0), gamma=1, epoch_num=3000, test_episode=50, val_episode=50, test_size=0.1, val_size=0.5, batch_size=50, train_batch_size=50, num_steps=10, h=1, w=[120, 50], nn_out=40, share_lr=0.001, actor_lr=0.001, critic_lr=0.01, step=10, lr_min=1e-05, e_rate=0.001, a_rate=1, c_rate=1, lr_decay_lambda=0.99, duse_T=True, est_T=False, use_pref=False, same_price=False, use_price=True, only_test=True, change_T=True, num='0', print_grad=False, max_norm=10, seed_range=20, net_seed=0, seed=0, info=True, selling_length=180, cardinality=4, ini_inv=10, num_products=10, number_samples=10000, num_cus_types=4, seg_prob=None, cus_type=None, rank_list=None, detail=False)
2022-12-17 18:42:07,197 Train INFO: log/A2C2022-12-17-18-42-07
2022-12-17 18:42:07,199 Train INFO: products price: [2000.         1788.88888889 1577.77777778 1366.66666667 1155.55555556
  944.44444444  733.33333333  522.22222222  311.11111111  100.        ]
2022-12-17 18:42:07,200 Train INFO: Load Factor 1.8
2022-12-17 18:42:07,200 Train INFO: test seed: 0************************************
2022-12-17 18:42:11,362 Train INFO: mean test reward1: [45.77222222222223, 45.294444444444466, 49.27777777777782, 48.96666666666667, 49.011111111111106, 46.49444444444447, 41.983333333333356, 50.4722222222222, 46.083333333333364, 39.300000000000004, 47.238888888888916, 45.88333333333336, 45.61111111111113, 48.38888888888891, 51.21111111111111, 44.62222222222224, 47.10000000000001, 50.57777777777777, 45.87222222222222, 51.04444444444446, 45.08888888888892, 48.10000000000005, 49.96666666666669, 47.972222222222214, 46.5, 44.40000000000003, 45.18333333333336, 49.861111111111114, 46.70000000000001, 44.92222222222226, 49.89999999999999, 48.50000000000001, 47.76111111111112, 43.5555555555556, 47.97222222222223, 45.0888888888889, 41.461111111111144, 46.288888888888884, 47.13333333333335, 49.21666666666667, 48.16666666666665, 47.427777777777784, 49.43888888888888, 45.872222222222256, 50.938888888888876, 46.70000000000002, 45.705555555555584, 44.194444444444464, 49.43888888888889, 43.14444444444445]
2022-12-17 18:42:11,362 Train INFO: mean test reward2: [0.0, 0.0, 0.0, 0.0, 0.0, 0.0, 0.0, 0.0, 0.0, 0.0, 0.0, 0.0, 0.0, 0.0, 0.0, 0.0, 0.0, 0.0, 0.0, 0.0, 0.0, 0.0, 0.0, 0.0, 0.0, 0.0, 0.0, 0.0, 0.0, 0.0, 0.0, 0.0, 0.0, 0.0, 0.0, 0.0, 0.0, 0.0, 0.0, 0.0, 0.0, 0.0, 0.0, 0.0, 0.0, 0.0, 0.0, 0.0, 0.0, 0.0]
2022-12-17 18:42:11,363 Train INFO: mean test reward3: [0.0, 0.0, 0.0, 0.0, 0.0, 0.0, 0.0, 0.0, 0.0, 0.0, 0.0, 0.0, 0.0, 0.0, 0.0, 0.0, 0.0, 0.0, 0.0, 0.0, 0.0, 0.0, 0.0, 0.0, 0.0, 0.0, 0.0, 0.0, 0.0, 0.0, 0.0, 0.0, 0.0, 0.0, 0.0, 0.0, 0.0, 0.0, 0.0, 0.0, 0.0, 0.0, 0.0, 0.0, 0.0, 0.0, 0.0, 0.0, 0.0, 0.0]
2022-12-17 18:42:11,363 Train INFO: mean test reward4: [0.0, 0.0, 0.0, 0.0, 0.0, 0.0, 0.0, 0.0, 0.0, 0.0, 0.0, 0.0, 0.0, 0.0, 0.0, 0.0, 0.0, 0.0, 0.0, 0.0, 0.0, 0.0, 0.0, 0.0, 0.0, 0.0, 0.0, 0.0, 0.0, 0.0, 0.0, 0.0, 0.0, 0.0, 0.0, 0.0, 0.0, 0.0, 0.0, 0.0, 0.0, 0.0, 0.0, 0.0, 0.0, 0.0, 0.0, 0.0, 0.0, 0.0]
2022-12-17 18:42:11,363 Train INFO: mean test reward: 46.9361,0.0000,0.0000,0.0000
2022-12-17 18:42:11,363 Train INFO: test seed: 1************************************
2022-12-17 18:42:11,814 Train INFO: mean test reward1: [45.55555555555558, 45.13888888888892, 43.188888888888904, 45.700000000000024, 44.922222222222224, 47.650000000000034, 47.488888888888916, 47.005555555555574, 44.03333333333336, 39.14444444444446, 43.93333333333333, 45.87222222222227, 46.0777777777778, 44.58888888888892, 45.138888888888914, 38.14444444444446, 44.705555555555605, 46.927777777777784, 48.488888888888916, 51.06111111111112, 44.50555555555559, 48.91111111111112, 45.450000000000024, 35.24444444444446, 44.561111111111124, 42.822222222222244, 42.62222222222224, 44.250000000000014, 41.922222222222246, 44.977777777777796, 44.93333333333333, 45.0888888888889, 47.9666666666667, 46.43888888888895, 47.33333333333336, 48.34444444444448, 48.45000000000002, 45.705555555555605, 48.43888888888891, 46.76666666666668, 48.17777777777776, 45.98333333333335, 48.65, 46.23333333333337, 49.438888888888904, 44.711111111111144, 47.55000000000002, 46.76666666666669, 49.55555555555555, 39.983333333333356]
2022-12-17 18:42:11,815 Train INFO: mean test reward2: [0.0, 0.0, 0.0, 0.0, 0.0, 0.0, 0.0, 0.0, 0.0, 0.0, 0.0, 0.0, 0.0, 0.0, 0.0, 0.0, 0.0, 0.0, 0.0, 0.0, 0.0, 0.0, 0.0, 0.0, 0.0, 0.0, 0.0, 0.0, 0.0, 0.0, 0.0, 0.0, 0.0, 0.0, 0.0, 0.0, 0.0, 0.0, 0.0, 0.0, 0.0, 0.0, 0.0, 0.0, 0.0, 0.0, 0.0, 0.0, 0.0, 0.0]
2022-12-17 18:42:11,815 Train INFO: mean test reward3: [0.0, 0.0, 0.0, 0.0, 0.0, 0.0, 0.0, 0.0, 0.0, 0.0, 0.0, 0.0, 0.0, 0.0, 0.0, 0.0, 0.0, 0.0, 0.0, 0.0, 0.0, 0.0, 0.0, 0.0, 0.0, 0.0, 0.0, 0.0, 0.0, 0.0, 0.0, 0.0, 0.0, 0.0, 0.0, 0.0, 0.0, 0.0, 0.0, 0.0, 0.0, 0.0, 0.0, 0.0, 0.0, 0.0, 0.0, 0.0, 0.0, 0.0]
2022-12-17 18:42:11,815 Train INFO: mean test reward4: [0.0, 0.0, 0.0, 0.0, 0.0, 0.0, 0.0, 0.0, 0.0, 0.0, 0.0, 0.0, 0.0, 0.0, 0.0, 0.0, 0.0, 0.0, 0.0, 0.0, 0.0, 0.0, 0.0, 0.0, 0.0, 0.0, 0.0, 0.0, 0.0, 0.0, 0.0, 0.0, 0.0, 0.0, 0.0, 0.0, 0.0, 0.0, 0.0, 0.0, 0.0, 0.0, 0.0, 0.0, 0.0, 0.0, 0.0, 0.0, 0.0, 0.0]
2022-12-17 18:42:11,815 Train INFO: mean test reward: 45.5310,0.0000,0.0000,0.0000
2022-12-17 18:42:11,815 Train INFO: test seed: 2************************************
2022-12-17 18:42:12,233 Train INFO: mean test reward1: [43.66111111111115, 46.77222222222222, 48.294444444444466, 41.40555555555558, 46.288888888888906, 40.41111111111112, 41.566666666666684, 49.544444444444466, 46.188888888888904, 43.933333333333366, 44.71666666666668, 47.133333333333326, 41.59444444444448, 48.49444444444447, 45.3388888888889, 43.51111111111114, 45.861111111111136, 48.95555555555557, 36.82222222222225, 46.961111111111144, 46.71111111111113, 39.766666666666694, 49.11666666666669, 43.35555555555556, 42.505555555555574, 32.57777777777779, 38.14444444444446, 47.03333333333334, 34.41111111111112, 47.43333333333334, 43.09444444444447, 32.994444444444454, 47.02777777777778, 44.66111111111113, 41.305555555555564, 44.91111111111115, 46.866666666666696, 47.438888888888904, 45.97222222222225, 46.07777777777781, 43.766666666666694, 45.18333333333336, 45.23888888888891, 38.77222222222225, 41.67222222222224, 45.40000000000003, 48.53333333333332, 44.7666666666667, 46.97777777777779, 45.13888888888889]
2022-12-17 18:42:12,233 Train INFO: mean test reward2: [0.0, 0.0, 0.0, 0.0, 0.0, 0.0, 0.0, 0.0, 0.0, 0.0, 0.0, 0.0, 0.0, 0.0, 0.0, 0.0, 0.0, 0.0, 0.0, 0.0, 0.0, 0.0, 0.0, 0.0, 0.0, 0.0, 0.0, 0.0, 0.0, 0.0, 0.0, 0.0, 0.0, 0.0, 0.0, 0.0, 0.0, 0.0, 0.0, 0.0, 0.0, 0.0, 0.0, 0.0, 0.0, 0.0, 0.0, 0.0, 0.0, 0.0]
2022-12-17 18:42:12,233 Train INFO: mean test reward3: [0.0, 0.0, 0.0, 0.0, 0.0, 0.0, 0.0, 0.0, 0.0, 0.0, 0.0, 0.0, 0.0, 0.0, 0.0, 0.0, 0.0, 0.0, 0.0, 0.0, 0.0, 0.0, 0.0, 0.0, 0.0, 0.0, 0.0, 0.0, 0.0, 0.0, 0.0, 0.0, 0.0, 0.0, 0.0, 0.0, 0.0, 0.0, 0.0, 0.0, 0.0, 0.0, 0.0, 0.0, 0.0, 0.0, 0.0, 0.0, 0.0, 0.0]
2022-12-17 18:42:12,233 Train INFO: mean test reward4: [0.0, 0.0, 0.0, 0.0, 0.0, 0.0, 0.0, 0.0, 0.0, 0.0, 0.0, 0.0, 0.0, 0.0, 0.0, 0.0, 0.0, 0.0, 0.0, 0.0, 0.0, 0.0, 0.0, 0.0, 0.0, 0.0, 0.0, 0.0, 0.0, 0.0, 0.0, 0.0, 0.0, 0.0, 0.0, 0.0, 0.0, 0.0, 0.0, 0.0, 0.0, 0.0, 0.0, 0.0, 0.0, 0.0, 0.0, 0.0, 0.0, 0.0]
2022-12-17 18:42:12,233 Train INFO: mean test reward: 44.0862,0.0000,0.0000,0.0000
2022-12-17 18:42:12,234 Train INFO: test seed: 3************************************
2022-12-17 18:42:12,658 Train INFO: mean test reward1: [44.67222222222224, 45.03333333333335, 40.772222222222254, 43.494444444444476, 46.44444444444445, 43.77222222222224, 46.71666666666666, 50.63333333333333, 41.50000000000002, 39.88333333333334, 47.76111111111112, 48.7388888888889, 48.06666666666669, 46.6944444444445, 48.116666666666646, 40.57222222222223, 47.75555555555558, 49.438888888888904, 47.54444444444445, 47.17777777777782, 45.66666666666668, 46.4, 50.32222222222223, 36.15000000000001, 39.35000000000003, 42.40555555555557, 45.877777777777794, 49.02222222222224, 47.4, 40.255555555555574, 42.52222222222223, 45.77777777777779, 47.17777777777782, 42.611111111111136, 44.411111111111126, 45.87222222222223, 46.49444444444448, 47.97222222222225, 49.122222222222234, 46.122222222222256, 48.238888888888894, 46.86666666666668, 46.02222222222226, 37.72777777777778, 48.483333333333306, 42.07777777777781, 45.23333333333336, 41.51666666666667, 48.86111111111113, 44.43888888888892]
2022-12-17 18:42:12,659 Train INFO: mean test reward2: [0.0, 0.0, 0.0, 0.0, 0.0, 0.0, 0.0, 0.0, 0.0, 0.0, 0.0, 0.0, 0.0, 0.0, 0.0, 0.0, 0.0, 0.0, 0.0, 0.0, 0.0, 0.0, 0.0, 0.0, 0.0, 0.0, 0.0, 0.0, 0.0, 0.0, 0.0, 0.0, 0.0, 0.0, 0.0, 0.0, 0.0, 0.0, 0.0, 0.0, 0.0, 0.0, 0.0, 0.0, 0.0, 0.0, 0.0, 0.0, 0.0, 0.0]
2022-12-17 18:42:12,659 Train INFO: mean test reward3: [0.0, 0.0, 0.0, 0.0, 0.0, 0.0, 0.0, 0.0, 0.0, 0.0, 0.0, 0.0, 0.0, 0.0, 0.0, 0.0, 0.0, 0.0, 0.0, 0.0, 0.0, 0.0, 0.0, 0.0, 0.0, 0.0, 0.0, 0.0, 0.0, 0.0, 0.0, 0.0, 0.0, 0.0, 0.0, 0.0, 0.0, 0.0, 0.0, 0.0, 0.0, 0.0, 0.0, 0.0, 0.0, 0.0, 0.0, 0.0, 0.0, 0.0]
2022-12-17 18:42:12,659 Train INFO: mean test reward4: [0.0, 0.0, 0.0, 0.0, 0.0, 0.0, 0.0, 0.0, 0.0, 0.0, 0.0, 0.0, 0.0, 0.0, 0.0, 0.0, 0.0, 0.0, 0.0, 0.0, 0.0, 0.0, 0.0, 0.0, 0.0, 0.0, 0.0, 0.0, 0.0, 0.0, 0.0, 0.0, 0.0, 0.0, 0.0, 0.0, 0.0, 0.0, 0.0, 0.0, 0.0, 0.0, 0.0, 0.0, 0.0, 0.0, 0.0, 0.0, 0.0, 0.0]
2022-12-17 18:42:12,659 Train INFO: mean test reward: 45.3038,0.0000,0.0000,0.0000
2022-12-17 18:42:12,659 Train INFO: test seed: 4************************************
2022-12-17 18:42:13,090 Train INFO: mean test reward1: [44.61666666666667, 36.611111111111136, 47.077777777777804, 45.544444444444466, 48.81666666666667, 48.50000000000002, 48.911111111111104, 45.64444444444449, 47.750000000000036, 45.077777777777825, 40.8277777777778, 50.23333333333334, 47.866666666666674, 50.31666666666666, 47.383333333333354, 40.71666666666668, 44.19444444444448, 48.42222222222219, 50.63888888888888, 50.05555555555555, 44.50000000000001, 46.23333333333337, 50.01666666666668, 43.766666666666694, 45.92222222222227, 42.30555555555558, 46.71111111111113, 47.877777777777794, 48.90555555555555, 45.561111111111124, 45.56666666666667, 44.8777777777778, 48.127777777777794, 42.96111111111117, 45.55555555555556, 48.08333333333335, 43.822222222222244, 42.6055555555556, 46.97777777777781, 48.222222222222236, 50.36666666666667, 47.96111111111113, 49.02222222222225, 43.51666666666667, 50.06666666666667, 45.50000000000001, 46.50000000000002, 44.9388888888889, 50.17222222222222, 43.72777777777779]
2022-12-17 18:42:13,090 Train INFO: mean test reward2: [0.0, 0.0, 0.0, 0.0, 0.0, 0.0, 0.0, 0.0, 0.0, 0.0, 0.0, 0.0, 0.0, 0.0, 0.0, 0.0, 0.0, 0.0, 0.0, 0.0, 0.0, 0.0, 0.0, 0.0, 0.0, 0.0, 0.0, 0.0, 0.0, 0.0, 0.0, 0.0, 0.0, 0.0, 0.0, 0.0, 0.0, 0.0, 0.0, 0.0, 0.0, 0.0, 0.0, 0.0, 0.0, 0.0, 0.0, 0.0, 0.0, 0.0]
2022-12-17 18:42:13,090 Train INFO: mean test reward3: [0.0, 0.0, 0.0, 0.0, 0.0, 0.0, 0.0, 0.0, 0.0, 0.0, 0.0, 0.0, 0.0, 0.0, 0.0, 0.0, 0.0, 0.0, 0.0, 0.0, 0.0, 0.0, 0.0, 0.0, 0.0, 0.0, 0.0, 0.0, 0.0, 0.0, 0.0, 0.0, 0.0, 0.0, 0.0, 0.0, 0.0, 0.0, 0.0, 0.0, 0.0, 0.0, 0.0, 0.0, 0.0, 0.0, 0.0, 0.0, 0.0, 0.0]
2022-12-17 18:42:13,090 Train INFO: mean test reward4: [0.0, 0.0, 0.0, 0.0, 0.0, 0.0, 0.0, 0.0, 0.0, 0.0, 0.0, 0.0, 0.0, 0.0, 0.0, 0.0, 0.0, 0.0, 0.0, 0.0, 0.0, 0.0, 0.0, 0.0, 0.0, 0.0, 0.0, 0.0, 0.0, 0.0, 0.0, 0.0, 0.0, 0.0, 0.0, 0.0, 0.0, 0.0, 0.0, 0.0, 0.0, 0.0, 0.0, 0.0, 0.0, 0.0, 0.0, 0.0, 0.0, 0.0]
2022-12-17 18:42:13,090 Train INFO: mean test reward: 46.3916,0.0000,0.0000,0.0000
2022-12-17 18:42:13,091 Train INFO: test seed: 5************************************
2022-12-17 18:42:13,531 Train INFO: mean test reward1: [47.17777777777782, 43.51111111111115, 46.60555555555557, 46.24444444444446, 46.23888888888891, 39.46111111111113, 47.50000000000002, 50.43333333333333, 40.183333333333366, 48.75555555555556, 47.07777777777776, 49.84444444444443, 50.27777777777778, 46.75555555555556, 44.87777777777779, 39.7777777777778, 49.83333333333332, 48.555555555555564, 42.77222222222225, 48.744444444444454, 44.983333333333356, 47.233333333333384, 48.96666666666668, 43.494444444444454, 39.72777777777779, 39.50555555555556, 42.87222222222225, 50.438888888888904, 49.48888888888888, 45.400000000000034, 45.30000000000002, 50.27222222222226, 45.50555555555558, 39.61111111111113, 46.01666666666671, 44.77222222222224, 47.39444444444445, 43.40000000000004, 42.67222222222225, 45.54444444444447, 45.33333333333335, 47.755555555555574, 49.233333333333356, 43.20000000000002, 50.955555555555556, 47.0055555555556, 49.27222222222219, 45.97222222222225, 49.27222222222221, 46.400000000000006]
2022-12-17 18:42:13,531 Train INFO: mean test reward2: [0.0, 0.0, 0.0, 0.0, 0.0, 0.0, 0.0, 0.0, 0.0, 0.0, 0.0, 0.0, 0.0, 0.0, 0.0, 0.0, 0.0, 0.0, 0.0, 0.0, 0.0, 0.0, 0.0, 0.0, 0.0, 0.0, 0.0, 0.0, 0.0, 0.0, 0.0, 0.0, 0.0, 0.0, 0.0, 0.0, 0.0, 0.0, 0.0, 0.0, 0.0, 0.0, 0.0, 0.0, 0.0, 0.0, 0.0, 0.0, 0.0, 0.0]
2022-12-17 18:42:13,531 Train INFO: mean test reward3: [0.0, 0.0, 0.0, 0.0, 0.0, 0.0, 0.0, 0.0, 0.0, 0.0, 0.0, 0.0, 0.0, 0.0, 0.0, 0.0, 0.0, 0.0, 0.0, 0.0, 0.0, 0.0, 0.0, 0.0, 0.0, 0.0, 0.0, 0.0, 0.0, 0.0, 0.0, 0.0, 0.0, 0.0, 0.0, 0.0, 0.0, 0.0, 0.0, 0.0, 0.0, 0.0, 0.0, 0.0, 0.0, 0.0, 0.0, 0.0, 0.0, 0.0]
2022-12-17 18:42:13,531 Train INFO: mean test reward4: [0.0, 0.0, 0.0, 0.0, 0.0, 0.0, 0.0, 0.0, 0.0, 0.0, 0.0, 0.0, 0.0, 0.0, 0.0, 0.0, 0.0, 0.0, 0.0, 0.0, 0.0, 0.0, 0.0, 0.0, 0.0, 0.0, 0.0, 0.0, 0.0, 0.0, 0.0, 0.0, 0.0, 0.0, 0.0, 0.0, 0.0, 0.0, 0.0, 0.0, 0.0, 0.0, 0.0, 0.0, 0.0, 0.0, 0.0, 0.0, 0.0, 0.0]
2022-12-17 18:42:13,531 Train INFO: mean test reward: 46.0326,0.0000,0.0000,0.0000
2022-12-17 18:42:13,532 Train INFO: test seed: 6************************************
2022-12-17 18:42:13,964 Train INFO: mean test reward1: [44.205555555555556, 45.227777777777824, 45.08888888888891, 47.71111111111114, 47.43333333333335, 39.56666666666668, 46.40555555555556, 47.37222222222222, 36.61111111111112, 45.39444444444448, 47.755555555555524, 45.14444444444445, 41.877777777777794, 47.86111111111115, 43.8777777777778, 43.87777777777781, 45.70555555555558, 47.69999999999999, 48.39444444444445, 47.34444444444447, 44.82222222222226, 49.43888888888889, 48.69444444444448, 35.933333333333344, 43.02777777777779, 47.86666666666669, 43.411111111111126, 44.24444444444447, 45.92777777777779, 42.40555555555557, 38.78333333333334, 40.200000000000024, 47.02222222222223, 37.19444444444446, 44.28888888888891, 46.08333333333335, 47.07222222222222, 46.58333333333334, 44.97222222222224, 45.35555555555557, 49.016666666666666, 48.59444444444448, 47.377777777777766, 43.88333333333334, 49.28333333333331, 45.816666666666684, 45.611111111111136, 43.61666666666668, 46.38888888888891, 44.183333333333366]
2022-12-17 18:42:13,964 Train INFO: mean test reward2: [0.0, 0.0, 0.0, 0.0, 0.0, 0.0, 0.0, 0.0, 0.0, 0.0, 0.0, 0.0, 0.0, 0.0, 0.0, 0.0, 0.0, 0.0, 0.0, 0.0, 0.0, 0.0, 0.0, 0.0, 0.0, 0.0, 0.0, 0.0, 0.0, 0.0, 0.0, 0.0, 0.0, 0.0, 0.0, 0.0, 0.0, 0.0, 0.0, 0.0, 0.0, 0.0, 0.0, 0.0, 0.0, 0.0, 0.0, 0.0, 0.0, 0.0]
2022-12-17 18:42:13,964 Train INFO: mean test reward3: [0.0, 0.0, 0.0, 0.0, 0.0, 0.0, 0.0, 0.0, 0.0, 0.0, 0.0, 0.0, 0.0, 0.0, 0.0, 0.0, 0.0, 0.0, 0.0, 0.0, 0.0, 0.0, 0.0, 0.0, 0.0, 0.0, 0.0, 0.0, 0.0, 0.0, 0.0, 0.0, 0.0, 0.0, 0.0, 0.0, 0.0, 0.0, 0.0, 0.0, 0.0, 0.0, 0.0, 0.0, 0.0, 0.0, 0.0, 0.0, 0.0, 0.0]
2022-12-17 18:42:13,964 Train INFO: mean test reward4: [0.0, 0.0, 0.0, 0.0, 0.0, 0.0, 0.0, 0.0, 0.0, 0.0, 0.0, 0.0, 0.0, 0.0, 0.0, 0.0, 0.0, 0.0, 0.0, 0.0, 0.0, 0.0, 0.0, 0.0, 0.0, 0.0, 0.0, 0.0, 0.0, 0.0, 0.0, 0.0, 0.0, 0.0, 0.0, 0.0, 0.0, 0.0, 0.0, 0.0, 0.0, 0.0, 0.0, 0.0, 0.0, 0.0, 0.0, 0.0, 0.0, 0.0]
2022-12-17 18:42:13,964 Train INFO: mean test reward: 45.0331,0.0000,0.0000,0.0000
2022-12-17 18:42:13,965 Train INFO: test seed: 7************************************
2022-12-17 18:42:14,403 Train INFO: mean test reward1: [46.300000000000004, 45.666666666666664, 48.13333333333333, 47.68888888888886, 47.44444444444448, 45.86666666666671, 45.977777777777796, 45.27777777777778, 47.977777777777796, 47.977777777777774, 45.350000000000016, 49.80000000000002, 51.733333333333356, 48.54444444444447, 49.3888888888889, 44.8777777777778, 47.861111111111114, 47.43888888888891, 46.561111111111146, 47.216666666666676, 48.23333333333335, 46.92222222222223, 47.23333333333333, 47.23888888888889, 41.24444444444446, 37.82777777777779, 44.51111111111112, 47.966666666666676, 47.08333333333334, 47.29444444444445, 43.25555555555557, 45.327777777777825, 47.927777777777784, 45.08888888888891, 42.450000000000024, 46.16666666666669, 44.82222222222226, 47.116666666666696, 48.711111111111116, 46.76111111111115, 41.522222222222226, 42.566666666666684, 45.89444444444445, 45.71666666666666, 50.21666666666667, 45.81111111111112, 47.955555555555584, 43.133333333333354, 48.12777777777779, 46.1388888888889]
2022-12-17 18:42:14,404 Train INFO: mean test reward2: [0.0, 0.0, 0.0, 0.0, 0.0, 0.0, 0.0, 0.0, 0.0, 0.0, 0.0, 0.0, 0.0, 0.0, 0.0, 0.0, 0.0, 0.0, 0.0, 0.0, 0.0, 0.0, 0.0, 0.0, 0.0, 0.0, 0.0, 0.0, 0.0, 0.0, 0.0, 0.0, 0.0, 0.0, 0.0, 0.0, 0.0, 0.0, 0.0, 0.0, 0.0, 0.0, 0.0, 0.0, 0.0, 0.0, 0.0, 0.0, 0.0, 0.0]
2022-12-17 18:42:14,404 Train INFO: mean test reward3: [0.0, 0.0, 0.0, 0.0, 0.0, 0.0, 0.0, 0.0, 0.0, 0.0, 0.0, 0.0, 0.0, 0.0, 0.0, 0.0, 0.0, 0.0, 0.0, 0.0, 0.0, 0.0, 0.0, 0.0, 0.0, 0.0, 0.0, 0.0, 0.0, 0.0, 0.0, 0.0, 0.0, 0.0, 0.0, 0.0, 0.0, 0.0, 0.0, 0.0, 0.0, 0.0, 0.0, 0.0, 0.0, 0.0, 0.0, 0.0, 0.0, 0.0]
2022-12-17 18:42:14,404 Train INFO: mean test reward4: [0.0, 0.0, 0.0, 0.0, 0.0, 0.0, 0.0, 0.0, 0.0, 0.0, 0.0, 0.0, 0.0, 0.0, 0.0, 0.0, 0.0, 0.0, 0.0, 0.0, 0.0, 0.0, 0.0, 0.0, 0.0, 0.0, 0.0, 0.0, 0.0, 0.0, 0.0, 0.0, 0.0, 0.0, 0.0, 0.0, 0.0, 0.0, 0.0, 0.0, 0.0, 0.0, 0.0, 0.0, 0.0, 0.0, 0.0, 0.0, 0.0, 0.0]
2022-12-17 18:42:14,404 Train INFO: mean test reward: 46.3470,0.0000,0.0000,0.0000
2022-12-17 18:42:14,405 Train INFO: test seed: 8************************************
2022-12-17 18:42:14,821 Train INFO: mean test reward1: [44.77222222222224, 44.04444444444447, 37.311111111111124, 48.17222222222225, 46.20000000000001, 45.51111111111112, 47.44444444444448, 50.89444444444445, 45.23888888888892, 46.033333333333346, 44.350000000000016, 47.39444444444447, 44.561111111111146, 45.85555555555555, 44.72222222222224, 43.26111111111112, 42.88333333333336, 48.23888888888889, 46.666666666666686, 48.02222222222225, 43.51666666666668, 44.97777777777779, 50.57777777777776, 41.41111111111113, 42.727777777777796, 46.38333333333337, 44.35000000000003, 43.41666666666667, 45.14444444444445, 45.98333333333335, 38.03888888888892, 42.77777777777779, 43.988888888888894, 43.194444444444464, 44.17222222222222, 43.872222222222234, 42.46111111111112, 40.35000000000001, 42.30555555555557, 47.12222222222223, 48.79999999999999, 46.71111111111112, 46.19444444444446, 39.35555555555557, 44.7055555555556, 46.238888888888916, 46.68888888888888, 46.872222222222234, 48.76111111111111, 41.77222222222224]
2022-12-17 18:42:14,821 Train INFO: mean test reward2: [0.0, 0.0, 0.0, 0.0, 0.0, 0.0, 0.0, 0.0, 0.0, 0.0, 0.0, 0.0, 0.0, 0.0, 0.0, 0.0, 0.0, 0.0, 0.0, 0.0, 0.0, 0.0, 0.0, 0.0, 0.0, 0.0, 0.0, 0.0, 0.0, 0.0, 0.0, 0.0, 0.0, 0.0, 0.0, 0.0, 0.0, 0.0, 0.0, 0.0, 0.0, 0.0, 0.0, 0.0, 0.0, 0.0, 0.0, 0.0, 0.0, 0.0]
2022-12-17 18:42:14,822 Train INFO: mean test reward3: [0.0, 0.0, 0.0, 0.0, 0.0, 0.0, 0.0, 0.0, 0.0, 0.0, 0.0, 0.0, 0.0, 0.0, 0.0, 0.0, 0.0, 0.0, 0.0, 0.0, 0.0, 0.0, 0.0, 0.0, 0.0, 0.0, 0.0, 0.0, 0.0, 0.0, 0.0, 0.0, 0.0, 0.0, 0.0, 0.0, 0.0, 0.0, 0.0, 0.0, 0.0, 0.0, 0.0, 0.0, 0.0, 0.0, 0.0, 0.0, 0.0, 0.0]
2022-12-17 18:42:14,822 Train INFO: mean test reward4: [0.0, 0.0, 0.0, 0.0, 0.0, 0.0, 0.0, 0.0, 0.0, 0.0, 0.0, 0.0, 0.0, 0.0, 0.0, 0.0, 0.0, 0.0, 0.0, 0.0, 0.0, 0.0, 0.0, 0.0, 0.0, 0.0, 0.0, 0.0, 0.0, 0.0, 0.0, 0.0, 0.0, 0.0, 0.0, 0.0, 0.0, 0.0, 0.0, 0.0, 0.0, 0.0, 0.0, 0.0, 0.0, 0.0, 0.0, 0.0, 0.0, 0.0]
2022-12-17 18:42:14,822 Train INFO: mean test reward: 44.8890,0.0000,0.0000,0.0000
2022-12-17 18:42:14,822 Train INFO: test seed: 9************************************
2022-12-17 18:42:15,276 Train INFO: mean test reward1: [38.50555555555559, 45.0777777777778, 48.644444444444424, 46.37777777777779, 49.86111111111112, 45.30000000000002, 49.96666666666668, 50.15555555555556, 48.288888888888906, 47.333333333333385, 46.60000000000003, 48.01666666666668, 47.34444444444447, 48.9666666666667, 47.655555555555594, 44.46111111111113, 46.966666666666704, 48.800000000000026, 48.43333333333336, 51.2, 48.69444444444444, 49.27222222222222, 48.69444444444444, 44.61666666666669, 42.77222222222223, 40.827777777777804, 47.49444444444446, 47.47777777777778, 48.07222222222227, 48.061111111111146, 43.52222222222222, 45.14444444444445, 47.61111111111112, 45.555555555555564, 44.03333333333333, 47.344444444444484, 48.48333333333329, 46.6555555555556, 48.70555555555558, 45.58888888888895, 44.11666666666671, 47.85555555555558, 48.07222222222222, 45.016666666666694, 49.99444444444447, 44.23333333333339, 48.42222222222221, 48.594444444444505, 49.261111111111106, 46.28333333333336]
2022-12-17 18:42:15,277 Train INFO: mean test reward2: [0.0, 0.0, 0.0, 0.0, 0.0, 0.0, 0.0, 0.0, 0.0, 0.0, 0.0, 0.0, 0.0, 0.0, 0.0, 0.0, 0.0, 0.0, 0.0, 0.0, 0.0, 0.0, 0.0, 0.0, 0.0, 0.0, 0.0, 0.0, 0.0, 0.0, 0.0, 0.0, 0.0, 0.0, 0.0, 0.0, 0.0, 0.0, 0.0, 0.0, 0.0, 0.0, 0.0, 0.0, 0.0, 0.0, 0.0, 0.0, 0.0, 0.0]
2022-12-17 18:42:15,277 Train INFO: mean test reward3: [0.0, 0.0, 0.0, 0.0, 0.0, 0.0, 0.0, 0.0, 0.0, 0.0, 0.0, 0.0, 0.0, 0.0, 0.0, 0.0, 0.0, 0.0, 0.0, 0.0, 0.0, 0.0, 0.0, 0.0, 0.0, 0.0, 0.0, 0.0, 0.0, 0.0, 0.0, 0.0, 0.0, 0.0, 0.0, 0.0, 0.0, 0.0, 0.0, 0.0, 0.0, 0.0, 0.0, 0.0, 0.0, 0.0, 0.0, 0.0, 0.0, 0.0]
2022-12-17 18:42:15,277 Train INFO: mean test reward4: [0.0, 0.0, 0.0, 0.0, 0.0, 0.0, 0.0, 0.0, 0.0, 0.0, 0.0, 0.0, 0.0, 0.0, 0.0, 0.0, 0.0, 0.0, 0.0, 0.0, 0.0, 0.0, 0.0, 0.0, 0.0, 0.0, 0.0, 0.0, 0.0, 0.0, 0.0, 0.0, 0.0, 0.0, 0.0, 0.0, 0.0, 0.0, 0.0, 0.0, 0.0, 0.0, 0.0, 0.0, 0.0, 0.0, 0.0, 0.0, 0.0, 0.0]
2022-12-17 18:42:15,277 Train INFO: mean test reward: 46.9687,0.0000,0.0000,0.0000
2022-12-17 18:42:15,277 Train INFO: test seed: 10************************************
2022-12-17 18:42:15,702 Train INFO: mean test reward1: [45.40000000000001, 44.144444444444446, 49.76111111111111, 42.83333333333336, 48.17777777777778, 44.41111111111112, 44.9277777777778, 44.60000000000004, 46.972222222222236, 43.033333333333346, 49.28888888888889, 43.08333333333336, 46.43888888888894, 51.166666666666686, 46.66111111111115, 38.57222222222224, 44.81111111111115, 48.95555555555555, 48.60555555555557, 47.588888888888896, 46.18888888888889, 37.04444444444445, 47.90555555555556, 43.88333333333335, 46.82222222222222, 35.25555555555557, 43.07777777777781, 48.38888888888893, 41.88333333333336, 41.78888888888891, 43.14444444444447, 42.88333333333335, 44.87222222222224, 42.26111111111112, 42.966666666666704, 50.58888888888892, 46.0888888888889, 47.9166666666667, 45.28333333333338, 49.48888888888891, 48.91111111111114, 43.71111111111113, 46.18333333333336, 42.72222222222224, 50.95555555555557, 44.87777777777781, 51.04999999999998, 45.50000000000003, 48.55000000000001, 41.18888888888892]
2022-12-17 18:42:15,703 Train INFO: mean test reward2: [0.0, 0.0, 0.0, 0.0, 0.0, 0.0, 0.0, 0.0, 0.0, 0.0, 0.0, 0.0, 0.0, 0.0, 0.0, 0.0, 0.0, 0.0, 0.0, 0.0, 0.0, 0.0, 0.0, 0.0, 0.0, 0.0, 0.0, 0.0, 0.0, 0.0, 0.0, 0.0, 0.0, 0.0, 0.0, 0.0, 0.0, 0.0, 0.0, 0.0, 0.0, 0.0, 0.0, 0.0, 0.0, 0.0, 0.0, 0.0, 0.0, 0.0]
2022-12-17 18:42:15,703 Train INFO: mean test reward3: [0.0, 0.0, 0.0, 0.0, 0.0, 0.0, 0.0, 0.0, 0.0, 0.0, 0.0, 0.0, 0.0, 0.0, 0.0, 0.0, 0.0, 0.0, 0.0, 0.0, 0.0, 0.0, 0.0, 0.0, 0.0, 0.0, 0.0, 0.0, 0.0, 0.0, 0.0, 0.0, 0.0, 0.0, 0.0, 0.0, 0.0, 0.0, 0.0, 0.0, 0.0, 0.0, 0.0, 0.0, 0.0, 0.0, 0.0, 0.0, 0.0, 0.0]
2022-12-17 18:42:15,703 Train INFO: mean test reward4: [0.0, 0.0, 0.0, 0.0, 0.0, 0.0, 0.0, 0.0, 0.0, 0.0, 0.0, 0.0, 0.0, 0.0, 0.0, 0.0, 0.0, 0.0, 0.0, 0.0, 0.0, 0.0, 0.0, 0.0, 0.0, 0.0, 0.0, 0.0, 0.0, 0.0, 0.0, 0.0, 0.0, 0.0, 0.0, 0.0, 0.0, 0.0, 0.0, 0.0, 0.0, 0.0, 0.0, 0.0, 0.0, 0.0, 0.0, 0.0, 0.0, 0.0]
2022-12-17 18:42:15,703 Train INFO: mean test reward: 45.4163,0.0000,0.0000,0.0000
2022-12-17 18:42:15,704 Train INFO: test seed: 11************************************
2022-12-17 18:42:16,139 Train INFO: mean test reward1: [42.2, 47.33888888888891, 46.9277777777778, 45.50555555555558, 47.29444444444446, 45.60555555555557, 48.4388888888889, 50.7833333333333, 35.51666666666667, 48.81666666666666, 46.350000000000016, 49.11666666666666, 46.33333333333338, 46.45000000000002, 50.62222222222223, 43.40555555555558, 48.06666666666667, 50.05555555555557, 42.34444444444446, 45.0166666666667, 40.67777777777779, 47.43888888888891, 47.916666666666686, 45.33888888888891, 42.255555555555574, 34.20555555555556, 40.51111111111112, 46.30000000000002, 45.92777777777779, 46.71111111111114, 43.466666666666676, 39.305555555555564, 47.844444444444434, 43.716666666666676, 48.02222222222224, 47.91666666666667, 44.927777777777806, 44.38888888888893, 47.45555555555557, 42.66666666666667, 46.500000000000014, 44.55000000000004, 46.28888888888893, 44.46111111111113, 47.34444444444446, 44.61111111111113, 50.00555555555554, 46.66666666666667, 46.71111111111112, 46.183333333333366]
2022-12-17 18:42:16,139 Train INFO: mean test reward2: [0.0, 0.0, 0.0, 0.0, 0.0, 0.0, 0.0, 0.0, 0.0, 0.0, 0.0, 0.0, 0.0, 0.0, 0.0, 0.0, 0.0, 0.0, 0.0, 0.0, 0.0, 0.0, 0.0, 0.0, 0.0, 0.0, 0.0, 0.0, 0.0, 0.0, 0.0, 0.0, 0.0, 0.0, 0.0, 0.0, 0.0, 0.0, 0.0, 0.0, 0.0, 0.0, 0.0, 0.0, 0.0, 0.0, 0.0, 0.0, 0.0, 0.0]
2022-12-17 18:42:16,139 Train INFO: mean test reward3: [0.0, 0.0, 0.0, 0.0, 0.0, 0.0, 0.0, 0.0, 0.0, 0.0, 0.0, 0.0, 0.0, 0.0, 0.0, 0.0, 0.0, 0.0, 0.0, 0.0, 0.0, 0.0, 0.0, 0.0, 0.0, 0.0, 0.0, 0.0, 0.0, 0.0, 0.0, 0.0, 0.0, 0.0, 0.0, 0.0, 0.0, 0.0, 0.0, 0.0, 0.0, 0.0, 0.0, 0.0, 0.0, 0.0, 0.0, 0.0, 0.0, 0.0]
2022-12-17 18:42:16,139 Train INFO: mean test reward4: [0.0, 0.0, 0.0, 0.0, 0.0, 0.0, 0.0, 0.0, 0.0, 0.0, 0.0, 0.0, 0.0, 0.0, 0.0, 0.0, 0.0, 0.0, 0.0, 0.0, 0.0, 0.0, 0.0, 0.0, 0.0, 0.0, 0.0, 0.0, 0.0, 0.0, 0.0, 0.0, 0.0, 0.0, 0.0, 0.0, 0.0, 0.0, 0.0, 0.0, 0.0, 0.0, 0.0, 0.0, 0.0, 0.0, 0.0, 0.0, 0.0, 0.0]
2022-12-17 18:42:16,139 Train INFO: mean test reward: 45.5301,0.0000,0.0000,0.0000
2022-12-17 18:42:16,140 Train INFO: test seed: 12************************************
2022-12-17 18:42:16,588 Train INFO: mean test reward1: [44.6055555555556, 45.811111111111124, 47.03333333333334, 44.250000000000014, 45.87777777777779, 41.08888888888891, 46.82222222222222, 49.05555555555554, 46.08888888888891, 46.927777777777784, 40.044444444444444, 47.01111111111113, 46.027777777777814, 46.21666666666667, 46.08888888888891, 42.72222222222225, 46.86111111111114, 45.40000000000002, 49.85555555555559, 42.22777777777778, 39.983333333333356, 47.2777777777778, 50.022222222222226, 44.411111111111126, 45.87222222222224, 45.388888888888886, 44.594444444444434, 49.48333333333336, 46.8166666666667, 42.666666666666686, 41.816666666666706, 36.62777777777779, 45.138888888888914, 41.994444444444454, 46.288888888888884, 47.87222222222224, 45.283333333333346, 41.91111111111116, 47.91666666666669, 37.461111111111116, 50.066666666666656, 44.60000000000004, 46.43888888888888, 41.56111111111114, 49.1777777777778, 47.955555555555556, 47.70000000000003, 43.93333333333334, 48.34444444444447, 44.35555555555557]
2022-12-17 18:42:16,588 Train INFO: mean test reward2: [0.0, 0.0, 0.0, 0.0, 0.0, 0.0, 0.0, 0.0, 0.0, 0.0, 0.0, 0.0, 0.0, 0.0, 0.0, 0.0, 0.0, 0.0, 0.0, 0.0, 0.0, 0.0, 0.0, 0.0, 0.0, 0.0, 0.0, 0.0, 0.0, 0.0, 0.0, 0.0, 0.0, 0.0, 0.0, 0.0, 0.0, 0.0, 0.0, 0.0, 0.0, 0.0, 0.0, 0.0, 0.0, 0.0, 0.0, 0.0, 0.0, 0.0]
2022-12-17 18:42:16,588 Train INFO: mean test reward3: [0.0, 0.0, 0.0, 0.0, 0.0, 0.0, 0.0, 0.0, 0.0, 0.0, 0.0, 0.0, 0.0, 0.0, 0.0, 0.0, 0.0, 0.0, 0.0, 0.0, 0.0, 0.0, 0.0, 0.0, 0.0, 0.0, 0.0, 0.0, 0.0, 0.0, 0.0, 0.0, 0.0, 0.0, 0.0, 0.0, 0.0, 0.0, 0.0, 0.0, 0.0, 0.0, 0.0, 0.0, 0.0, 0.0, 0.0, 0.0, 0.0, 0.0]
2022-12-17 18:42:16,589 Train INFO: mean test reward4: [0.0, 0.0, 0.0, 0.0, 0.0, 0.0, 0.0, 0.0, 0.0, 0.0, 0.0, 0.0, 0.0, 0.0, 0.0, 0.0, 0.0, 0.0, 0.0, 0.0, 0.0, 0.0, 0.0, 0.0, 0.0, 0.0, 0.0, 0.0, 0.0, 0.0, 0.0, 0.0, 0.0, 0.0, 0.0, 0.0, 0.0, 0.0, 0.0, 0.0, 0.0, 0.0, 0.0, 0.0, 0.0, 0.0, 0.0, 0.0, 0.0, 0.0]
2022-12-17 18:42:16,589 Train INFO: mean test reward: 45.2596,0.0000,0.0000,0.0000
2022-12-17 18:42:16,589 Train INFO: test seed: 13************************************
2022-12-17 18:42:17,033 Train INFO: mean test reward1: [43.62222222222224, 44.13888888888892, 45.40000000000003, 46.38333333333335, 48.96666666666669, 44.76666666666668, 46.76666666666668, 47.68888888888893, 43.86666666666671, 44.40555555555558, 42.455555555555584, 45.39444444444445, 45.977777777777796, 43.872222222222256, 44.455555555555584, 45.45555555555558, 47.283333333333346, 44.40000000000003, 42.82222222222224, 44.66111111111113, 44.88333333333335, 46.227777777777796, 49.122222222222234, 43.988888888888894, 38.9166666666667, 43.82222222222225, 42.7, 47.811111111111146, 46.45555555555556, 46.75000000000005, 47.33888888888891, 42.344444444444484, 46.86666666666668, 44.04444444444446, 43.133333333333354, 45.92222222222227, 43.03888888888891, 46.48333333333335, 47.333333333333364, 46.33333333333334, 48.233333333333356, 46.40000000000002, 50.85555555555556, 45.672222222222224, 49.26666666666667, 46.588888888888924, 46.7555555555556, 46.28888888888892, 47.51111111111111, 47.438888888888926]
2022-12-17 18:42:17,034 Train INFO: mean test reward2: [0.0, 0.0, 0.0, 0.0, 0.0, 0.0, 0.0, 0.0, 0.0, 0.0, 0.0, 0.0, 0.0, 0.0, 0.0, 0.0, 0.0, 0.0, 0.0, 0.0, 0.0, 0.0, 0.0, 0.0, 0.0, 0.0, 0.0, 0.0, 0.0, 0.0, 0.0, 0.0, 0.0, 0.0, 0.0, 0.0, 0.0, 0.0, 0.0, 0.0, 0.0, 0.0, 0.0, 0.0, 0.0, 0.0, 0.0, 0.0, 0.0, 0.0]
2022-12-17 18:42:17,034 Train INFO: mean test reward3: [0.0, 0.0, 0.0, 0.0, 0.0, 0.0, 0.0, 0.0, 0.0, 0.0, 0.0, 0.0, 0.0, 0.0, 0.0, 0.0, 0.0, 0.0, 0.0, 0.0, 0.0, 0.0, 0.0, 0.0, 0.0, 0.0, 0.0, 0.0, 0.0, 0.0, 0.0, 0.0, 0.0, 0.0, 0.0, 0.0, 0.0, 0.0, 0.0, 0.0, 0.0, 0.0, 0.0, 0.0, 0.0, 0.0, 0.0, 0.0, 0.0, 0.0]
2022-12-17 18:42:17,034 Train INFO: mean test reward4: [0.0, 0.0, 0.0, 0.0, 0.0, 0.0, 0.0, 0.0, 0.0, 0.0, 0.0, 0.0, 0.0, 0.0, 0.0, 0.0, 0.0, 0.0, 0.0, 0.0, 0.0, 0.0, 0.0, 0.0, 0.0, 0.0, 0.0, 0.0, 0.0, 0.0, 0.0, 0.0, 0.0, 0.0, 0.0, 0.0, 0.0, 0.0, 0.0, 0.0, 0.0, 0.0, 0.0, 0.0, 0.0, 0.0, 0.0, 0.0, 0.0, 0.0]
2022-12-17 18:42:17,034 Train INFO: mean test reward: 45.6262,0.0000,0.0000,0.0000
2022-12-17 18:42:17,034 Train INFO: test seed: 14************************************
2022-12-17 18:42:17,472 Train INFO: mean test reward1: [48.32222222222226, 41.9277777777778, 46.861111111111114, 47.03333333333335, 45.188888888888904, 41.93333333333336, 48.861111111111114, 51.41666666666669, 40.19444444444446, 45.51111111111113, 46.18888888888888, 45.41111111111112, 47.97222222222225, 51.211111111111116, 46.50000000000003, 46.716666666666676, 45.85555555555556, 47.60000000000002, 47.55555555555557, 47.52777777777781, 47.22777777777779, 40.300000000000026, 47.65000000000001, 43.40555555555558, 44.50555555555557, 44.97222222222226, 43.77222222222225, 46.977777777777796, 40.04444444444445, 48.97222222222222, 41.411111111111126, 47.43888888888891, 45.911111111111126, 47.87222222222225, 49.06666666666667, 50.62777777777777, 48.33888888888891, 38.766666666666694, 48.18333333333336, 47.17777777777777, 47.811111111111146, 45.583333333333364, 50.15555555555555, 41.927777777777806, 50.52777777777778, 47.28333333333331, 48.31666666666666, 45.40000000000003, 45.144444444444446, 45.40000000000003]
2022-12-17 18:42:17,472 Train INFO: mean test reward2: [0.0, 0.0, 0.0, 0.0, 0.0, 0.0, 0.0, 0.0, 0.0, 0.0, 0.0, 0.0, 0.0, 0.0, 0.0, 0.0, 0.0, 0.0, 0.0, 0.0, 0.0, 0.0, 0.0, 0.0, 0.0, 0.0, 0.0, 0.0, 0.0, 0.0, 0.0, 0.0, 0.0, 0.0, 0.0, 0.0, 0.0, 0.0, 0.0, 0.0, 0.0, 0.0, 0.0, 0.0, 0.0, 0.0, 0.0, 0.0, 0.0, 0.0]
2022-12-17 18:42:17,472 Train INFO: mean test reward3: [0.0, 0.0, 0.0, 0.0, 0.0, 0.0, 0.0, 0.0, 0.0, 0.0, 0.0, 0.0, 0.0, 0.0, 0.0, 0.0, 0.0, 0.0, 0.0, 0.0, 0.0, 0.0, 0.0, 0.0, 0.0, 0.0, 0.0, 0.0, 0.0, 0.0, 0.0, 0.0, 0.0, 0.0, 0.0, 0.0, 0.0, 0.0, 0.0, 0.0, 0.0, 0.0, 0.0, 0.0, 0.0, 0.0, 0.0, 0.0, 0.0, 0.0]
2022-12-17 18:42:17,472 Train INFO: mean test reward4: [0.0, 0.0, 0.0, 0.0, 0.0, 0.0, 0.0, 0.0, 0.0, 0.0, 0.0, 0.0, 0.0, 0.0, 0.0, 0.0, 0.0, 0.0, 0.0, 0.0, 0.0, 0.0, 0.0, 0.0, 0.0, 0.0, 0.0, 0.0, 0.0, 0.0, 0.0, 0.0, 0.0, 0.0, 0.0, 0.0, 0.0, 0.0, 0.0, 0.0, 0.0, 0.0, 0.0, 0.0, 0.0, 0.0, 0.0, 0.0, 0.0, 0.0]
2022-12-17 18:42:17,473 Train INFO: mean test reward: 46.1992,0.0000,0.0000,0.0000
2022-12-17 18:42:17,473 Train INFO: test seed: 15************************************
2022-12-17 18:42:17,991 Train INFO: mean test reward1: [42.97222222222223, 46.46111111111112, 46.138888888888914, 45.300000000000004, 48.28333333333335, 41.194444444444464, 48.54444444444445, 49.56666666666667, 48.85000000000003, 48.13333333333334, 46.388888888888914, 48.17777777777779, 46.81111111111114, 48.36666666666667, 49.91666666666667, 33.57777777777779, 46.66111111111111, 47.91111111111111, 46.54444444444447, 47.327777777777776, 46.49444444444447, 46.06666666666667, 50.166666666666686, 44.0388888888889, 45.87777777777778, 44.07777777777782, 46.81111111111114, 48.483333333333384, 45.76666666666669, 48.59444444444447, 37.25000000000002, 47.327777777777776, 50.89444444444445, 45.71111111111115, 49.811111111111096, 49.3611111111111, 45.61666666666667, 44.72222222222223, 47.81111111111113, 45.75555555555557, 46.85000000000001, 45.43888888888892, 49.69444444444447, 43.71111111111114, 49.17222222222224, 46.344444444444484, 48.07222222222224, 44.72222222222224, 49.37777777777775, 47.344444444444456]
2022-12-17 18:42:17,991 Train INFO: mean test reward2: [0.0, 0.0, 0.0, 0.0, 0.0, 0.0, 0.0, 0.0, 0.0, 0.0, 0.0, 0.0, 0.0, 0.0, 0.0, 0.0, 0.0, 0.0, 0.0, 0.0, 0.0, 0.0, 0.0, 0.0, 0.0, 0.0, 0.0, 0.0, 0.0, 0.0, 0.0, 0.0, 0.0, 0.0, 0.0, 0.0, 0.0, 0.0, 0.0, 0.0, 0.0, 0.0, 0.0, 0.0, 0.0, 0.0, 0.0, 0.0, 0.0, 0.0]
2022-12-17 18:42:17,991 Train INFO: mean test reward3: [0.0, 0.0, 0.0, 0.0, 0.0, 0.0, 0.0, 0.0, 0.0, 0.0, 0.0, 0.0, 0.0, 0.0, 0.0, 0.0, 0.0, 0.0, 0.0, 0.0, 0.0, 0.0, 0.0, 0.0, 0.0, 0.0, 0.0, 0.0, 0.0, 0.0, 0.0, 0.0, 0.0, 0.0, 0.0, 0.0, 0.0, 0.0, 0.0, 0.0, 0.0, 0.0, 0.0, 0.0, 0.0, 0.0, 0.0, 0.0, 0.0, 0.0]
2022-12-17 18:42:17,991 Train INFO: mean test reward4: [0.0, 0.0, 0.0, 0.0, 0.0, 0.0, 0.0, 0.0, 0.0, 0.0, 0.0, 0.0, 0.0, 0.0, 0.0, 0.0, 0.0, 0.0, 0.0, 0.0, 0.0, 0.0, 0.0, 0.0, 0.0, 0.0, 0.0, 0.0, 0.0, 0.0, 0.0, 0.0, 0.0, 0.0, 0.0, 0.0, 0.0, 0.0, 0.0, 0.0, 0.0, 0.0, 0.0, 0.0, 0.0, 0.0, 0.0, 0.0, 0.0, 0.0]
2022-12-17 18:42:17,991 Train INFO: mean test reward: 46.5699,0.0000,0.0000,0.0000
2022-12-17 18:42:17,992 Train INFO: test seed: 16************************************
2022-12-17 18:42:18,446 Train INFO: mean test reward1: [45.877777777777794, 45.300000000000026, 46.400000000000034, 44.13333333333336, 46.61666666666666, 42.35555555555558, 44.61666666666669, 48.327777777777776, 45.65555555555557, 37.833333333333336, 43.81111111111114, 50.43888888888891, 44.700000000000024, 47.177777777777806, 47.077777777777804, 46.39444444444447, 48.27222222222223, 44.50555555555558, 47.866666666666696, 48.694444444444436, 43.83333333333334, 43.51111111111115, 49.00000000000002, 44.77777777777778, 44.35000000000001, 43.67222222222224, 44.66111111111114, 50.33333333333333, 47.33888888888889, 48.02777777777779, 45.51666666666665, 45.91666666666667, 44.39444444444447, 43.18888888888891, 43.08888888888892, 45.6388888888889, 45.03333333333337, 48.488888888888894, 41.61111111111114, 44.40000000000002, 48.81111111111112, 43.727777777777796, 48.59444444444447, 43.76111111111114, 51.25555555555553, 46.87222222222225, 48.12777777777777, 43.66666666666668, 48.3888888888889, 42.96666666666669]
2022-12-17 18:42:18,446 Train INFO: mean test reward2: [0.0, 0.0, 0.0, 0.0, 0.0, 0.0, 0.0, 0.0, 0.0, 0.0, 0.0, 0.0, 0.0, 0.0, 0.0, 0.0, 0.0, 0.0, 0.0, 0.0, 0.0, 0.0, 0.0, 0.0, 0.0, 0.0, 0.0, 0.0, 0.0, 0.0, 0.0, 0.0, 0.0, 0.0, 0.0, 0.0, 0.0, 0.0, 0.0, 0.0, 0.0, 0.0, 0.0, 0.0, 0.0, 0.0, 0.0, 0.0, 0.0, 0.0]
2022-12-17 18:42:18,447 Train INFO: mean test reward3: [0.0, 0.0, 0.0, 0.0, 0.0, 0.0, 0.0, 0.0, 0.0, 0.0, 0.0, 0.0, 0.0, 0.0, 0.0, 0.0, 0.0, 0.0, 0.0, 0.0, 0.0, 0.0, 0.0, 0.0, 0.0, 0.0, 0.0, 0.0, 0.0, 0.0, 0.0, 0.0, 0.0, 0.0, 0.0, 0.0, 0.0, 0.0, 0.0, 0.0, 0.0, 0.0, 0.0, 0.0, 0.0, 0.0, 0.0, 0.0, 0.0, 0.0]
2022-12-17 18:42:18,447 Train INFO: mean test reward4: [0.0, 0.0, 0.0, 0.0, 0.0, 0.0, 0.0, 0.0, 0.0, 0.0, 0.0, 0.0, 0.0, 0.0, 0.0, 0.0, 0.0, 0.0, 0.0, 0.0, 0.0, 0.0, 0.0, 0.0, 0.0, 0.0, 0.0, 0.0, 0.0, 0.0, 0.0, 0.0, 0.0, 0.0, 0.0, 0.0, 0.0, 0.0, 0.0, 0.0, 0.0, 0.0, 0.0, 0.0, 0.0, 0.0, 0.0, 0.0, 0.0, 0.0]
2022-12-17 18:42:18,447 Train INFO: mean test reward: 45.7802,0.0000,0.0000,0.0000
2022-12-17 18:42:18,447 Train INFO: test seed: 17************************************
2022-12-17 18:42:18,914 Train INFO: mean test reward1: [36.83333333333334, 44.61111111111113, 50.00555555555558, 39.9277777777778, 47.2833333333333, 42.2, 50.95, 49.99999999999999, 50.261111111111106, 43.56111111111114, 48.28333333333333, 48.011111111111084, 45.34444444444448, 51.09444444444446, 42.30000000000002, 44.14444444444447, 46.73888888888891, 49.211111111111094, 49.32777777777778, 50.63888888888891, 47.17777777777779, 47.23333333333331, 48.96666666666669, 48.7555555555556, 46.400000000000006, 46.87222222222225, 42.811111111111146, 50.488888888888894, 48.122222222222256, 47.06666666666666, 47.28333333333336, 47.32222222222221, 49.177777777777806, 47.9166666666667, 49.33888888888888, 48.91111111111113, 48.233333333333334, 50.26111111111108, 46.70555555555559, 48.84444444444447, 51.25555555555554, 45.194444444444464, 50.266666666666666, 39.72222222222225, 50.95555555555556, 48.900000000000006, 51.04444444444443, 43.044444444444466, 50.1111111111111, 44.87222222222224]
2022-12-17 18:42:18,914 Train INFO: mean test reward2: [0.0, 0.0, 0.0, 0.0, 0.0, 0.0, 0.0, 0.0, 0.0, 0.0, 0.0, 0.0, 0.0, 0.0, 0.0, 0.0, 0.0, 0.0, 0.0, 0.0, 0.0, 0.0, 0.0, 0.0, 0.0, 0.0, 0.0, 0.0, 0.0, 0.0, 0.0, 0.0, 0.0, 0.0, 0.0, 0.0, 0.0, 0.0, 0.0, 0.0, 0.0, 0.0, 0.0, 0.0, 0.0, 0.0, 0.0, 0.0, 0.0, 0.0]
2022-12-17 18:42:18,914 Train INFO: mean test reward3: [0.0, 0.0, 0.0, 0.0, 0.0, 0.0, 0.0, 0.0, 0.0, 0.0, 0.0, 0.0, 0.0, 0.0, 0.0, 0.0, 0.0, 0.0, 0.0, 0.0, 0.0, 0.0, 0.0, 0.0, 0.0, 0.0, 0.0, 0.0, 0.0, 0.0, 0.0, 0.0, 0.0, 0.0, 0.0, 0.0, 0.0, 0.0, 0.0, 0.0, 0.0, 0.0, 0.0, 0.0, 0.0, 0.0, 0.0, 0.0, 0.0, 0.0]
2022-12-17 18:42:18,914 Train INFO: mean test reward4: [0.0, 0.0, 0.0, 0.0, 0.0, 0.0, 0.0, 0.0, 0.0, 0.0, 0.0, 0.0, 0.0, 0.0, 0.0, 0.0, 0.0, 0.0, 0.0, 0.0, 0.0, 0.0, 0.0, 0.0, 0.0, 0.0, 0.0, 0.0, 0.0, 0.0, 0.0, 0.0, 0.0, 0.0, 0.0, 0.0, 0.0, 0.0, 0.0, 0.0, 0.0, 0.0, 0.0, 0.0, 0.0, 0.0, 0.0, 0.0, 0.0, 0.0]
2022-12-17 18:42:18,914 Train INFO: mean test reward: 47.2797,0.0000,0.0000,0.0000
2022-12-17 18:42:18,915 Train INFO: test seed: 18************************************
2022-12-17 18:42:19,343 Train INFO: mean test reward1: [45.87777777777779, 40.7277777777778, 46.81666666666668, 43.361111111111136, 45.97222222222223, 36.36111111111112, 40.04444444444446, 47.85000000000001, 45.40555555555557, 42.244444444444476, 44.45000000000002, 48.38888888888888, 43.200000000000024, 48.80555555555559, 40.8888888888889, 39.9888888888889, 46.69444444444442, 49.2277777777778, 45.183333333333344, 47.288888888888906, 44.87222222222224, 47.172222222222224, 47.85555555555559, 44.8277777777778, 46.494444444444476, 47.27222222222224, 44.666666666666686, 49.911111111111104, 46.19444444444445, 44.46111111111114, 46.12777777777779, 41.18888888888892, 45.19444444444446, 40.56666666666669, 46.2388888888889, 50.21666666666667, 40.29444444444446, 44.483333333333334, 46.23333333333334, 37.61666666666668, 47.63333333333333, 45.35555555555558, 48.00000000000001, 36.0, 49.216666666666626, 37.038888888888906, 46.12777777777781, 45.08888888888891, 47.66111111111113, 43.03333333333336]
2022-12-17 18:42:19,343 Train INFO: mean test reward2: [0.0, 0.0, 0.0, 0.0, 0.0, 0.0, 0.0, 0.0, 0.0, 0.0, 0.0, 0.0, 0.0, 0.0, 0.0, 0.0, 0.0, 0.0, 0.0, 0.0, 0.0, 0.0, 0.0, 0.0, 0.0, 0.0, 0.0, 0.0, 0.0, 0.0, 0.0, 0.0, 0.0, 0.0, 0.0, 0.0, 0.0, 0.0, 0.0, 0.0, 0.0, 0.0, 0.0, 0.0, 0.0, 0.0, 0.0, 0.0, 0.0, 0.0]
2022-12-17 18:42:19,343 Train INFO: mean test reward3: [0.0, 0.0, 0.0, 0.0, 0.0, 0.0, 0.0, 0.0, 0.0, 0.0, 0.0, 0.0, 0.0, 0.0, 0.0, 0.0, 0.0, 0.0, 0.0, 0.0, 0.0, 0.0, 0.0, 0.0, 0.0, 0.0, 0.0, 0.0, 0.0, 0.0, 0.0, 0.0, 0.0, 0.0, 0.0, 0.0, 0.0, 0.0, 0.0, 0.0, 0.0, 0.0, 0.0, 0.0, 0.0, 0.0, 0.0, 0.0, 0.0, 0.0]
2022-12-17 18:42:19,343 Train INFO: mean test reward4: [0.0, 0.0, 0.0, 0.0, 0.0, 0.0, 0.0, 0.0, 0.0, 0.0, 0.0, 0.0, 0.0, 0.0, 0.0, 0.0, 0.0, 0.0, 0.0, 0.0, 0.0, 0.0, 0.0, 0.0, 0.0, 0.0, 0.0, 0.0, 0.0, 0.0, 0.0, 0.0, 0.0, 0.0, 0.0, 0.0, 0.0, 0.0, 0.0, 0.0, 0.0, 0.0, 0.0, 0.0, 0.0, 0.0, 0.0, 0.0, 0.0, 0.0]
2022-12-17 18:42:19,344 Train INFO: mean test reward: 44.7164,0.0000,0.0000,0.0000
2022-12-17 18:42:19,344 Train INFO: test seed: 19************************************
2022-12-17 18:42:19,783 Train INFO: mean test reward1: [45.30000000000001, 44.24444444444447, 41.616666666666696, 41.72222222222224, 48.42777777777781, 45.083333333333336, 39.81666666666668, 50.49444444444448, 42.82777777777779, 46.72222222222224, 43.23888888888891, 50.07222222222225, 46.96111111111115, 47.17222222222225, 46.45000000000002, 46.39444444444445, 45.483333333333356, 49.89444444444447, 42.927777777777806, 49.48333333333336, 46.655555555555544, 44.75000000000004, 49.60555555555557, 40.211111111111116, 44.87222222222224, 40.93888888888891, 41.19444444444446, 50.38333333333334, 46.1388888888889, 44.866666666666696, 40.033333333333346, 45.50555555555556, 46.61111111111112, 42.71111111111111, 45.405555555555566, 49.11111111111108, 43.783333333333346, 47.33888888888893, 44.18333333333335, 47.00555555555554, 49.34444444444444, 44.916666666666714, 46.38333333333334, 44.67222222222224, 48.11666666666669, 45.694444444444436, 41.66111111111115, 45.777777777777814, 49.07222222222223, 44.511111111111134]
2022-12-17 18:42:19,783 Train INFO: mean test reward2: [0.0, 0.0, 0.0, 0.0, 0.0, 0.0, 0.0, 0.0, 0.0, 0.0, 0.0, 0.0, 0.0, 0.0, 0.0, 0.0, 0.0, 0.0, 0.0, 0.0, 0.0, 0.0, 0.0, 0.0, 0.0, 0.0, 0.0, 0.0, 0.0, 0.0, 0.0, 0.0, 0.0, 0.0, 0.0, 0.0, 0.0, 0.0, 0.0, 0.0, 0.0, 0.0, 0.0, 0.0, 0.0, 0.0, 0.0, 0.0, 0.0, 0.0]
2022-12-17 18:42:19,783 Train INFO: mean test reward3: [0.0, 0.0, 0.0, 0.0, 0.0, 0.0, 0.0, 0.0, 0.0, 0.0, 0.0, 0.0, 0.0, 0.0, 0.0, 0.0, 0.0, 0.0, 0.0, 0.0, 0.0, 0.0, 0.0, 0.0, 0.0, 0.0, 0.0, 0.0, 0.0, 0.0, 0.0, 0.0, 0.0, 0.0, 0.0, 0.0, 0.0, 0.0, 0.0, 0.0, 0.0, 0.0, 0.0, 0.0, 0.0, 0.0, 0.0, 0.0, 0.0, 0.0]
2022-12-17 18:42:19,783 Train INFO: mean test reward4: [0.0, 0.0, 0.0, 0.0, 0.0, 0.0, 0.0, 0.0, 0.0, 0.0, 0.0, 0.0, 0.0, 0.0, 0.0, 0.0, 0.0, 0.0, 0.0, 0.0, 0.0, 0.0, 0.0, 0.0, 0.0, 0.0, 0.0, 0.0, 0.0, 0.0, 0.0, 0.0, 0.0, 0.0, 0.0, 0.0, 0.0, 0.0, 0.0, 0.0, 0.0, 0.0, 0.0, 0.0, 0.0, 0.0, 0.0, 0.0, 0.0, 0.0]
2022-12-17 18:42:19,783 Train INFO: mean test reward: 45.5158,0.0000,0.0000,0.0000
