2022-12-17 17:32:08,799 Train INFO: Namespace(logger=<Logger Train (INFO)>, name='A2C2022-12-17-17-32-08', gpu='0', device=device(type='cuda', index=0), gamma=1, epoch_num=3000, test_episode=50, val_episode=50, test_size=0.1, val_size=0.5, batch_size=50, train_batch_size=50, num_steps=10, h=1, w=[120, 50], nn_out=40, share_lr=0.01, actor_lr=0.001, critic_lr=0.01, step=50, lr_min=0.0001, e_rate=0.001, a_rate=1, c_rate=1, lr_decay_lambda=0.99, duse_T=True, est_T=False, use_pref=False, same_price=False, use_price=True, only_test=True, change_T=True, num='0', print_grad=False, max_norm=10, seed_range=20, net_seed=0, seed=0, info=True, selling_length=180, cardinality=4, ini_inv=10, num_products=10, number_samples=10000, num_cus_types=4, seg_prob=None, cus_type=None, rank_list=None, detail=False)
2022-12-17 17:32:08,799 Train INFO: log/A2C2022-12-17-17-32-08
2022-12-17 17:32:08,801 Train INFO: products price: [2000.         1788.88888889 1577.77777778 1366.66666667 1155.55555556
  944.44444444  733.33333333  522.22222222  311.11111111  100.        ]
2022-12-17 17:32:08,801 Train INFO: Load Factor 1.8
2022-12-17 17:32:08,802 Train INFO: test seed: 0************************************
2022-12-17 17:32:12,303 Train INFO: mean test reward1: [49.022222222222204, 47.02222222222222, 43.23333333333338, 43.97222222222222, 46.766666666666666, 49.63333333333335, 48.644444444444446, 46.50000000000002, 47.2888888888889, 48.28333333333336, 48.95555555555556, 45.18333333333335, 45.44444444444444, 47.07777777777781, 43.93888888888888, 44.03333333333333, 42.15000000000001, 44.46666666666668, 46.4, 43.67222222222222, 43.672222222222224, 48.172222222222246, 47.59444444444444, 43.19444444444445, 46.14444444444443, 48.48888888888889, 41.97222222222223, 43.14444444444447, 46.127777777777794, 49.022222222222204, 46.438888888888876, 44.9777777777778, 49.433333333333344, 49.01666666666665, 52.4, 42.61111111111112, 39.105555555555576, 47.49999999999999, 50.42777777777779, 46.97222222222223, 48.32777777777778, 47.95555555555551, 50.27777777777781, 46.705555555555534, 48.216666666666676, 46.18333333333331, 47.272222222222226, 45.33333333333334, 47.1277777777778, 47.966666666666654]
2022-12-17 17:32:12,304 Train INFO: mean test reward2: [0.0, 0.0, 0.0, 0.0, 0.0, 0.0, 0.0, 0.0, 0.0, 0.0, 0.0, 0.0, 0.0, 0.0, 0.0, 0.0, 0.0, 0.0, 0.0, 0.0, 0.0, 0.0, 0.0, 0.0, 0.0, 0.0, 0.0, 0.0, 0.0, 0.0, 0.0, 0.0, 0.0, 0.0, 0.0, 0.0, 0.0, 0.0, 0.0, 0.0, 0.0, 0.0, 0.0, 0.0, 0.0, 0.0, 0.0, 0.0, 0.0, 0.0]
2022-12-17 17:32:12,304 Train INFO: mean test reward3: [0.0, 0.0, 0.0, 0.0, 0.0, 0.0, 0.0, 0.0, 0.0, 0.0, 0.0, 0.0, 0.0, 0.0, 0.0, 0.0, 0.0, 0.0, 0.0, 0.0, 0.0, 0.0, 0.0, 0.0, 0.0, 0.0, 0.0, 0.0, 0.0, 0.0, 0.0, 0.0, 0.0, 0.0, 0.0, 0.0, 0.0, 0.0, 0.0, 0.0, 0.0, 0.0, 0.0, 0.0, 0.0, 0.0, 0.0, 0.0, 0.0, 0.0]
2022-12-17 17:32:12,304 Train INFO: mean test reward4: [0.0, 0.0, 0.0, 0.0, 0.0, 0.0, 0.0, 0.0, 0.0, 0.0, 0.0, 0.0, 0.0, 0.0, 0.0, 0.0, 0.0, 0.0, 0.0, 0.0, 0.0, 0.0, 0.0, 0.0, 0.0, 0.0, 0.0, 0.0, 0.0, 0.0, 0.0, 0.0, 0.0, 0.0, 0.0, 0.0, 0.0, 0.0, 0.0, 0.0, 0.0, 0.0, 0.0, 0.0, 0.0, 0.0, 0.0, 0.0, 0.0, 0.0]
2022-12-17 17:32:12,304 Train INFO: mean test reward: 46.4694,0.0000,0.0000,0.0000
2022-12-17 17:32:12,304 Train INFO: test seed: 1************************************
2022-12-17 17:32:12,681 Train INFO: mean test reward1: [46.50555555555556, 45.66666666666664, 45.655555555555566, 41.45555555555557, 44.35555555555557, 50.22222222222223, 45.59444444444447, 48.22777777777779, 45.82222222222221, 44.13333333333335, 47.227777777777774, 46.58888888888888, 46.51111111111109, 43.466666666666676, 40.1888888888889, 45.622222222222206, 40.99444444444446, 42.888888888888886, 44.45555555555555, 44.361111111111136, 46.28888888888887, 49.43888888888889, 47.75555555555557, 36.57222222222224, 46.611111111111114, 45.92222222222222, 42.25000000000001, 44.872222222222234, 44.22222222222223, 46.144444444444446, 43.961111111111116, 40.36111111111113, 47.49444444444443, 45.97777777777777, 47.65000000000001, 44.977777777777774, 42.98333333333334, 46.766666666666666, 48.177777777777784, 41.200000000000024, 48.60000000000001, 45.34999999999999, 47.66111111111111, 44.249999999999986, 46.86111111111113, 47.17222222222223, 48.166666666666664, 45.03888888888889, 46.033333333333324, 44.827777777777776]
2022-12-17 17:32:12,681 Train INFO: mean test reward2: [0.0, 0.0, 0.0, 0.0, 0.0, 0.0, 0.0, 0.0, 0.0, 0.0, 0.0, 0.0, 0.0, 0.0, 0.0, 0.0, 0.0, 0.0, 0.0, 0.0, 0.0, 0.0, 0.0, 0.0, 0.0, 0.0, 0.0, 0.0, 0.0, 0.0, 0.0, 0.0, 0.0, 0.0, 0.0, 0.0, 0.0, 0.0, 0.0, 0.0, 0.0, 0.0, 0.0, 0.0, 0.0, 0.0, 0.0, 0.0, 0.0, 0.0]
2022-12-17 17:32:12,681 Train INFO: mean test reward3: [0.0, 0.0, 0.0, 0.0, 0.0, 0.0, 0.0, 0.0, 0.0, 0.0, 0.0, 0.0, 0.0, 0.0, 0.0, 0.0, 0.0, 0.0, 0.0, 0.0, 0.0, 0.0, 0.0, 0.0, 0.0, 0.0, 0.0, 0.0, 0.0, 0.0, 0.0, 0.0, 0.0, 0.0, 0.0, 0.0, 0.0, 0.0, 0.0, 0.0, 0.0, 0.0, 0.0, 0.0, 0.0, 0.0, 0.0, 0.0, 0.0, 0.0]
2022-12-17 17:32:12,681 Train INFO: mean test reward4: [0.0, 0.0, 0.0, 0.0, 0.0, 0.0, 0.0, 0.0, 0.0, 0.0, 0.0, 0.0, 0.0, 0.0, 0.0, 0.0, 0.0, 0.0, 0.0, 0.0, 0.0, 0.0, 0.0, 0.0, 0.0, 0.0, 0.0, 0.0, 0.0, 0.0, 0.0, 0.0, 0.0, 0.0, 0.0, 0.0, 0.0, 0.0, 0.0, 0.0, 0.0, 0.0, 0.0, 0.0, 0.0, 0.0, 0.0, 0.0, 0.0, 0.0]
2022-12-17 17:32:12,681 Train INFO: mean test reward: 45.2707,0.0000,0.0000,0.0000
2022-12-17 17:32:12,682 Train INFO: test seed: 2************************************
2022-12-17 17:32:13,072 Train INFO: mean test reward1: [45.12777777777779, 48.12777777777777, 40.83888888888892, 42.08333333333336, 39.938888888888904, 47.605555555555576, 43.13888888888889, 46.18333333333333, 40.56666666666667, 45.40555555555555, 49.01666666666666, 48.655555555555544, 44.86666666666666, 41.77777777777781, 44.1, 45.45555555555554, 43.67777777777778, 40.20555555555557, 43.02222222222226, 43.144444444444446, 42.31666666666667, 45.816666666666684, 48.23333333333334, 38.47777777777777, 43.35555555555556, 45.438888888888904, 45.29999999999999, 45.449999999999974, 46.083333333333336, 45.55555555555555, 43.6666666666667, 43.92777777777778, 50.27222222222222, 40.52222222222223, 45.29444444444444, 39.77222222222224, 39.894444444444446, 42.72222222222222, 48.17777777777775, 39.10555555555558, 46.43333333333333, 40.93333333333332, 45.87222222222223, 45.877777777777766, 43.82777777777779, 44.66666666666668, 46.49999999999998, 43.25555555555557, 45.77222222222224, 41.244444444444454]
2022-12-17 17:32:13,073 Train INFO: mean test reward2: [0.0, 0.0, 0.0, 0.0, 0.0, 0.0, 0.0, 0.0, 0.0, 0.0, 0.0, 0.0, 0.0, 0.0, 0.0, 0.0, 0.0, 0.0, 0.0, 0.0, 0.0, 0.0, 0.0, 0.0, 0.0, 0.0, 0.0, 0.0, 0.0, 0.0, 0.0, 0.0, 0.0, 0.0, 0.0, 0.0, 0.0, 0.0, 0.0, 0.0, 0.0, 0.0, 0.0, 0.0, 0.0, 0.0, 0.0, 0.0, 0.0, 0.0]
2022-12-17 17:32:13,073 Train INFO: mean test reward3: [0.0, 0.0, 0.0, 0.0, 0.0, 0.0, 0.0, 0.0, 0.0, 0.0, 0.0, 0.0, 0.0, 0.0, 0.0, 0.0, 0.0, 0.0, 0.0, 0.0, 0.0, 0.0, 0.0, 0.0, 0.0, 0.0, 0.0, 0.0, 0.0, 0.0, 0.0, 0.0, 0.0, 0.0, 0.0, 0.0, 0.0, 0.0, 0.0, 0.0, 0.0, 0.0, 0.0, 0.0, 0.0, 0.0, 0.0, 0.0, 0.0, 0.0]
2022-12-17 17:32:13,073 Train INFO: mean test reward4: [0.0, 0.0, 0.0, 0.0, 0.0, 0.0, 0.0, 0.0, 0.0, 0.0, 0.0, 0.0, 0.0, 0.0, 0.0, 0.0, 0.0, 0.0, 0.0, 0.0, 0.0, 0.0, 0.0, 0.0, 0.0, 0.0, 0.0, 0.0, 0.0, 0.0, 0.0, 0.0, 0.0, 0.0, 0.0, 0.0, 0.0, 0.0, 0.0, 0.0, 0.0, 0.0, 0.0, 0.0, 0.0, 0.0, 0.0, 0.0, 0.0, 0.0]
2022-12-17 17:32:13,073 Train INFO: mean test reward: 44.1341,0.0000,0.0000,0.0000
2022-12-17 17:32:13,073 Train INFO: test seed: 3************************************
2022-12-17 17:32:13,456 Train INFO: mean test reward1: [48.38888888888889, 47.18888888888887, 41.83333333333336, 40.722222222222236, 45.3, 45.56111111111111, 40.04444444444445, 47.68888888888889, 43.92777777777778, 43.46666666666667, 45.044444444444444, 47.488888888888894, 42.51666666666666, 41.51666666666668, 44.033333333333346, 41.416666666666686, 41.52222222222223, 44.249999999999986, 45.1388888888889, 44.35555555555557, 40.83888888888891, 44.62222222222223, 47.48888888888891, 40.41666666666668, 47.755555555555574, 49.11666666666665, 45.616666666666646, 44.72222222222222, 47.71111111111111, 45.83333333333333, 47.27777777777776, 43.99444444444447, 48.37222222222223, 45.29999999999998, 45.23888888888889, 42.13888888888891, 36.53333333333333, 43.50555555555556, 45.87222222222223, 45.18888888888888, 45.138888888888886, 45.24444444444442, 40.98333333333335, 42.777777777777786, 43.51111111111111, 44.872222222222234, 45.35555555555557, 43.71666666666666, 45.183333333333344, 39.72777777777778]
2022-12-17 17:32:13,457 Train INFO: mean test reward2: [0.0, 0.0, 0.0, 0.0, 0.0, 0.0, 0.0, 0.0, 0.0, 0.0, 0.0, 0.0, 0.0, 0.0, 0.0, 0.0, 0.0, 0.0, 0.0, 0.0, 0.0, 0.0, 0.0, 0.0, 0.0, 0.0, 0.0, 0.0, 0.0, 0.0, 0.0, 0.0, 0.0, 0.0, 0.0, 0.0, 0.0, 0.0, 0.0, 0.0, 0.0, 0.0, 0.0, 0.0, 0.0, 0.0, 0.0, 0.0, 0.0, 0.0]
2022-12-17 17:32:13,457 Train INFO: mean test reward3: [0.0, 0.0, 0.0, 0.0, 0.0, 0.0, 0.0, 0.0, 0.0, 0.0, 0.0, 0.0, 0.0, 0.0, 0.0, 0.0, 0.0, 0.0, 0.0, 0.0, 0.0, 0.0, 0.0, 0.0, 0.0, 0.0, 0.0, 0.0, 0.0, 0.0, 0.0, 0.0, 0.0, 0.0, 0.0, 0.0, 0.0, 0.0, 0.0, 0.0, 0.0, 0.0, 0.0, 0.0, 0.0, 0.0, 0.0, 0.0, 0.0, 0.0]
2022-12-17 17:32:13,457 Train INFO: mean test reward4: [0.0, 0.0, 0.0, 0.0, 0.0, 0.0, 0.0, 0.0, 0.0, 0.0, 0.0, 0.0, 0.0, 0.0, 0.0, 0.0, 0.0, 0.0, 0.0, 0.0, 0.0, 0.0, 0.0, 0.0, 0.0, 0.0, 0.0, 0.0, 0.0, 0.0, 0.0, 0.0, 0.0, 0.0, 0.0, 0.0, 0.0, 0.0, 0.0, 0.0, 0.0, 0.0, 0.0, 0.0, 0.0, 0.0, 0.0, 0.0, 0.0, 0.0]
2022-12-17 17:32:13,457 Train INFO: mean test reward: 44.3092,0.0000,0.0000,0.0000
2022-12-17 17:32:13,457 Train INFO: test seed: 4************************************
2022-12-17 17:32:13,847 Train INFO: mean test reward1: [45.76111111111111, 42.25555555555555, 44.92222222222227, 43.14444444444445, 42.3, 45.555555555555564, 45.82222222222223, 47.54999999999999, 46.866666666666674, 43.67222222222221, 46.34444444444445, 46.55, 48.03333333333332, 40.683333333333344, 40.83333333333334, 43.66666666666667, 43.51666666666667, 41.50555555555557, 46.3888888888889, 43.77222222222222, 46.344444444444434, 45.561111111111124, 46.64444444444445, 41.20000000000002, 45.19444444444445, 47.12777777777775, 43.45, 45.655555555555566, 44.81666666666667, 43.477777777777774, 43.505555555555574, 43.14444444444447, 47.738888888888894, 45.44444444444446, 42.87222222222221, 39.111111111111114, 42.82777777777779, 45.34444444444445, 45.033333333333324, 46.60555555555557, 46.70555555555555, 47.60555555555555, 45.983333333333334, 44.98333333333332, 44.77222222222222, 47.18333333333333, 45.87222222222222, 46.92777777777777, 48.083333333333336, 49.12222222222223]
2022-12-17 17:32:13,847 Train INFO: mean test reward2: [0.0, 0.0, 0.0, 0.0, 0.0, 0.0, 0.0, 0.0, 0.0, 0.0, 0.0, 0.0, 0.0, 0.0, 0.0, 0.0, 0.0, 0.0, 0.0, 0.0, 0.0, 0.0, 0.0, 0.0, 0.0, 0.0, 0.0, 0.0, 0.0, 0.0, 0.0, 0.0, 0.0, 0.0, 0.0, 0.0, 0.0, 0.0, 0.0, 0.0, 0.0, 0.0, 0.0, 0.0, 0.0, 0.0, 0.0, 0.0, 0.0, 0.0]
2022-12-17 17:32:13,847 Train INFO: mean test reward3: [0.0, 0.0, 0.0, 0.0, 0.0, 0.0, 0.0, 0.0, 0.0, 0.0, 0.0, 0.0, 0.0, 0.0, 0.0, 0.0, 0.0, 0.0, 0.0, 0.0, 0.0, 0.0, 0.0, 0.0, 0.0, 0.0, 0.0, 0.0, 0.0, 0.0, 0.0, 0.0, 0.0, 0.0, 0.0, 0.0, 0.0, 0.0, 0.0, 0.0, 0.0, 0.0, 0.0, 0.0, 0.0, 0.0, 0.0, 0.0, 0.0, 0.0]
2022-12-17 17:32:13,847 Train INFO: mean test reward4: [0.0, 0.0, 0.0, 0.0, 0.0, 0.0, 0.0, 0.0, 0.0, 0.0, 0.0, 0.0, 0.0, 0.0, 0.0, 0.0, 0.0, 0.0, 0.0, 0.0, 0.0, 0.0, 0.0, 0.0, 0.0, 0.0, 0.0, 0.0, 0.0, 0.0, 0.0, 0.0, 0.0, 0.0, 0.0, 0.0, 0.0, 0.0, 0.0, 0.0, 0.0, 0.0, 0.0, 0.0, 0.0, 0.0, 0.0, 0.0, 0.0, 0.0]
2022-12-17 17:32:13,847 Train INFO: mean test reward: 44.9497,0.0000,0.0000,0.0000
2022-12-17 17:32:13,848 Train INFO: test seed: 5************************************
2022-12-17 17:32:14,230 Train INFO: mean test reward1: [45.038888888888884, 44.71666666666663, 44.877777777777794, 46.55000000000002, 41.8777777777778, 47.5888888888889, 43.71111111111111, 46.61111111111112, 45.18888888888889, 47.233333333333334, 48.53888888888889, 47.81111111111111, 46.07222222222223, 47.50555555555555, 50.47222222222218, 42.722222222222236, 42.62777777777779, 46.61666666666667, 45.07222222222224, 42.51666666666667, 45.555555555555536, 47.13333333333334, 47.18888888888887, 42.61111111111111, 46.40000000000001, 48.27222222222223, 46.9222222222222, 47.23333333333334, 48.27777777777778, 45.39444444444445, 47.23333333333331, 45.44444444444445, 49.805555555555564, 48.91111111111109, 44.33333333333332, 44.35555555555556, 41.36111111111113, 47.44444444444445, 50.47777777777776, 44.877777777777794, 50.48333333333334, 47.27777777777778, 46.555555555555564, 47.81111111111112, 47.13888888888891, 46.761111111111106, 48.27777777777777, 44.0777777777778, 46.07777777777777, 44.6611111111111]
2022-12-17 17:32:14,230 Train INFO: mean test reward2: [0.0, 0.0, 0.0, 0.0, 0.0, 0.0, 0.0, 0.0, 0.0, 0.0, 0.0, 0.0, 0.0, 0.0, 0.0, 0.0, 0.0, 0.0, 0.0, 0.0, 0.0, 0.0, 0.0, 0.0, 0.0, 0.0, 0.0, 0.0, 0.0, 0.0, 0.0, 0.0, 0.0, 0.0, 0.0, 0.0, 0.0, 0.0, 0.0, 0.0, 0.0, 0.0, 0.0, 0.0, 0.0, 0.0, 0.0, 0.0, 0.0, 0.0]
2022-12-17 17:32:14,230 Train INFO: mean test reward3: [0.0, 0.0, 0.0, 0.0, 0.0, 0.0, 0.0, 0.0, 0.0, 0.0, 0.0, 0.0, 0.0, 0.0, 0.0, 0.0, 0.0, 0.0, 0.0, 0.0, 0.0, 0.0, 0.0, 0.0, 0.0, 0.0, 0.0, 0.0, 0.0, 0.0, 0.0, 0.0, 0.0, 0.0, 0.0, 0.0, 0.0, 0.0, 0.0, 0.0, 0.0, 0.0, 0.0, 0.0, 0.0, 0.0, 0.0, 0.0, 0.0, 0.0]
2022-12-17 17:32:14,230 Train INFO: mean test reward4: [0.0, 0.0, 0.0, 0.0, 0.0, 0.0, 0.0, 0.0, 0.0, 0.0, 0.0, 0.0, 0.0, 0.0, 0.0, 0.0, 0.0, 0.0, 0.0, 0.0, 0.0, 0.0, 0.0, 0.0, 0.0, 0.0, 0.0, 0.0, 0.0, 0.0, 0.0, 0.0, 0.0, 0.0, 0.0, 0.0, 0.0, 0.0, 0.0, 0.0, 0.0, 0.0, 0.0, 0.0, 0.0, 0.0, 0.0, 0.0, 0.0, 0.0]
2022-12-17 17:32:14,231 Train INFO: mean test reward: 46.2341,0.0000,0.0000,0.0000
2022-12-17 17:32:14,231 Train INFO: test seed: 6************************************
2022-12-17 17:32:14,600 Train INFO: mean test reward1: [45.466666666666654, 42.83333333333335, 42.04444444444446, 40.08888888888891, 42.505555555555574, 50.055555555555586, 41.461111111111144, 46.177777777777806, 44.344444444444434, 48.33333333333336, 46.722222222222214, 50.00555555555554, 46.705555555555534, 40.055555555555564, 39.98333333333336, 42.83888888888888, 42.25555555555555, 45.88333333333332, 45.983333333333334, 43.25000000000001, 43.566666666666684, 46.45555555555554, 47.02222222222225, 41.40555555555555, 43.62222222222224, 41.822222222222244, 46.816666666666656, 43.04444444444446, 42.083333333333336, 47.38888888888888, 48.22777777777777, 44.61111111111111, 46.4388888888889, 42.56666666666666, 47.077777777777754, 43.405555555555544, 35.96111111111112, 46.18333333333332, 48.33333333333333, 43.41111111111112, 46.972222222222214, 47.805555555555536, 46.49444444444445, 46.29444444444444, 45.14444444444445, 43.97777777777776, 44.50555555555555, 43.97777777777779, 45.76666666666665, 45.294444444444444]
2022-12-17 17:32:14,601 Train INFO: mean test reward2: [0.0, 0.0, 0.0, 0.0, 0.0, 0.0, 0.0, 0.0, 0.0, 0.0, 0.0, 0.0, 0.0, 0.0, 0.0, 0.0, 0.0, 0.0, 0.0, 0.0, 0.0, 0.0, 0.0, 0.0, 0.0, 0.0, 0.0, 0.0, 0.0, 0.0, 0.0, 0.0, 0.0, 0.0, 0.0, 0.0, 0.0, 0.0, 0.0, 0.0, 0.0, 0.0, 0.0, 0.0, 0.0, 0.0, 0.0, 0.0, 0.0, 0.0]
2022-12-17 17:32:14,601 Train INFO: mean test reward3: [0.0, 0.0, 0.0, 0.0, 0.0, 0.0, 0.0, 0.0, 0.0, 0.0, 0.0, 0.0, 0.0, 0.0, 0.0, 0.0, 0.0, 0.0, 0.0, 0.0, 0.0, 0.0, 0.0, 0.0, 0.0, 0.0, 0.0, 0.0, 0.0, 0.0, 0.0, 0.0, 0.0, 0.0, 0.0, 0.0, 0.0, 0.0, 0.0, 0.0, 0.0, 0.0, 0.0, 0.0, 0.0, 0.0, 0.0, 0.0, 0.0, 0.0]
2022-12-17 17:32:14,601 Train INFO: mean test reward4: [0.0, 0.0, 0.0, 0.0, 0.0, 0.0, 0.0, 0.0, 0.0, 0.0, 0.0, 0.0, 0.0, 0.0, 0.0, 0.0, 0.0, 0.0, 0.0, 0.0, 0.0, 0.0, 0.0, 0.0, 0.0, 0.0, 0.0, 0.0, 0.0, 0.0, 0.0, 0.0, 0.0, 0.0, 0.0, 0.0, 0.0, 0.0, 0.0, 0.0, 0.0, 0.0, 0.0, 0.0, 0.0, 0.0, 0.0, 0.0, 0.0, 0.0]
2022-12-17 17:32:14,601 Train INFO: mean test reward: 44.6534,0.0000,0.0000,0.0000
2022-12-17 17:32:14,601 Train INFO: test seed: 7************************************
2022-12-17 17:32:14,997 Train INFO: mean test reward1: [45.40000000000002, 44.4111111111111, 45.82222222222223, 46.338888888888924, 47.072222222222216, 46.1888888888889, 42.18888888888891, 46.23888888888891, 47.28888888888889, 48.872222222222234, 49.96111111111111, 49.01111111111106, 44.24999999999998, 47.76666666666667, 45.82222222222221, 45.25000000000001, 42.4611111111111, 41.205555555555556, 46.92777777777775, 39.93888888888891, 45.13888888888889, 46.822222222222244, 44.45555555555554, 39.46666666666668, 47.71666666666667, 46.33888888888889, 42.572222222222216, 42.30555555555557, 48.17222222222223, 46.92222222222222, 47.55555555555555, 47.07222222222223, 46.60555555555556, 46.505555555555524, 46.438888888888876, 43.92222222222222, 44.411111111111104, 47.083333333333336, 49.54444444444444, 42.88333333333335, 46.238888888888866, 40.15, 38.783333333333346, 44.24999999999998, 44.93333333333333, 42.24444444444445, 43.14444444444445, 48.5888888888889, 47.53333333333333, 48.555555555555536]
2022-12-17 17:32:14,997 Train INFO: mean test reward2: [0.0, 0.0, 0.0, 0.0, 0.0, 0.0, 0.0, 0.0, 0.0, 0.0, 0.0, 0.0, 0.0, 0.0, 0.0, 0.0, 0.0, 0.0, 0.0, 0.0, 0.0, 0.0, 0.0, 0.0, 0.0, 0.0, 0.0, 0.0, 0.0, 0.0, 0.0, 0.0, 0.0, 0.0, 0.0, 0.0, 0.0, 0.0, 0.0, 0.0, 0.0, 0.0, 0.0, 0.0, 0.0, 0.0, 0.0, 0.0, 0.0, 0.0]
2022-12-17 17:32:14,997 Train INFO: mean test reward3: [0.0, 0.0, 0.0, 0.0, 0.0, 0.0, 0.0, 0.0, 0.0, 0.0, 0.0, 0.0, 0.0, 0.0, 0.0, 0.0, 0.0, 0.0, 0.0, 0.0, 0.0, 0.0, 0.0, 0.0, 0.0, 0.0, 0.0, 0.0, 0.0, 0.0, 0.0, 0.0, 0.0, 0.0, 0.0, 0.0, 0.0, 0.0, 0.0, 0.0, 0.0, 0.0, 0.0, 0.0, 0.0, 0.0, 0.0, 0.0, 0.0, 0.0]
2022-12-17 17:32:14,997 Train INFO: mean test reward4: [0.0, 0.0, 0.0, 0.0, 0.0, 0.0, 0.0, 0.0, 0.0, 0.0, 0.0, 0.0, 0.0, 0.0, 0.0, 0.0, 0.0, 0.0, 0.0, 0.0, 0.0, 0.0, 0.0, 0.0, 0.0, 0.0, 0.0, 0.0, 0.0, 0.0, 0.0, 0.0, 0.0, 0.0, 0.0, 0.0, 0.0, 0.0, 0.0, 0.0, 0.0, 0.0, 0.0, 0.0, 0.0, 0.0, 0.0, 0.0, 0.0, 0.0]
2022-12-17 17:32:14,997 Train INFO: mean test reward: 45.3754,0.0000,0.0000,0.0000
2022-12-17 17:32:14,997 Train INFO: test seed: 8************************************
2022-12-17 17:32:15,377 Train INFO: mean test reward1: [44.722222222222236, 44.4722222222222, 37.78333333333335, 41.827777777777804, 45.183333333333344, 45.82222222222223, 42.61666666666667, 47.75555555555555, 44.29444444444445, 43.57222222222222, 45.877777777777794, 49.949999999999974, 45.03333333333333, 43.10555555555556, 42.24444444444446, 43.78333333333333, 36.844444444444456, 42.20555555555556, 46.82222222222222, 44.25555555555556, 39.15555555555559, 44.54444444444446, 46.30000000000001, 37.53333333333334, 43.62222222222222, 43.82222222222221, 44.72222222222222, 42.250000000000014, 46.716666666666654, 48.23888888888888, 48.633333333333326, 46.28333333333335, 48.02777777777776, 46.33888888888888, 47.49444444444444, 40.72777777777778, 40.32222222222223, 46.66666666666665, 46.65, 45.72222222222223, 46.34444444444443, 42.62222222222224, 46.92222222222222, 47.23333333333332, 48.74444444444444, 42.833333333333336, 44.20000000000001, 41.45555555555557, 46.02777777777777, 43.56111111111112]
2022-12-17 17:32:15,377 Train INFO: mean test reward2: [0.0, 0.0, 0.0, 0.0, 0.0, 0.0, 0.0, 0.0, 0.0, 0.0, 0.0, 0.0, 0.0, 0.0, 0.0, 0.0, 0.0, 0.0, 0.0, 0.0, 0.0, 0.0, 0.0, 0.0, 0.0, 0.0, 0.0, 0.0, 0.0, 0.0, 0.0, 0.0, 0.0, 0.0, 0.0, 0.0, 0.0, 0.0, 0.0, 0.0, 0.0, 0.0, 0.0, 0.0, 0.0, 0.0, 0.0, 0.0, 0.0, 0.0]
2022-12-17 17:32:15,377 Train INFO: mean test reward3: [0.0, 0.0, 0.0, 0.0, 0.0, 0.0, 0.0, 0.0, 0.0, 0.0, 0.0, 0.0, 0.0, 0.0, 0.0, 0.0, 0.0, 0.0, 0.0, 0.0, 0.0, 0.0, 0.0, 0.0, 0.0, 0.0, 0.0, 0.0, 0.0, 0.0, 0.0, 0.0, 0.0, 0.0, 0.0, 0.0, 0.0, 0.0, 0.0, 0.0, 0.0, 0.0, 0.0, 0.0, 0.0, 0.0, 0.0, 0.0, 0.0, 0.0]
2022-12-17 17:32:15,377 Train INFO: mean test reward4: [0.0, 0.0, 0.0, 0.0, 0.0, 0.0, 0.0, 0.0, 0.0, 0.0, 0.0, 0.0, 0.0, 0.0, 0.0, 0.0, 0.0, 0.0, 0.0, 0.0, 0.0, 0.0, 0.0, 0.0, 0.0, 0.0, 0.0, 0.0, 0.0, 0.0, 0.0, 0.0, 0.0, 0.0, 0.0, 0.0, 0.0, 0.0, 0.0, 0.0, 0.0, 0.0, 0.0, 0.0, 0.0, 0.0, 0.0, 0.0, 0.0, 0.0]
2022-12-17 17:32:15,377 Train INFO: mean test reward: 44.4378,0.0000,0.0000,0.0000
2022-12-17 17:32:15,377 Train INFO: test seed: 9************************************
2022-12-17 17:32:15,773 Train INFO: mean test reward1: [44.76111111111113, 47.599999999999966, 46.39999999999999, 44.76111111111113, 45.444444444444464, 49.58888888888891, 45.76666666666668, 46.18888888888891, 45.61111111111111, 46.455555555555584, 49.84999999999998, 44.61666666666666, 43.03333333333335, 45.56666666666666, 44.87777777777778, 46.13333333333333, 46.50555555555557, 48.133333333333354, 48.37777777777775, 44.66111111111112, 41.90000000000001, 48.22777777777779, 46.81111111111109, 42.29444444444444, 47.716666666666676, 49.422222222222224, 42.60555555555557, 47.961111111111116, 47.60555555555557, 43.983333333333334, 48.699999999999974, 47.12777777777778, 49.27777777777776, 44.92777777777779, 47.07222222222221, 42.55000000000002, 40.20555555555558, 46.17777777777778, 50.266666666666666, 44.3, 49.5833333333333, 47.28333333333331, 47.288888888888906, 45.08333333333332, 45.71111111111113, 45.983333333333334, 48.58888888888888, 44.766666666666666, 47.23333333333333, 42.411111111111104]
2022-12-17 17:32:15,774 Train INFO: mean test reward2: [0.0, 0.0, 0.0, 0.0, 0.0, 0.0, 0.0, 0.0, 0.0, 0.0, 0.0, 0.0, 0.0, 0.0, 0.0, 0.0, 0.0, 0.0, 0.0, 0.0, 0.0, 0.0, 0.0, 0.0, 0.0, 0.0, 0.0, 0.0, 0.0, 0.0, 0.0, 0.0, 0.0, 0.0, 0.0, 0.0, 0.0, 0.0, 0.0, 0.0, 0.0, 0.0, 0.0, 0.0, 0.0, 0.0, 0.0, 0.0, 0.0, 0.0]
2022-12-17 17:32:15,774 Train INFO: mean test reward3: [0.0, 0.0, 0.0, 0.0, 0.0, 0.0, 0.0, 0.0, 0.0, 0.0, 0.0, 0.0, 0.0, 0.0, 0.0, 0.0, 0.0, 0.0, 0.0, 0.0, 0.0, 0.0, 0.0, 0.0, 0.0, 0.0, 0.0, 0.0, 0.0, 0.0, 0.0, 0.0, 0.0, 0.0, 0.0, 0.0, 0.0, 0.0, 0.0, 0.0, 0.0, 0.0, 0.0, 0.0, 0.0, 0.0, 0.0, 0.0, 0.0, 0.0]
2022-12-17 17:32:15,774 Train INFO: mean test reward4: [0.0, 0.0, 0.0, 0.0, 0.0, 0.0, 0.0, 0.0, 0.0, 0.0, 0.0, 0.0, 0.0, 0.0, 0.0, 0.0, 0.0, 0.0, 0.0, 0.0, 0.0, 0.0, 0.0, 0.0, 0.0, 0.0, 0.0, 0.0, 0.0, 0.0, 0.0, 0.0, 0.0, 0.0, 0.0, 0.0, 0.0, 0.0, 0.0, 0.0, 0.0, 0.0, 0.0, 0.0, 0.0, 0.0, 0.0, 0.0, 0.0, 0.0]
2022-12-17 17:32:15,774 Train INFO: mean test reward: 46.1480,0.0000,0.0000,0.0000
2022-12-17 17:32:15,774 Train INFO: test seed: 10************************************
2022-12-17 17:32:16,132 Train INFO: mean test reward1: [44.98333333333332, 45.35555555555556, 45.455555555555556, 41.25000000000001, 43.67222222222222, 49.01666666666668, 42.983333333333334, 45.66111111111112, 44.35555555555556, 42.57777777777779, 48.38888888888891, 47.69444444444442, 45.144444444444446, 44.41666666666668, 44.29444444444443, 39.62777777777778, 44.08333333333336, 45.65000000000003, 48.65, 40.67222222222224, 42.933333333333344, 42.23888888888891, 47.27222222222221, 42.41666666666667, 45.09444444444443, 49.21666666666666, 44.98333333333332, 43.88333333333335, 46.23333333333334, 44.0388888888889, 47.638888888888914, 45.144444444444446, 50.53333333333335, 46.03888888888887, 48.544444444444444, 41.47222222222223, 41.57777777777779, 45.822222222222216, 48.85555555555556, 44.46111111111113, 43.62222222222223, 46.08333333333333, 45.7111111111111, 47.86666666666667, 41.888888888888914, 42.6611111111111, 47.444444444444436, 42.827777777777804, 46.87222222222221, 37.82222222222221]
2022-12-17 17:32:16,132 Train INFO: mean test reward2: [0.0, 0.0, 0.0, 0.0, 0.0, 0.0, 0.0, 0.0, 0.0, 0.0, 0.0, 0.0, 0.0, 0.0, 0.0, 0.0, 0.0, 0.0, 0.0, 0.0, 0.0, 0.0, 0.0, 0.0, 0.0, 0.0, 0.0, 0.0, 0.0, 0.0, 0.0, 0.0, 0.0, 0.0, 0.0, 0.0, 0.0, 0.0, 0.0, 0.0, 0.0, 0.0, 0.0, 0.0, 0.0, 0.0, 0.0, 0.0, 0.0, 0.0]
2022-12-17 17:32:16,132 Train INFO: mean test reward3: [0.0, 0.0, 0.0, 0.0, 0.0, 0.0, 0.0, 0.0, 0.0, 0.0, 0.0, 0.0, 0.0, 0.0, 0.0, 0.0, 0.0, 0.0, 0.0, 0.0, 0.0, 0.0, 0.0, 0.0, 0.0, 0.0, 0.0, 0.0, 0.0, 0.0, 0.0, 0.0, 0.0, 0.0, 0.0, 0.0, 0.0, 0.0, 0.0, 0.0, 0.0, 0.0, 0.0, 0.0, 0.0, 0.0, 0.0, 0.0, 0.0, 0.0]
2022-12-17 17:32:16,132 Train INFO: mean test reward4: [0.0, 0.0, 0.0, 0.0, 0.0, 0.0, 0.0, 0.0, 0.0, 0.0, 0.0, 0.0, 0.0, 0.0, 0.0, 0.0, 0.0, 0.0, 0.0, 0.0, 0.0, 0.0, 0.0, 0.0, 0.0, 0.0, 0.0, 0.0, 0.0, 0.0, 0.0, 0.0, 0.0, 0.0, 0.0, 0.0, 0.0, 0.0, 0.0, 0.0, 0.0, 0.0, 0.0, 0.0, 0.0, 0.0, 0.0, 0.0, 0.0, 0.0]
2022-12-17 17:32:16,132 Train INFO: mean test reward: 44.9027,0.0000,0.0000,0.0000
2022-12-17 17:32:16,133 Train INFO: test seed: 11************************************
2022-12-17 17:32:16,510 Train INFO: mean test reward1: [44.35555555555556, 44.9333333333333, 45.75555555555558, 41.7111111111111, 43.816666666666656, 48.4888888888889, 48.91666666666667, 42.988888888888916, 45.77222222222224, 48.87222222222222, 48.96666666666667, 44.76666666666669, 44.5611111111111, 44.56666666666666, 45.866666666666646, 45.60555555555553, 43.666666666666686, 44.51666666666668, 44.872222222222234, 37.938888888888904, 46.45, 48.02222222222225, 44.13888888888891, 36.83333333333334, 41.94444444444446, 48.37777777777776, 44.97777777777776, 44.29444444444447, 44.92777777777776, 47.549999999999976, 48.53333333333332, 43.13333333333334, 47.372222222222234, 44.60555555555556, 45.91111111111111, 41.88333333333333, 41.00000000000001, 48.63333333333332, 49.28888888888888, 46.28333333333335, 43.82777777777776, 45.6611111111111, 48.916666666666664, 46.29444444444443, 44.883333333333326, 45.19444444444445, 46.3, 48.22777777777776, 47.50000000000001, 47.22777777777775]
2022-12-17 17:32:16,510 Train INFO: mean test reward2: [0.0, 0.0, 0.0, 0.0, 0.0, 0.0, 0.0, 0.0, 0.0, 0.0, 0.0, 0.0, 0.0, 0.0, 0.0, 0.0, 0.0, 0.0, 0.0, 0.0, 0.0, 0.0, 0.0, 0.0, 0.0, 0.0, 0.0, 0.0, 0.0, 0.0, 0.0, 0.0, 0.0, 0.0, 0.0, 0.0, 0.0, 0.0, 0.0, 0.0, 0.0, 0.0, 0.0, 0.0, 0.0, 0.0, 0.0, 0.0, 0.0, 0.0]
2022-12-17 17:32:16,510 Train INFO: mean test reward3: [0.0, 0.0, 0.0, 0.0, 0.0, 0.0, 0.0, 0.0, 0.0, 0.0, 0.0, 0.0, 0.0, 0.0, 0.0, 0.0, 0.0, 0.0, 0.0, 0.0, 0.0, 0.0, 0.0, 0.0, 0.0, 0.0, 0.0, 0.0, 0.0, 0.0, 0.0, 0.0, 0.0, 0.0, 0.0, 0.0, 0.0, 0.0, 0.0, 0.0, 0.0, 0.0, 0.0, 0.0, 0.0, 0.0, 0.0, 0.0, 0.0, 0.0]
2022-12-17 17:32:16,510 Train INFO: mean test reward4: [0.0, 0.0, 0.0, 0.0, 0.0, 0.0, 0.0, 0.0, 0.0, 0.0, 0.0, 0.0, 0.0, 0.0, 0.0, 0.0, 0.0, 0.0, 0.0, 0.0, 0.0, 0.0, 0.0, 0.0, 0.0, 0.0, 0.0, 0.0, 0.0, 0.0, 0.0, 0.0, 0.0, 0.0, 0.0, 0.0, 0.0, 0.0, 0.0, 0.0, 0.0, 0.0, 0.0, 0.0, 0.0, 0.0, 0.0, 0.0, 0.0, 0.0]
2022-12-17 17:32:16,510 Train INFO: mean test reward: 45.3827,0.0000,0.0000,0.0000
2022-12-17 17:32:16,510 Train INFO: test seed: 12************************************
2022-12-17 17:32:16,895 Train INFO: mean test reward1: [45.983333333333356, 46.02777777777778, 42.34444444444448, 43.82222222222226, 44.13333333333331, 48.433333333333344, 41.250000000000014, 42.838888888888896, 44.883333333333326, 48.138888888888886, 45.766666666666666, 45.4388888888889, 47.02777777777777, 44.72777777777779, 43.87777777777779, 40.57222222222224, 43.1, 46.02777777777779, 46.92222222222222, 40.82222222222223, 42.82777777777779, 46.49444444444444, 48.87222222222221, 42.50555555555559, 46.238888888888916, 48.23333333333331, 42.14444444444445, 47.600000000000016, 46.916666666666686, 47.34444444444444, 47.70000000000001, 44.77777777777778, 44.80555555555557, 46.08888888888887, 44.594444444444434, 47.7611111111111, 40.83888888888892, 42.50555555555557, 44.67222222222222, 47.66111111111112, 47.18333333333332, 45.07777777777776, 49.80000000000002, 47.13888888888887, 42.35, 45.44444444444444, 47.07777777777778, 41.87777777777779, 47.922222222222224, 45.92777777777778]
2022-12-17 17:32:16,895 Train INFO: mean test reward2: [0.0, 0.0, 0.0, 0.0, 0.0, 0.0, 0.0, 0.0, 0.0, 0.0, 0.0, 0.0, 0.0, 0.0, 0.0, 0.0, 0.0, 0.0, 0.0, 0.0, 0.0, 0.0, 0.0, 0.0, 0.0, 0.0, 0.0, 0.0, 0.0, 0.0, 0.0, 0.0, 0.0, 0.0, 0.0, 0.0, 0.0, 0.0, 0.0, 0.0, 0.0, 0.0, 0.0, 0.0, 0.0, 0.0, 0.0, 0.0, 0.0, 0.0]
2022-12-17 17:32:16,895 Train INFO: mean test reward3: [0.0, 0.0, 0.0, 0.0, 0.0, 0.0, 0.0, 0.0, 0.0, 0.0, 0.0, 0.0, 0.0, 0.0, 0.0, 0.0, 0.0, 0.0, 0.0, 0.0, 0.0, 0.0, 0.0, 0.0, 0.0, 0.0, 0.0, 0.0, 0.0, 0.0, 0.0, 0.0, 0.0, 0.0, 0.0, 0.0, 0.0, 0.0, 0.0, 0.0, 0.0, 0.0, 0.0, 0.0, 0.0, 0.0, 0.0, 0.0, 0.0, 0.0]
2022-12-17 17:32:16,895 Train INFO: mean test reward4: [0.0, 0.0, 0.0, 0.0, 0.0, 0.0, 0.0, 0.0, 0.0, 0.0, 0.0, 0.0, 0.0, 0.0, 0.0, 0.0, 0.0, 0.0, 0.0, 0.0, 0.0, 0.0, 0.0, 0.0, 0.0, 0.0, 0.0, 0.0, 0.0, 0.0, 0.0, 0.0, 0.0, 0.0, 0.0, 0.0, 0.0, 0.0, 0.0, 0.0, 0.0, 0.0, 0.0, 0.0, 0.0, 0.0, 0.0, 0.0, 0.0, 0.0]
2022-12-17 17:32:16,895 Train INFO: mean test reward: 45.2504,0.0000,0.0000,0.0000
2022-12-17 17:32:16,895 Train INFO: test seed: 13************************************
2022-12-17 17:32:17,300 Train INFO: mean test reward1: [45.4611111111111, 44.105555555555526, 44.18333333333337, 43.92222222222224, 42.661111111111104, 46.39444444444444, 44.344444444444456, 48.44444444444444, 45.13333333333334, 41.20555555555556, 40.66666666666667, 49.633333333333304, 47.18333333333333, 39.15000000000001, 36.78333333333335, 45.65555555555556, 37.94444444444444, 41.97777777777779, 48.64999999999999, 44.46111111111111, 44.35555555555558, 46.86111111111113, 46.338888888888874, 37.205555555555556, 46.61111111111111, 44.76111111111112, 42.88333333333335, 44.23888888888891, 47.39444444444447, 44.08333333333334, 45.338888888888896, 46.438888888888876, 47.76111111111109, 44.40555555555554, 43.29444444444445, 44.2, 45.50555555555557, 44.6111111111111, 45.822222222222216, 41.50555555555557, 47.077777777777776, 44.1888888888889, 45.772222222222226, 46.6611111111111, 46.97777777777778, 41.72222222222223, 49.06111111111111, 48.49444444444444, 45.24444444444443, 45.13333333333334]
2022-12-17 17:32:17,301 Train INFO: mean test reward2: [0.0, 0.0, 0.0, 0.0, 0.0, 0.0, 0.0, 0.0, 0.0, 0.0, 0.0, 0.0, 0.0, 0.0, 0.0, 0.0, 0.0, 0.0, 0.0, 0.0, 0.0, 0.0, 0.0, 0.0, 0.0, 0.0, 0.0, 0.0, 0.0, 0.0, 0.0, 0.0, 0.0, 0.0, 0.0, 0.0, 0.0, 0.0, 0.0, 0.0, 0.0, 0.0, 0.0, 0.0, 0.0, 0.0, 0.0, 0.0, 0.0, 0.0]
2022-12-17 17:32:17,301 Train INFO: mean test reward3: [0.0, 0.0, 0.0, 0.0, 0.0, 0.0, 0.0, 0.0, 0.0, 0.0, 0.0, 0.0, 0.0, 0.0, 0.0, 0.0, 0.0, 0.0, 0.0, 0.0, 0.0, 0.0, 0.0, 0.0, 0.0, 0.0, 0.0, 0.0, 0.0, 0.0, 0.0, 0.0, 0.0, 0.0, 0.0, 0.0, 0.0, 0.0, 0.0, 0.0, 0.0, 0.0, 0.0, 0.0, 0.0, 0.0, 0.0, 0.0, 0.0, 0.0]
2022-12-17 17:32:17,301 Train INFO: mean test reward4: [0.0, 0.0, 0.0, 0.0, 0.0, 0.0, 0.0, 0.0, 0.0, 0.0, 0.0, 0.0, 0.0, 0.0, 0.0, 0.0, 0.0, 0.0, 0.0, 0.0, 0.0, 0.0, 0.0, 0.0, 0.0, 0.0, 0.0, 0.0, 0.0, 0.0, 0.0, 0.0, 0.0, 0.0, 0.0, 0.0, 0.0, 0.0, 0.0, 0.0, 0.0, 0.0, 0.0, 0.0, 0.0, 0.0, 0.0, 0.0, 0.0, 0.0]
2022-12-17 17:32:17,301 Train INFO: mean test reward: 44.6382,0.0000,0.0000,0.0000
2022-12-17 17:32:17,301 Train INFO: test seed: 14************************************
2022-12-17 17:32:17,684 Train INFO: mean test reward1: [46.866666666666674, 42.08888888888889, 41.36111111111112, 44.91666666666665, 44.6611111111111, 48.33888888888889, 43.39444444444445, 42.71111111111112, 45.4388888888889, 48.02777777777779, 48.33333333333333, 49.42777777777774, 42.88333333333334, 45.411111111111126, 45.40555555555556, 46.338888888888896, 42.72222222222223, 42.244444444444476, 43.194444444444464, 45.82222222222224, 42.883333333333326, 49.26666666666668, 46.499999999999986, 39.04444444444446, 47.81111111111112, 47.166666666666664, 47.80555555555555, 45.66111111111112, 43.34444444444445, 46.87222222222219, 45.02222222222221, 42.14444444444446, 48.85555555555558, 47.072222222222216, 43.66666666666666, 39.56666666666667, 43.72222222222223, 46.44444444444443, 48.27777777777777, 43.00000000000001, 47.59444444444445, 42.805555555555564, 46.1388888888889, 44.13888888888889, 45.56666666666667, 47.75555555555555, 45.56111111111112, 46.083333333333336, 45.661111111111126, 44.400000000000006]
2022-12-17 17:32:17,685 Train INFO: mean test reward2: [0.0, 0.0, 0.0, 0.0, 0.0, 0.0, 0.0, 0.0, 0.0, 0.0, 0.0, 0.0, 0.0, 0.0, 0.0, 0.0, 0.0, 0.0, 0.0, 0.0, 0.0, 0.0, 0.0, 0.0, 0.0, 0.0, 0.0, 0.0, 0.0, 0.0, 0.0, 0.0, 0.0, 0.0, 0.0, 0.0, 0.0, 0.0, 0.0, 0.0, 0.0, 0.0, 0.0, 0.0, 0.0, 0.0, 0.0, 0.0, 0.0, 0.0]
2022-12-17 17:32:17,685 Train INFO: mean test reward3: [0.0, 0.0, 0.0, 0.0, 0.0, 0.0, 0.0, 0.0, 0.0, 0.0, 0.0, 0.0, 0.0, 0.0, 0.0, 0.0, 0.0, 0.0, 0.0, 0.0, 0.0, 0.0, 0.0, 0.0, 0.0, 0.0, 0.0, 0.0, 0.0, 0.0, 0.0, 0.0, 0.0, 0.0, 0.0, 0.0, 0.0, 0.0, 0.0, 0.0, 0.0, 0.0, 0.0, 0.0, 0.0, 0.0, 0.0, 0.0, 0.0, 0.0]
2022-12-17 17:32:17,685 Train INFO: mean test reward4: [0.0, 0.0, 0.0, 0.0, 0.0, 0.0, 0.0, 0.0, 0.0, 0.0, 0.0, 0.0, 0.0, 0.0, 0.0, 0.0, 0.0, 0.0, 0.0, 0.0, 0.0, 0.0, 0.0, 0.0, 0.0, 0.0, 0.0, 0.0, 0.0, 0.0, 0.0, 0.0, 0.0, 0.0, 0.0, 0.0, 0.0, 0.0, 0.0, 0.0, 0.0, 0.0, 0.0, 0.0, 0.0, 0.0, 0.0, 0.0, 0.0, 0.0]
2022-12-17 17:32:17,685 Train INFO: mean test reward: 45.1884,0.0000,0.0000,0.0000
2022-12-17 17:32:17,685 Train INFO: test seed: 15************************************
2022-12-17 17:32:18,067 Train INFO: mean test reward1: [42.99444444444445, 46.92222222222222, 44.13333333333335, 45.87222222222223, 47.07222222222222, 48.90555555555558, 40.03888888888891, 47.23333333333335, 44.883333333333354, 47.722222222222214, 50.84444444444447, 48.54444444444442, 44.40000000000001, 46.13333333333334, 44.82777777777778, 45.46111111111112, 43.56111111111113, 48.45000000000001, 44.72222222222222, 47.538888888888884, 46.711111111111116, 44.7277777777778, 46.650000000000006, 40.62222222222222, 47.76666666666667, 49.27777777777778, 44.18888888888889, 46.0277777777778, 45.56111111111111, 47.45, 48.31666666666664, 46.38888888888887, 48.233333333333334, 45.088888888888874, 47.561111111111096, 44.33888888888889, 44.827777777777776, 47.90555555555554, 49.53888888888888, 44.722222222222214, 47.811111111111124, 46.81666666666664, 47.81666666666666, 46.233333333333334, 48.38333333333334, 43.45555555555556, 43.244444444444454, 46.67222222222221, 45.87222222222223, 40.45555555555557]
2022-12-17 17:32:18,067 Train INFO: mean test reward2: [0.0, 0.0, 0.0, 0.0, 0.0, 0.0, 0.0, 0.0, 0.0, 0.0, 0.0, 0.0, 0.0, 0.0, 0.0, 0.0, 0.0, 0.0, 0.0, 0.0, 0.0, 0.0, 0.0, 0.0, 0.0, 0.0, 0.0, 0.0, 0.0, 0.0, 0.0, 0.0, 0.0, 0.0, 0.0, 0.0, 0.0, 0.0, 0.0, 0.0, 0.0, 0.0, 0.0, 0.0, 0.0, 0.0, 0.0, 0.0, 0.0, 0.0]
2022-12-17 17:32:18,067 Train INFO: mean test reward3: [0.0, 0.0, 0.0, 0.0, 0.0, 0.0, 0.0, 0.0, 0.0, 0.0, 0.0, 0.0, 0.0, 0.0, 0.0, 0.0, 0.0, 0.0, 0.0, 0.0, 0.0, 0.0, 0.0, 0.0, 0.0, 0.0, 0.0, 0.0, 0.0, 0.0, 0.0, 0.0, 0.0, 0.0, 0.0, 0.0, 0.0, 0.0, 0.0, 0.0, 0.0, 0.0, 0.0, 0.0, 0.0, 0.0, 0.0, 0.0, 0.0, 0.0]
2022-12-17 17:32:18,067 Train INFO: mean test reward4: [0.0, 0.0, 0.0, 0.0, 0.0, 0.0, 0.0, 0.0, 0.0, 0.0, 0.0, 0.0, 0.0, 0.0, 0.0, 0.0, 0.0, 0.0, 0.0, 0.0, 0.0, 0.0, 0.0, 0.0, 0.0, 0.0, 0.0, 0.0, 0.0, 0.0, 0.0, 0.0, 0.0, 0.0, 0.0, 0.0, 0.0, 0.0, 0.0, 0.0, 0.0, 0.0, 0.0, 0.0, 0.0, 0.0, 0.0, 0.0, 0.0, 0.0]
2022-12-17 17:32:18,067 Train INFO: mean test reward: 46.0586,0.0000,0.0000,0.0000
2022-12-17 17:32:18,067 Train INFO: test seed: 16************************************
2022-12-17 17:32:18,449 Train INFO: mean test reward1: [42.98333333333335, 43.52222222222221, 46.96666666666666, 37.87222222222224, 45.300000000000004, 49.27222222222222, 41.461111111111116, 45.716666666666676, 45.28888888888887, 47.50000000000002, 45.70555555555558, 44.666666666666664, 45.28333333333335, 44.26111111111111, 42.98333333333334, 43.08888888888892, 43.67222222222223, 43.827777777777776, 45.54999999999999, 45.45000000000001, 44.405555555555566, 44.15, 46.07222222222223, 43.25000000000003, 40.58333333333332, 45.24999999999999, 44.133333333333354, 41.150000000000006, 47.02222222222222, 47.23333333333332, 48.22777777777776, 45.405555555555544, 44.91666666666668, 47.072222222222194, 46.96666666666664, 40.61111111111112, 39.84444444444447, 45.92777777777778, 50.94444444444445, 46.14444444444443, 45.71666666666667, 41.62222222222221, 46.966666666666676, 46.6611111111111, 47.494444444444454, 42.76666666666667, 48.544444444444444, 43.5, 46.59444444444445, 41.24444444444445]
2022-12-17 17:32:18,449 Train INFO: mean test reward2: [0.0, 0.0, 0.0, 0.0, 0.0, 0.0, 0.0, 0.0, 0.0, 0.0, 0.0, 0.0, 0.0, 0.0, 0.0, 0.0, 0.0, 0.0, 0.0, 0.0, 0.0, 0.0, 0.0, 0.0, 0.0, 0.0, 0.0, 0.0, 0.0, 0.0, 0.0, 0.0, 0.0, 0.0, 0.0, 0.0, 0.0, 0.0, 0.0, 0.0, 0.0, 0.0, 0.0, 0.0, 0.0, 0.0, 0.0, 0.0, 0.0, 0.0]
2022-12-17 17:32:18,449 Train INFO: mean test reward3: [0.0, 0.0, 0.0, 0.0, 0.0, 0.0, 0.0, 0.0, 0.0, 0.0, 0.0, 0.0, 0.0, 0.0, 0.0, 0.0, 0.0, 0.0, 0.0, 0.0, 0.0, 0.0, 0.0, 0.0, 0.0, 0.0, 0.0, 0.0, 0.0, 0.0, 0.0, 0.0, 0.0, 0.0, 0.0, 0.0, 0.0, 0.0, 0.0, 0.0, 0.0, 0.0, 0.0, 0.0, 0.0, 0.0, 0.0, 0.0, 0.0, 0.0]
2022-12-17 17:32:18,449 Train INFO: mean test reward4: [0.0, 0.0, 0.0, 0.0, 0.0, 0.0, 0.0, 0.0, 0.0, 0.0, 0.0, 0.0, 0.0, 0.0, 0.0, 0.0, 0.0, 0.0, 0.0, 0.0, 0.0, 0.0, 0.0, 0.0, 0.0, 0.0, 0.0, 0.0, 0.0, 0.0, 0.0, 0.0, 0.0, 0.0, 0.0, 0.0, 0.0, 0.0, 0.0, 0.0, 0.0, 0.0, 0.0, 0.0, 0.0, 0.0, 0.0, 0.0, 0.0, 0.0]
2022-12-17 17:32:18,449 Train INFO: mean test reward: 44.8159,0.0000,0.0000,0.0000
2022-12-17 17:32:18,450 Train INFO: test seed: 17************************************
2022-12-17 17:32:18,855 Train INFO: mean test reward1: [44.82777777777778, 43.816666666666656, 43.35555555555557, 43.22777777777781, 48.338888888888874, 47.66111111111113, 47.49444444444445, 45.66111111111113, 46.383333333333326, 46.81111111111111, 48.16666666666667, 47.7, 46.711111111111116, 45.355555555555554, 49.072222222222216, 45.083333333333336, 41.93333333333335, 47.544444444444466, 47.38888888888887, 44.038888888888884, 43.827777777777776, 48.377777777777794, 47.288888888888884, 44.82222222222224, 49.3388888888889, 45.38888888888889, 44.64999999999999, 45.92777777777779, 48.69999999999999, 45.1388888888889, 49.00555555555556, 44.56111111111113, 50.37222222222223, 44.13333333333335, 49.749999999999986, 48.8888888888889, 45.822222222222216, 46.44444444444444, 48.911111111111076, 46.39444444444447, 49.32222222222223, 47.761111111111084, 48.43333333333333, 45.344444444444434, 47.911111111111126, 46.44444444444446, 49.9388888888889, 46.977777777777774, 49.37777777777776, 47.32777777777776]
2022-12-17 17:32:18,855 Train INFO: mean test reward2: [0.0, 0.0, 0.0, 0.0, 0.0, 0.0, 0.0, 0.0, 0.0, 0.0, 0.0, 0.0, 0.0, 0.0, 0.0, 0.0, 0.0, 0.0, 0.0, 0.0, 0.0, 0.0, 0.0, 0.0, 0.0, 0.0, 0.0, 0.0, 0.0, 0.0, 0.0, 0.0, 0.0, 0.0, 0.0, 0.0, 0.0, 0.0, 0.0, 0.0, 0.0, 0.0, 0.0, 0.0, 0.0, 0.0, 0.0, 0.0, 0.0, 0.0]
2022-12-17 17:32:18,855 Train INFO: mean test reward3: [0.0, 0.0, 0.0, 0.0, 0.0, 0.0, 0.0, 0.0, 0.0, 0.0, 0.0, 0.0, 0.0, 0.0, 0.0, 0.0, 0.0, 0.0, 0.0, 0.0, 0.0, 0.0, 0.0, 0.0, 0.0, 0.0, 0.0, 0.0, 0.0, 0.0, 0.0, 0.0, 0.0, 0.0, 0.0, 0.0, 0.0, 0.0, 0.0, 0.0, 0.0, 0.0, 0.0, 0.0, 0.0, 0.0, 0.0, 0.0, 0.0, 0.0]
2022-12-17 17:32:18,855 Train INFO: mean test reward4: [0.0, 0.0, 0.0, 0.0, 0.0, 0.0, 0.0, 0.0, 0.0, 0.0, 0.0, 0.0, 0.0, 0.0, 0.0, 0.0, 0.0, 0.0, 0.0, 0.0, 0.0, 0.0, 0.0, 0.0, 0.0, 0.0, 0.0, 0.0, 0.0, 0.0, 0.0, 0.0, 0.0, 0.0, 0.0, 0.0, 0.0, 0.0, 0.0, 0.0, 0.0, 0.0, 0.0, 0.0, 0.0, 0.0, 0.0, 0.0, 0.0, 0.0]
2022-12-17 17:32:18,855 Train INFO: mean test reward: 46.7431,0.0000,0.0000,0.0000
2022-12-17 17:32:18,856 Train INFO: test seed: 18************************************
2022-12-17 17:32:19,240 Train INFO: mean test reward1: [43.45555555555557, 42.72777777777777, 43.72777777777779, 38.31111111111114, 47.06666666666668, 46.76666666666668, 45.722222222222236, 40.23888888888892, 42.93333333333334, 46.20000000000002, 46.18888888888891, 48.861111111111086, 44.977777777777774, 44.67777777777779, 45.50555555555553, 42.46666666666668, 40.78333333333335, 42.466666666666676, 46.183333333333344, 37.95000000000002, 42.033333333333346, 46.866666666666674, 47.44444444444446, 40.67222222222223, 48.349999999999994, 44.2888888888889, 43.50555555555555, 43.98333333333336, 46.4, 47.9222222222222, 44.14444444444445, 42.25, 46.02222222222224, 44.24444444444444, 48.32777777777777, 44.572222222222216, 42.82777777777778, 44.499999999999986, 45.455555555555556, 40.14444444444447, 49.75, 45.44444444444443, 45.87222222222222, 45.827777777777776, 43.883333333333354, 40.405555555555566, 48.172222222222224, 43.83333333333333, 46.40555555555555, 44.399999999999984]
2022-12-17 17:32:19,240 Train INFO: mean test reward2: [0.0, 0.0, 0.0, 0.0, 0.0, 0.0, 0.0, 0.0, 0.0, 0.0, 0.0, 0.0, 0.0, 0.0, 0.0, 0.0, 0.0, 0.0, 0.0, 0.0, 0.0, 0.0, 0.0, 0.0, 0.0, 0.0, 0.0, 0.0, 0.0, 0.0, 0.0, 0.0, 0.0, 0.0, 0.0, 0.0, 0.0, 0.0, 0.0, 0.0, 0.0, 0.0, 0.0, 0.0, 0.0, 0.0, 0.0, 0.0, 0.0, 0.0]
2022-12-17 17:32:19,240 Train INFO: mean test reward3: [0.0, 0.0, 0.0, 0.0, 0.0, 0.0, 0.0, 0.0, 0.0, 0.0, 0.0, 0.0, 0.0, 0.0, 0.0, 0.0, 0.0, 0.0, 0.0, 0.0, 0.0, 0.0, 0.0, 0.0, 0.0, 0.0, 0.0, 0.0, 0.0, 0.0, 0.0, 0.0, 0.0, 0.0, 0.0, 0.0, 0.0, 0.0, 0.0, 0.0, 0.0, 0.0, 0.0, 0.0, 0.0, 0.0, 0.0, 0.0, 0.0, 0.0]
2022-12-17 17:32:19,240 Train INFO: mean test reward4: [0.0, 0.0, 0.0, 0.0, 0.0, 0.0, 0.0, 0.0, 0.0, 0.0, 0.0, 0.0, 0.0, 0.0, 0.0, 0.0, 0.0, 0.0, 0.0, 0.0, 0.0, 0.0, 0.0, 0.0, 0.0, 0.0, 0.0, 0.0, 0.0, 0.0, 0.0, 0.0, 0.0, 0.0, 0.0, 0.0, 0.0, 0.0, 0.0, 0.0, 0.0, 0.0, 0.0, 0.0, 0.0, 0.0, 0.0, 0.0, 0.0, 0.0]
2022-12-17 17:32:19,240 Train INFO: mean test reward: 44.5032,0.0000,0.0000,0.0000
2022-12-17 17:32:19,240 Train INFO: test seed: 19************************************
2022-12-17 17:32:19,629 Train INFO: mean test reward1: [45.56666666666668, 44.399999999999984, 42.522222222222226, 38.99444444444446, 45.77222222222222, 47.28888888888891, 43.983333333333356, 45.60555555555557, 45.23333333333331, 50.222222222222236, 48.96111111111113, 44.333333333333336, 46.28333333333332, 46.777777777777814, 40.30000000000001, 44.71666666666669, 44.033333333333346, 42.25555555555557, 47.24444444444444, 42.099999999999994, 45.60555555555557, 46.23888888888888, 47.76666666666665, 40.62777777777778, 45.56666666666667, 47.650000000000006, 45.13333333333332, 45.59444444444444, 47.13333333333335, 44.39999999999999, 44.60555555555554, 42.36111111111112, 47.905555555555544, 43.033333333333346, 47.17777777777776, 36.783333333333346, 40.99444444444447, 46.18333333333334, 49.433333333333316, 44.98888888888891, 44.41666666666667, 41.83888888888889, 44.233333333333356, 40.5777777777778, 45.30000000000001, 45.5, 49.538888888888906, 47.92777777777779, 45.5111111111111, 47.66111111111109]
2022-12-17 17:32:19,629 Train INFO: mean test reward2: [0.0, 0.0, 0.0, 0.0, 0.0, 0.0, 0.0, 0.0, 0.0, 0.0, 0.0, 0.0, 0.0, 0.0, 0.0, 0.0, 0.0, 0.0, 0.0, 0.0, 0.0, 0.0, 0.0, 0.0, 0.0, 0.0, 0.0, 0.0, 0.0, 0.0, 0.0, 0.0, 0.0, 0.0, 0.0, 0.0, 0.0, 0.0, 0.0, 0.0, 0.0, 0.0, 0.0, 0.0, 0.0, 0.0, 0.0, 0.0, 0.0, 0.0]
2022-12-17 17:32:19,630 Train INFO: mean test reward3: [0.0, 0.0, 0.0, 0.0, 0.0, 0.0, 0.0, 0.0, 0.0, 0.0, 0.0, 0.0, 0.0, 0.0, 0.0, 0.0, 0.0, 0.0, 0.0, 0.0, 0.0, 0.0, 0.0, 0.0, 0.0, 0.0, 0.0, 0.0, 0.0, 0.0, 0.0, 0.0, 0.0, 0.0, 0.0, 0.0, 0.0, 0.0, 0.0, 0.0, 0.0, 0.0, 0.0, 0.0, 0.0, 0.0, 0.0, 0.0, 0.0, 0.0]
2022-12-17 17:32:19,630 Train INFO: mean test reward4: [0.0, 0.0, 0.0, 0.0, 0.0, 0.0, 0.0, 0.0, 0.0, 0.0, 0.0, 0.0, 0.0, 0.0, 0.0, 0.0, 0.0, 0.0, 0.0, 0.0, 0.0, 0.0, 0.0, 0.0, 0.0, 0.0, 0.0, 0.0, 0.0, 0.0, 0.0, 0.0, 0.0, 0.0, 0.0, 0.0, 0.0, 0.0, 0.0, 0.0, 0.0, 0.0, 0.0, 0.0, 0.0, 0.0, 0.0, 0.0, 0.0, 0.0]
2022-12-17 17:32:19,630 Train INFO: mean test reward: 44.9657,0.0000,0.0000,0.0000
