2022-12-12 17:18:02,766 Train INFO: Namespace(logger=<Logger Train (INFO)>, name='A2C2022-12-12-17-18-02', gpu='0', device=device(type='cuda', index=0), gamma=1, epoch_num=3000, test_episode=50, val_episode=50, test_size=0.1, val_size=0.5, batch_size=50, train_batch_size=50, num_steps=10, h=1, w=[120, 50], nn_out=40, share_lr=0.001, actor_lr=0.001, critic_lr=0.01, step=10, lr_min=1e-05, e_rate=0.001, a_rate=1, c_rate=1, lr_decay_lambda=0.99, duse_T=True, est_T=False, use_pref=False, same_price=False, use_price=True, only_test=True, change_T=True, num='0', print_grad=False, max_norm=10, seed_range=20, net_seed=0, seed=0, info=True, selling_length=160, cardinality=4, ini_inv=10, num_products=10, number_samples=10000, num_cus_types=4, seg_prob=None, cus_type=None, rank_list=None, detail=False)
2022-12-12 17:18:02,767 Train INFO: log/A2C2022-12-12-17-18-02
2022-12-12 17:18:02,768 Train INFO: products price: [2000.         1788.88888889 1577.77777778 1366.66666667 1155.55555556
  944.44444444  733.33333333  522.22222222  311.11111111  100.        ]
2022-12-12 17:18:02,768 Train INFO: Load Factor 1.6
2022-12-12 17:18:02,768 Train INFO: test seed: 0************************************
2022-12-12 17:18:35,534 Train INFO: mean test reward1: [0.0, 0.0, 0.0, 0.0, 0.0, 0.0, 0.0, 0.0, 0.0, 0.0, 0.0, 0.0, 0.0, 0.0, 0.0, 0.0, 0.0, 0.0, 0.0, 0.0, 0.0, 0.0, 0.0, 0.0, 0.0, 0.0, 0.0, 0.0, 0.0, 0.0, 0.0, 0.0, 0.0, 0.0, 0.0, 0.0, 0.0, 0.0, 0.0, 0.0, 0.0, 0.0, 0.0, 0.0, 0.0, 0.0, 0.0, 0.0, 0.0, 0.0]
2022-12-12 17:18:35,534 Train INFO: mean test reward2: [41.27777777777778, 35.27222222222223, 33.75555555555555, 38.80555555555556, 30.550000000000004, 37.01666666666667, 38.4277777777778, 44.577777777777776, 37.744444444444454, 37.06111111111111, 31.283333333333342, 37.855555555555554, 38.53888888888891, 39.00555555555558, 36.699999999999996, 39.12777777777778, 37.06666666666666, 38.02222222222223, 40.32777777777778, 42.27222222222221, 42.22222222222223, 31.427777777777788, 36.705555555555556, 39.58888888888889, 38.233333333333334, 35.80555555555557, 35.79444444444446, 38.750000000000014, 39.27222222222223, 32.11666666666668, 35.06666666666668, 34.53888888888889, 34.7, 38.63333333333334, 38.59444444444447, 39.794444444444444, 37.655555555555566, 41.794444444444466, 33.544444444444444, 38.01111111111111, 38.06111111111114, 37.3777777777778, 38.750000000000014, 38.383333333333354, 42.31666666666669, 38.644444444444446, 41.322222222222216, 33.65000000000001, 43.26111111111114, 36.97777777777778]
2022-12-12 17:18:35,534 Train INFO: mean test reward3: [40.54999999999999, 39.18333333333334, 38.394444444444446, 43.65555555555553, 43.38888888888888, 43.388888888888864, 42.55, 46.69444444444442, 40.599999999999994, 45.33333333333332, 39.32777777777778, 39.97222222222222, 42.70555555555554, 44.28333333333331, 41.24444444444443, 41.77777777777775, 42.13333333333332, 42.44999999999999, 39.39444444444448, 45.027777777777736, 44.861111111111086, 41.65555555555556, 41.66666666666666, 38.34444444444444, 43.81111111111108, 41.08333333333332, 40.33888888888889, 42.127777777777794, 42.54999999999998, 42.12777777777777, 39.65555555555555, 35.1888888888889, 46.11666666666667, 40.12777777777778, 44.177777777777756, 38.349999999999994, 45.649999999999984, 42.49999999999997, 38.08333333333335, 39.23888888888888, 40.49444444444446, 42.02777777777779, 44.07222222222219, 40.97222222222221, 36.505555555555574, 34.877777777777794, 46.11666666666663, 43.44444444444443, 43.127777777777766, 38.09444444444444]
2022-12-12 17:18:35,534 Train INFO: mean test reward4: [37.82777777777777, 39.74999999999998, 41.29444444444444, 46.17222222222218, 42.133333333333326, 41.92777777777777, 44.544444444444416, 39.39444444444443, 44.39444444444444, 42.87777777777777, 33.96666666666667, 38.4111111111111, 40.29444444444444, 40.02777777777776, 41.87777777777776, 40.72777777777777, 42.766666666666644, 43.86666666666663, 41.50555555555554, 41.03888888888888, 42.988888888888866, 41.17777777777776, 46.288888888888856, 41.3333333333333, 41.555555555555536, 43.12222222222219, 41.91666666666666, 39.877777777777766, 43.766666666666644, 42.333333333333314, 39.27777777777777, 37.14444444444443, 31.766666666666662, 38.34444444444444, 43.344444444444406, 45.38888888888885, 39.66666666666666, 39.56111111111111, 40.87777777777775, 41.722222222222186, 38.24444444444444, 42.86111111111107, 44.122222222222184, 45.75555555555553, 44.39444444444442, 40.28333333333332, 43.03333333333332, 38.19444444444443, 40.24444444444442, 44.74999999999997]
2022-12-12 17:18:35,535 Train INFO: mean test reward: 0.0000,37.7137,41.5889,41.3628
2022-12-12 17:18:35,535 Train INFO: test seed: 1************************************
2022-12-12 17:19:06,647 Train INFO: mean test reward1: [0.0, 0.0, 0.0, 0.0, 0.0, 0.0, 0.0, 0.0, 0.0, 0.0, 0.0, 0.0, 0.0, 0.0, 0.0, 0.0, 0.0, 0.0, 0.0, 0.0, 0.0, 0.0, 0.0, 0.0, 0.0, 0.0, 0.0, 0.0, 0.0, 0.0, 0.0, 0.0, 0.0, 0.0, 0.0, 0.0, 0.0, 0.0, 0.0, 0.0, 0.0, 0.0, 0.0, 0.0, 0.0, 0.0, 0.0, 0.0, 0.0, 0.0]
2022-12-12 17:19:06,648 Train INFO: mean test reward2: [40.96666666666668, 32.80000000000002, 35.54444444444444, 38.694444444444464, 33.43888888888888, 36.85000000000001, 42.74444444444444, 41.855555555555554, 39.58333333333335, 37.17777777777779, 32.80000000000001, 40.222222222222214, 39.0111111111111, 38.588888888888896, 34.65000000000001, 37.75555555555556, 35.23333333333334, 37.13333333333333, 39.26666666666668, 40.744444444444454, 40.80555555555554, 33.6888888888889, 40.855555555555576, 40.37777777777777, 36.70555555555557, 35.750000000000014, 35.694444444444436, 38.43888888888891, 37.538888888888906, 30.75, 35.650000000000006, 31.116666666666674, 38.11111111111112, 39.111111111111136, 39.32777777777779, 39.84444444444446, 39.37777777777779, 39.961111111111116, 33.016666666666666, 38.16666666666669, 37.73888888888888, 37.74444444444448, 37.43333333333333, 39.64444444444444, 39.744444444444454, 39.48333333333335, 40.161111111111126, 34.91111111111112, 43.216666666666654, 36.872222222222234]
2022-12-12 17:19:06,648 Train INFO: mean test reward3: [40.54999999999999, 39.18333333333334, 38.394444444444446, 43.65555555555553, 43.38888888888888, 43.388888888888864, 42.55, 46.69444444444442, 40.599999999999994, 45.33333333333332, 39.32777777777778, 39.97222222222222, 42.70555555555554, 44.28333333333331, 41.24444444444443, 41.77777777777775, 42.13333333333332, 42.44999999999999, 39.39444444444448, 45.027777777777736, 44.861111111111086, 41.65555555555556, 41.66666666666666, 38.34444444444444, 43.81111111111108, 41.08333333333332, 40.33888888888889, 42.127777777777794, 42.54999999999998, 42.12777777777777, 39.65555555555555, 35.1888888888889, 46.11666666666667, 40.12777777777778, 44.177777777777756, 38.349999999999994, 45.649999999999984, 42.49999999999997, 38.08333333333335, 39.23888888888888, 40.49444444444446, 42.02777777777779, 44.07222222222219, 40.97222222222221, 36.505555555555574, 34.877777777777794, 46.11666666666663, 43.44444444444443, 43.127777777777766, 38.09444444444444]
2022-12-12 17:19:06,648 Train INFO: mean test reward4: [37.82777777777777, 39.74999999999998, 41.29444444444444, 46.17222222222218, 42.133333333333326, 41.92777777777777, 44.544444444444416, 39.39444444444443, 44.39444444444444, 42.87777777777777, 33.96666666666667, 38.4111111111111, 40.29444444444444, 40.02777777777776, 41.87777777777776, 40.72777777777777, 42.766666666666644, 43.86666666666663, 41.50555555555554, 41.03888888888888, 42.988888888888866, 41.17777777777776, 46.288888888888856, 41.3333333333333, 41.555555555555536, 43.12222222222219, 41.91666666666666, 39.877777777777766, 43.766666666666644, 42.333333333333314, 39.27777777777777, 37.14444444444443, 31.766666666666662, 38.34444444444444, 43.344444444444406, 45.38888888888885, 39.66666666666666, 39.56111111111111, 40.87777777777775, 41.722222222222186, 38.24444444444444, 42.86111111111107, 44.122222222222184, 45.75555555555553, 44.39444444444442, 40.28333333333332, 43.03333333333332, 38.19444444444443, 40.24444444444442, 44.74999999999997]
2022-12-12 17:19:06,648 Train INFO: mean test reward: 0.0000,37.7260,41.5889,41.3628
2022-12-12 17:19:06,648 Train INFO: test seed: 2************************************
2022-12-12 17:19:37,687 Train INFO: mean test reward1: [0.0, 0.0, 0.0, 0.0, 0.0, 0.0, 0.0, 0.0, 0.0, 0.0, 0.0, 0.0, 0.0, 0.0, 0.0, 0.0, 0.0, 0.0, 0.0, 0.0, 0.0, 0.0, 0.0, 0.0, 0.0, 0.0, 0.0, 0.0, 0.0, 0.0, 0.0, 0.0, 0.0, 0.0, 0.0, 0.0, 0.0, 0.0, 0.0, 0.0, 0.0, 0.0, 0.0, 0.0, 0.0, 0.0, 0.0, 0.0, 0.0, 0.0]
2022-12-12 17:19:37,688 Train INFO: mean test reward2: [41.74444444444444, 36.43333333333334, 34.5388888888889, 36.63888888888891, 34.01666666666667, 38.90000000000002, 38.327777777777804, 42.055555555555564, 37.372222222222234, 40.5888888888889, 32.59444444444445, 39.11666666666667, 40.794444444444466, 41.111111111111136, 36.4888888888889, 38.81666666666667, 42.055555555555564, 36.96666666666669, 41.53333333333334, 40.27222222222226, 40.96666666666666, 34.74444444444446, 37.75555555555557, 36.95555555555554, 36.3888888888889, 36.494444444444454, 38.06111111111113, 37.488888888888894, 40.427777777777756, 31.383333333333347, 37.222222222222236, 30.07222222222222, 37.90555555555556, 39.4777777777778, 39.216666666666704, 37.63333333333335, 39.65555555555555, 42.105555555555576, 33.655555555555566, 39.64444444444447, 36.06111111111111, 37.699999999999996, 39.00555555555555, 37.96666666666668, 41.16666666666667, 38.65000000000001, 39.955555555555556, 36.39444444444446, 42.27222222222224, 36.97222222222223]
2022-12-12 17:19:37,688 Train INFO: mean test reward3: [40.54999999999999, 39.18333333333334, 38.394444444444446, 43.65555555555553, 43.38888888888888, 43.388888888888864, 42.55, 46.69444444444442, 40.599999999999994, 45.33333333333332, 39.32777777777778, 39.97222222222222, 42.70555555555554, 44.28333333333331, 41.24444444444443, 41.77777777777775, 42.13333333333332, 42.44999999999999, 39.39444444444448, 45.027777777777736, 44.861111111111086, 41.65555555555556, 41.66666666666666, 38.34444444444444, 43.81111111111108, 41.08333333333332, 40.33888888888889, 42.127777777777794, 42.54999999999998, 42.12777777777777, 39.65555555555555, 35.1888888888889, 46.11666666666667, 40.12777777777778, 44.177777777777756, 38.349999999999994, 45.649999999999984, 42.49999999999997, 38.08333333333335, 39.23888888888888, 40.49444444444446, 42.02777777777779, 44.07222222222219, 40.97222222222221, 36.505555555555574, 34.877777777777794, 46.11666666666663, 43.44444444444443, 43.127777777777766, 38.09444444444444]
2022-12-12 17:19:37,688 Train INFO: mean test reward4: [37.82777777777777, 39.74999999999998, 41.29444444444444, 46.17222222222218, 42.133333333333326, 41.92777777777777, 44.544444444444416, 39.39444444444443, 44.39444444444444, 42.87777777777777, 33.96666666666667, 38.4111111111111, 40.29444444444444, 40.02777777777776, 41.87777777777776, 40.72777777777777, 42.766666666666644, 43.86666666666663, 41.50555555555554, 41.03888888888888, 42.988888888888866, 41.17777777777776, 46.288888888888856, 41.3333333333333, 41.555555555555536, 43.12222222222219, 41.91666666666666, 39.877777777777766, 43.766666666666644, 42.333333333333314, 39.27777777777777, 37.14444444444443, 31.766666666666662, 38.34444444444444, 43.344444444444406, 45.38888888888885, 39.66666666666666, 39.56111111111111, 40.87777777777775, 41.722222222222186, 38.24444444444444, 42.86111111111107, 44.122222222222184, 45.75555555555553, 44.39444444444442, 40.28333333333332, 43.03333333333332, 38.19444444444443, 40.24444444444442, 44.74999999999997]
2022-12-12 17:19:37,688 Train INFO: mean test reward: 0.0000,38.0753,41.5889,41.3628
2022-12-12 17:19:37,688 Train INFO: test seed: 3************************************
2022-12-12 17:20:08,499 Train INFO: mean test reward1: [0.0, 0.0, 0.0, 0.0, 0.0, 0.0, 0.0, 0.0, 0.0, 0.0, 0.0, 0.0, 0.0, 0.0, 0.0, 0.0, 0.0, 0.0, 0.0, 0.0, 0.0, 0.0, 0.0, 0.0, 0.0, 0.0, 0.0, 0.0, 0.0, 0.0, 0.0, 0.0, 0.0, 0.0, 0.0, 0.0, 0.0, 0.0, 0.0, 0.0, 0.0, 0.0, 0.0, 0.0, 0.0, 0.0, 0.0, 0.0, 0.0, 0.0]
2022-12-12 17:20:08,500 Train INFO: mean test reward2: [40.48333333333331, 38.222222222222236, 36.38333333333335, 39.27222222222223, 31.96666666666667, 40.161111111111126, 41.69444444444445, 41.80000000000001, 36.694444444444464, 39.59444444444445, 35.011111111111134, 37.27777777777778, 35.86666666666668, 39.011111111111106, 35.17222222222223, 37.34444444444444, 39.64444444444445, 38.17222222222223, 41.6388888888889, 41.58888888888885, 41.43333333333333, 34.277777777777786, 39.70000000000002, 40.17222222222224, 40.02222222222223, 36.12222222222225, 38.00555555555557, 41.27777777777781, 38.2777777777778, 30.22777777777778, 34.53888888888889, 33.383333333333326, 36.177777777777784, 40.42222222222224, 37.383333333333354, 39.26666666666669, 40.54444444444445, 43.216666666666676, 36.38888888888891, 39.12222222222225, 36.4277777777778, 38.32777777777778, 40.894444444444446, 37.283333333333324, 42.63333333333334, 38.59444444444447, 37.64999999999999, 36.816666666666684, 43.89444444444445, 37.44444444444446]
2022-12-12 17:20:08,500 Train INFO: mean test reward3: [40.54999999999999, 39.18333333333334, 38.394444444444446, 43.65555555555553, 43.38888888888888, 43.388888888888864, 42.55, 46.69444444444442, 40.599999999999994, 45.33333333333332, 39.32777777777778, 39.97222222222222, 42.70555555555554, 44.28333333333331, 41.24444444444443, 41.77777777777775, 42.13333333333332, 42.44999999999999, 39.39444444444448, 45.027777777777736, 44.861111111111086, 41.65555555555556, 41.66666666666666, 38.34444444444444, 43.81111111111108, 41.08333333333332, 40.33888888888889, 42.127777777777794, 42.54999999999998, 42.12777777777777, 39.65555555555555, 35.1888888888889, 46.11666666666667, 40.12777777777778, 44.177777777777756, 38.349999999999994, 45.649999999999984, 42.49999999999997, 38.08333333333335, 39.23888888888888, 40.49444444444446, 42.02777777777779, 44.07222222222219, 40.97222222222221, 36.505555555555574, 34.877777777777794, 46.11666666666663, 43.44444444444443, 43.127777777777766, 38.09444444444444]
2022-12-12 17:20:08,500 Train INFO: mean test reward4: [37.82777777777777, 39.74999999999998, 41.29444444444444, 46.17222222222218, 42.133333333333326, 41.92777777777777, 44.544444444444416, 39.39444444444443, 44.39444444444444, 42.87777777777777, 33.96666666666667, 38.4111111111111, 40.29444444444444, 40.02777777777776, 41.87777777777776, 40.72777777777777, 42.766666666666644, 43.86666666666663, 41.50555555555554, 41.03888888888888, 42.988888888888866, 41.17777777777776, 46.288888888888856, 41.3333333333333, 41.555555555555536, 43.12222222222219, 41.91666666666666, 39.877777777777766, 43.766666666666644, 42.333333333333314, 39.27777777777777, 37.14444444444443, 31.766666666666662, 38.34444444444444, 43.344444444444406, 45.38888888888885, 39.66666666666666, 39.56111111111111, 40.87777777777775, 41.722222222222186, 38.24444444444444, 42.86111111111107, 44.122222222222184, 45.75555555555553, 44.39444444444442, 40.28333333333332, 43.03333333333332, 38.19444444444443, 40.24444444444442, 44.74999999999997]
2022-12-12 17:20:08,500 Train INFO: mean test reward: 0.0000,38.3386,41.5889,41.3628
2022-12-12 17:20:08,500 Train INFO: test seed: 4************************************
2022-12-12 17:20:39,396 Train INFO: mean test reward1: [0.0, 0.0, 0.0, 0.0, 0.0, 0.0, 0.0, 0.0, 0.0, 0.0, 0.0, 0.0, 0.0, 0.0, 0.0, 0.0, 0.0, 0.0, 0.0, 0.0, 0.0, 0.0, 0.0, 0.0, 0.0, 0.0, 0.0, 0.0, 0.0, 0.0, 0.0, 0.0, 0.0, 0.0, 0.0, 0.0, 0.0, 0.0, 0.0, 0.0, 0.0, 0.0, 0.0, 0.0, 0.0, 0.0, 0.0, 0.0, 0.0, 0.0]
2022-12-12 17:20:39,396 Train INFO: mean test reward2: [40.12777777777779, 37.32222222222223, 35.28333333333335, 38.588888888888896, 35.33333333333336, 40.63888888888892, 40.216666666666676, 42.96111111111112, 36.27777777777777, 39.483333333333356, 31.277777777777793, 39.48333333333335, 36.17222222222223, 38.48333333333334, 36.80555555555559, 36.65000000000001, 37.32777777777779, 38.1888888888889, 38.01111111111112, 39.53888888888889, 40.80000000000001, 32.644444444444446, 37.28888888888889, 37.01111111111112, 36.70555555555556, 36.48888888888891, 37.52777777777779, 38.43888888888891, 40.47777777777779, 29.961111111111123, 35.794444444444444, 32.32777777777779, 36.85000000000002, 36.90000000000001, 40.694444444444464, 38.68333333333334, 38.45000000000001, 41.477777777777796, 33.96666666666667, 40.277777777777764, 37.16666666666668, 37.80555555555555, 40.26666666666669, 37.01666666666666, 43.58333333333334, 38.69444444444445, 40.272222222222226, 35.96666666666668, 43.633333333333354, 38.861111111111114]
2022-12-12 17:20:39,396 Train INFO: mean test reward3: [40.54999999999999, 39.18333333333334, 38.394444444444446, 43.65555555555553, 43.38888888888888, 43.388888888888864, 42.55, 46.69444444444442, 40.599999999999994, 45.33333333333332, 39.32777777777778, 39.97222222222222, 42.70555555555554, 44.28333333333331, 41.24444444444443, 41.77777777777775, 42.13333333333332, 42.44999999999999, 39.39444444444448, 45.027777777777736, 44.861111111111086, 41.65555555555556, 41.66666666666666, 38.34444444444444, 43.81111111111108, 41.08333333333332, 40.33888888888889, 42.127777777777794, 42.54999999999998, 42.12777777777777, 39.65555555555555, 35.1888888888889, 46.11666666666667, 40.12777777777778, 44.177777777777756, 38.349999999999994, 45.649999999999984, 42.49999999999997, 38.08333333333335, 39.23888888888888, 40.49444444444446, 42.02777777777779, 44.07222222222219, 40.97222222222221, 36.505555555555574, 34.877777777777794, 46.11666666666663, 43.44444444444443, 43.127777777777766, 38.09444444444444]
2022-12-12 17:20:39,396 Train INFO: mean test reward4: [37.82777777777777, 39.74999999999998, 41.29444444444444, 46.17222222222218, 42.133333333333326, 41.92777777777777, 44.544444444444416, 39.39444444444443, 44.39444444444444, 42.87777777777777, 33.96666666666667, 38.4111111111111, 40.29444444444444, 40.02777777777776, 41.87777777777776, 40.72777777777777, 42.766666666666644, 43.86666666666663, 41.50555555555554, 41.03888888888888, 42.988888888888866, 41.17777777777776, 46.288888888888856, 41.3333333333333, 41.555555555555536, 43.12222222222219, 41.91666666666666, 39.877777777777766, 43.766666666666644, 42.333333333333314, 39.27777777777777, 37.14444444444443, 31.766666666666662, 38.34444444444444, 43.344444444444406, 45.38888888888885, 39.66666666666666, 39.56111111111111, 40.87777777777775, 41.722222222222186, 38.24444444444444, 42.86111111111107, 44.122222222222184, 45.75555555555553, 44.39444444444442, 40.28333333333332, 43.03333333333332, 38.19444444444443, 40.24444444444442, 44.74999999999997]
2022-12-12 17:20:39,397 Train INFO: mean test reward: 0.0000,37.8841,41.5889,41.3628
2022-12-12 17:20:39,397 Train INFO: test seed: 5************************************
2022-12-12 17:21:10,606 Train INFO: mean test reward1: [0.0, 0.0, 0.0, 0.0, 0.0, 0.0, 0.0, 0.0, 0.0, 0.0, 0.0, 0.0, 0.0, 0.0, 0.0, 0.0, 0.0, 0.0, 0.0, 0.0, 0.0, 0.0, 0.0, 0.0, 0.0, 0.0, 0.0, 0.0, 0.0, 0.0, 0.0, 0.0, 0.0, 0.0, 0.0, 0.0, 0.0, 0.0, 0.0, 0.0, 0.0, 0.0, 0.0, 0.0, 0.0, 0.0, 0.0, 0.0, 0.0, 0.0]
2022-12-12 17:21:10,606 Train INFO: mean test reward2: [40.22777777777778, 34.111111111111114, 36.11666666666669, 37.49444444444445, 33.60000000000001, 39.63888888888891, 41.63888888888888, 42.42777777777778, 38.64444444444445, 40.433333333333344, 33.066666666666684, 39.69444444444447, 39.85000000000002, 39.111111111111136, 37.905555555555566, 35.39444444444445, 38.7, 39.70000000000001, 39.37777777777779, 40.74444444444444, 39.69444444444446, 35.27222222222223, 39.53888888888892, 39.01111111111111, 37.49444444444444, 36.22222222222225, 37.26111111111112, 38.80555555555557, 39.850000000000016, 32.5888888888889, 37.75000000000002, 30.750000000000004, 38.68888888888891, 37.43333333333334, 42.372222222222234, 42.472222222222236, 37.388888888888886, 39.52777777777778, 33.594444444444456, 38.59444444444446, 37.64444444444446, 35.327777777777776, 40.58333333333335, 38.75, 39.22222222222225, 36.966666666666676, 40.744444444444454, 33.71666666666667, 45.6333333333333, 38.92222222222224]
2022-12-12 17:21:10,607 Train INFO: mean test reward3: [40.54999999999999, 39.18333333333334, 38.394444444444446, 43.65555555555553, 43.38888888888888, 43.388888888888864, 42.55, 46.69444444444442, 40.599999999999994, 45.33333333333332, 39.32777777777778, 39.97222222222222, 42.70555555555554, 44.28333333333331, 41.24444444444443, 41.77777777777775, 42.13333333333332, 42.44999999999999, 39.39444444444448, 45.027777777777736, 44.861111111111086, 41.65555555555556, 41.66666666666666, 38.34444444444444, 43.81111111111108, 41.08333333333332, 40.33888888888889, 42.127777777777794, 42.54999999999998, 42.12777777777777, 39.65555555555555, 35.1888888888889, 46.11666666666667, 40.12777777777778, 44.177777777777756, 38.349999999999994, 45.649999999999984, 42.49999999999997, 38.08333333333335, 39.23888888888888, 40.49444444444446, 42.02777777777779, 44.07222222222219, 40.97222222222221, 36.505555555555574, 34.877777777777794, 46.11666666666663, 43.44444444444443, 43.127777777777766, 38.09444444444444]
2022-12-12 17:21:10,607 Train INFO: mean test reward4: [37.82777777777777, 39.74999999999998, 41.29444444444444, 46.17222222222218, 42.133333333333326, 41.92777777777777, 44.544444444444416, 39.39444444444443, 44.39444444444444, 42.87777777777777, 33.96666666666667, 38.4111111111111, 40.29444444444444, 40.02777777777776, 41.87777777777776, 40.72777777777777, 42.766666666666644, 43.86666666666663, 41.50555555555554, 41.03888888888888, 42.988888888888866, 41.17777777777776, 46.288888888888856, 41.3333333333333, 41.555555555555536, 43.12222222222219, 41.91666666666666, 39.877777777777766, 43.766666666666644, 42.333333333333314, 39.27777777777777, 37.14444444444443, 31.766666666666662, 38.34444444444444, 43.344444444444406, 45.38888888888885, 39.66666666666666, 39.56111111111111, 40.87777777777775, 41.722222222222186, 38.24444444444444, 42.86111111111107, 44.122222222222184, 45.75555555555553, 44.39444444444442, 40.28333333333332, 43.03333333333332, 38.19444444444443, 40.24444444444442, 44.74999999999997]
2022-12-12 17:21:10,607 Train INFO: mean test reward: 0.0000,38.1940,41.5889,41.3628
2022-12-12 17:21:10,607 Train INFO: test seed: 6************************************
2022-12-12 17:21:41,465 Train INFO: mean test reward1: [0.0, 0.0, 0.0, 0.0, 0.0, 0.0, 0.0, 0.0, 0.0, 0.0, 0.0, 0.0, 0.0, 0.0, 0.0, 0.0, 0.0, 0.0, 0.0, 0.0, 0.0, 0.0, 0.0, 0.0, 0.0, 0.0, 0.0, 0.0, 0.0, 0.0, 0.0, 0.0, 0.0, 0.0, 0.0, 0.0, 0.0, 0.0, 0.0, 0.0, 0.0, 0.0, 0.0, 0.0, 0.0, 0.0, 0.0, 0.0, 0.0, 0.0]
2022-12-12 17:21:41,465 Train INFO: mean test reward2: [41.33333333333334, 37.58333333333335, 34.17222222222223, 38.27222222222223, 32.28333333333334, 40.68888888888892, 39.855555555555554, 42.211111111111116, 39.01111111111112, 39.95555555555555, 33.538888888888884, 40.222222222222236, 37.01111111111112, 39.32222222222222, 35.33333333333334, 37.02777777777778, 38.53888888888889, 36.550000000000026, 40.37777777777779, 41.85, 41.06666666666668, 32.90000000000001, 41.01666666666667, 36.122222222222234, 36.444444444444464, 37.22222222222223, 36.744444444444454, 37.805555555555564, 38.38333333333336, 31.016666666666666, 34.01666666666668, 30.488888888888894, 38.688888888888904, 39.90555555555555, 39.0666666666667, 40.794444444444466, 40.02777777777778, 40.63888888888888, 37.494444444444454, 38.96666666666668, 37.00555555555557, 35.80555555555556, 40.37777777777779, 37.60000000000001, 40.68888888888889, 38.805555555555564, 39.166666666666686, 35.60000000000002, 42.9, 34.54444444444446]
2022-12-12 17:21:41,466 Train INFO: mean test reward3: [40.54999999999999, 39.18333333333334, 38.394444444444446, 43.65555555555553, 43.38888888888888, 43.388888888888864, 42.55, 46.69444444444442, 40.599999999999994, 45.33333333333332, 39.32777777777778, 39.97222222222222, 42.70555555555554, 44.28333333333331, 41.24444444444443, 41.77777777777775, 42.13333333333332, 42.44999999999999, 39.39444444444448, 45.027777777777736, 44.861111111111086, 41.65555555555556, 41.66666666666666, 38.34444444444444, 43.81111111111108, 41.08333333333332, 40.33888888888889, 42.127777777777794, 42.54999999999998, 42.12777777777777, 39.65555555555555, 35.1888888888889, 46.11666666666667, 40.12777777777778, 44.177777777777756, 38.349999999999994, 45.649999999999984, 42.49999999999997, 38.08333333333335, 39.23888888888888, 40.49444444444446, 42.02777777777779, 44.07222222222219, 40.97222222222221, 36.505555555555574, 34.877777777777794, 46.11666666666663, 43.44444444444443, 43.127777777777766, 38.09444444444444]
2022-12-12 17:21:41,466 Train INFO: mean test reward4: [37.82777777777777, 39.74999999999998, 41.29444444444444, 46.17222222222218, 42.133333333333326, 41.92777777777777, 44.544444444444416, 39.39444444444443, 44.39444444444444, 42.87777777777777, 33.96666666666667, 38.4111111111111, 40.29444444444444, 40.02777777777776, 41.87777777777776, 40.72777777777777, 42.766666666666644, 43.86666666666663, 41.50555555555554, 41.03888888888888, 42.988888888888866, 41.17777777777776, 46.288888888888856, 41.3333333333333, 41.555555555555536, 43.12222222222219, 41.91666666666666, 39.877777777777766, 43.766666666666644, 42.333333333333314, 39.27777777777777, 37.14444444444443, 31.766666666666662, 38.34444444444444, 43.344444444444406, 45.38888888888885, 39.66666666666666, 39.56111111111111, 40.87777777777775, 41.722222222222186, 38.24444444444444, 42.86111111111107, 44.122222222222184, 45.75555555555553, 44.39444444444442, 40.28333333333332, 43.03333333333332, 38.19444444444443, 40.24444444444442, 44.74999999999997]
2022-12-12 17:21:41,466 Train INFO: mean test reward: 0.0000,37.9289,41.5889,41.3628
2022-12-12 17:21:41,466 Train INFO: test seed: 7************************************
2022-12-12 17:22:12,321 Train INFO: mean test reward1: [0.0, 0.0, 0.0, 0.0, 0.0, 0.0, 0.0, 0.0, 0.0, 0.0, 0.0, 0.0, 0.0, 0.0, 0.0, 0.0, 0.0, 0.0, 0.0, 0.0, 0.0, 0.0, 0.0, 0.0, 0.0, 0.0, 0.0, 0.0, 0.0, 0.0, 0.0, 0.0, 0.0, 0.0, 0.0, 0.0, 0.0, 0.0, 0.0, 0.0, 0.0, 0.0, 0.0, 0.0, 0.0, 0.0, 0.0, 0.0, 0.0, 0.0]
2022-12-12 17:22:12,321 Train INFO: mean test reward2: [38.972222222222236, 35.222222222222214, 37.64444444444446, 36.12222222222223, 31.338888888888903, 39.32222222222224, 40.90000000000003, 43.472222222222236, 38.372222222222234, 42.64444444444446, 32.75000000000001, 40.27222222222224, 40.272222222222226, 39.11666666666668, 37.75, 38.288888888888884, 39.16666666666667, 40.70000000000001, 40.688888888888876, 41.06111111111111, 40.327777777777776, 33.116666666666674, 38.86666666666668, 41.27222222222222, 37.650000000000006, 35.32777777777779, 38.116666666666674, 36.805555555555564, 39.01111111111111, 34.11111111111112, 36.116666666666674, 26.28333333333333, 35.05555555555557, 36.75000000000001, 39.90555555555559, 39.42777777777779, 38.338888888888896, 41.48333333333334, 36.12777777777779, 39.80000000000002, 37.322222222222244, 36.177777777777806, 37.47777777777779, 38.44444444444445, 42.222222222222236, 37.12222222222223, 39.688888888888904, 33.972222222222236, 41.633333333333354, 37.23888888888888]
2022-12-12 17:22:12,321 Train INFO: mean test reward3: [40.54999999999999, 39.18333333333334, 38.394444444444446, 43.65555555555553, 43.38888888888888, 43.388888888888864, 42.55, 46.69444444444442, 40.599999999999994, 45.33333333333332, 39.32777777777778, 39.97222222222222, 42.70555555555554, 44.28333333333331, 41.24444444444443, 41.77777777777775, 42.13333333333332, 42.44999999999999, 39.39444444444448, 45.027777777777736, 44.861111111111086, 41.65555555555556, 41.66666666666666, 38.34444444444444, 43.81111111111108, 41.08333333333332, 40.33888888888889, 42.127777777777794, 42.54999999999998, 42.12777777777777, 39.65555555555555, 35.1888888888889, 46.11666666666667, 40.12777777777778, 44.177777777777756, 38.349999999999994, 45.649999999999984, 42.49999999999997, 38.08333333333335, 39.23888888888888, 40.49444444444446, 42.02777777777779, 44.07222222222219, 40.97222222222221, 36.505555555555574, 34.877777777777794, 46.11666666666663, 43.44444444444443, 43.127777777777766, 38.09444444444444]
2022-12-12 17:22:12,321 Train INFO: mean test reward4: [37.82777777777777, 39.74999999999998, 41.29444444444444, 46.17222222222218, 42.133333333333326, 41.92777777777777, 44.544444444444416, 39.39444444444443, 44.39444444444444, 42.87777777777777, 33.96666666666667, 38.4111111111111, 40.29444444444444, 40.02777777777776, 41.87777777777776, 40.72777777777777, 42.766666666666644, 43.86666666666663, 41.50555555555554, 41.03888888888888, 42.988888888888866, 41.17777777777776, 46.288888888888856, 41.3333333333333, 41.555555555555536, 43.12222222222219, 41.91666666666666, 39.877777777777766, 43.766666666666644, 42.333333333333314, 39.27777777777777, 37.14444444444443, 31.766666666666662, 38.34444444444444, 43.344444444444406, 45.38888888888885, 39.66666666666666, 39.56111111111111, 40.87777777777775, 41.722222222222186, 38.24444444444444, 42.86111111111107, 44.122222222222184, 45.75555555555553, 44.39444444444442, 40.28333333333332, 43.03333333333332, 38.19444444444443, 40.24444444444442, 44.74999999999997]
2022-12-12 17:22:12,321 Train INFO: mean test reward: 0.0000,37.9854,41.5889,41.3628
2022-12-12 17:22:12,322 Train INFO: test seed: 8************************************
2022-12-12 17:22:43,273 Train INFO: mean test reward1: [0.0, 0.0, 0.0, 0.0, 0.0, 0.0, 0.0, 0.0, 0.0, 0.0, 0.0, 0.0, 0.0, 0.0, 0.0, 0.0, 0.0, 0.0, 0.0, 0.0, 0.0, 0.0, 0.0, 0.0, 0.0, 0.0, 0.0, 0.0, 0.0, 0.0, 0.0, 0.0, 0.0, 0.0, 0.0, 0.0, 0.0, 0.0, 0.0, 0.0, 0.0, 0.0, 0.0, 0.0, 0.0, 0.0, 0.0, 0.0, 0.0, 0.0]
2022-12-12 17:22:43,274 Train INFO: mean test reward2: [40.32777777777777, 35.43333333333335, 36.48888888888891, 37.75000000000003, 28.544444444444448, 39.37777777777779, 39.11111111111113, 45.84444444444441, 40.00555555555558, 40.64444444444446, 36.01111111111113, 44.73888888888891, 39.272222222222226, 40.2166666666667, 37.38333333333336, 37.70555555555558, 37.861111111111114, 37.70555555555554, 39.43333333333334, 42.53888888888889, 39.966666666666676, 34.32222222222223, 36.07222222222223, 37.22777777777779, 38.438888888888904, 34.7, 36.58333333333334, 40.438888888888904, 40.32777777777781, 31.172222222222224, 37.4888888888889, 32.11666666666669, 37.900000000000006, 40.4777777777778, 42.16666666666667, 39.37222222222224, 38.71111111111112, 41.377777777777794, 36.02222222222222, 40.27777777777778, 37.694444444444436, 40.11666666666667, 39.63333333333337, 35.96111111111112, 36.544444444444466, 39.33333333333334, 39.166666666666664, 35.71111111111112, 44.52777777777777, 35.97222222222222]
2022-12-12 17:22:43,274 Train INFO: mean test reward3: [40.54999999999999, 39.18333333333334, 38.394444444444446, 43.65555555555553, 43.38888888888888, 43.388888888888864, 42.55, 46.69444444444442, 40.599999999999994, 45.33333333333332, 39.32777777777778, 39.97222222222222, 42.70555555555554, 44.28333333333331, 41.24444444444443, 41.77777777777775, 42.13333333333332, 42.44999999999999, 39.39444444444448, 45.027777777777736, 44.861111111111086, 41.65555555555556, 41.66666666666666, 38.34444444444444, 43.81111111111108, 41.08333333333332, 40.33888888888889, 42.127777777777794, 42.54999999999998, 42.12777777777777, 39.65555555555555, 35.1888888888889, 46.11666666666667, 40.12777777777778, 44.177777777777756, 38.349999999999994, 45.649999999999984, 42.49999999999997, 38.08333333333335, 39.23888888888888, 40.49444444444446, 42.02777777777779, 44.07222222222219, 40.97222222222221, 36.505555555555574, 34.877777777777794, 46.11666666666663, 43.44444444444443, 43.127777777777766, 38.09444444444444]
2022-12-12 17:22:43,274 Train INFO: mean test reward4: [37.82777777777777, 39.74999999999998, 41.29444444444444, 46.17222222222218, 42.133333333333326, 41.92777777777777, 44.544444444444416, 39.39444444444443, 44.39444444444444, 42.87777777777777, 33.96666666666667, 38.4111111111111, 40.29444444444444, 40.02777777777776, 41.87777777777776, 40.72777777777777, 42.766666666666644, 43.86666666666663, 41.50555555555554, 41.03888888888888, 42.988888888888866, 41.17777777777776, 46.288888888888856, 41.3333333333333, 41.555555555555536, 43.12222222222219, 41.91666666666666, 39.877777777777766, 43.766666666666644, 42.333333333333314, 39.27777777777777, 37.14444444444443, 31.766666666666662, 38.34444444444444, 43.344444444444406, 45.38888888888885, 39.66666666666666, 39.56111111111111, 40.87777777777775, 41.722222222222186, 38.24444444444444, 42.86111111111107, 44.122222222222184, 45.75555555555553, 44.39444444444442, 40.28333333333332, 43.03333333333332, 38.19444444444443, 40.24444444444442, 44.74999999999997]
2022-12-12 17:22:43,274 Train INFO: mean test reward: 0.0000,38.3243,41.5889,41.3628
2022-12-12 17:22:43,274 Train INFO: test seed: 9************************************
2022-12-12 17:23:15,120 Train INFO: mean test reward1: [0.0, 0.0, 0.0, 0.0, 0.0, 0.0, 0.0, 0.0, 0.0, 0.0, 0.0, 0.0, 0.0, 0.0, 0.0, 0.0, 0.0, 0.0, 0.0, 0.0, 0.0, 0.0, 0.0, 0.0, 0.0, 0.0, 0.0, 0.0, 0.0, 0.0, 0.0, 0.0, 0.0, 0.0, 0.0, 0.0, 0.0, 0.0, 0.0, 0.0, 0.0, 0.0, 0.0, 0.0, 0.0, 0.0, 0.0, 0.0, 0.0, 0.0]
2022-12-12 17:23:15,120 Train INFO: mean test reward2: [40.38333333333334, 32.68888888888888, 36.072222222222244, 37.222222222222236, 32.3888888888889, 40.37222222222226, 38.061111111111124, 41.00555555555555, 39.8, 36.37777777777779, 34.43333333333333, 39.17222222222224, 36.588888888888896, 40.422222222222246, 37.072222222222244, 38.76111111111111, 41.07222222222224, 37.594444444444456, 39.32222222222224, 41.222222222222236, 37.700000000000024, 32.222222222222236, 37.07222222222224, 39.744444444444454, 38.60000000000001, 37.75555555555557, 37.00555555555557, 39.38333333333333, 38.172222222222224, 31.327777777777783, 36.277777777777786, 28.3388888888889, 35.22777777777778, 36.58333333333334, 41.42777777777778, 39.68888888888889, 39.54444444444446, 41.32222222222223, 33.3888888888889, 38.283333333333346, 37.11666666666669, 34.488888888888894, 38.21666666666669, 37.222222222222214, 41.68888888888889, 38.277777777777786, 39.63888888888889, 35.600000000000016, 40.6888888888889, 35.91666666666667]
2022-12-12 17:23:15,121 Train INFO: mean test reward3: [40.54999999999999, 39.18333333333334, 38.394444444444446, 43.65555555555553, 43.38888888888888, 43.388888888888864, 42.55, 46.69444444444442, 40.599999999999994, 45.33333333333332, 39.32777777777778, 39.97222222222222, 42.70555555555554, 44.28333333333331, 41.24444444444443, 41.77777777777775, 42.13333333333332, 42.44999999999999, 39.39444444444448, 45.027777777777736, 44.861111111111086, 41.65555555555556, 41.66666666666666, 38.34444444444444, 43.81111111111108, 41.08333333333332, 40.33888888888889, 42.127777777777794, 42.54999999999998, 42.12777777777777, 39.65555555555555, 35.1888888888889, 46.11666666666667, 40.12777777777778, 44.177777777777756, 38.349999999999994, 45.649999999999984, 42.49999999999997, 38.08333333333335, 39.23888888888888, 40.49444444444446, 42.02777777777779, 44.07222222222219, 40.97222222222221, 36.505555555555574, 34.877777777777794, 46.11666666666663, 43.44444444444443, 43.127777777777766, 38.09444444444444]
2022-12-12 17:23:15,121 Train INFO: mean test reward4: [37.82777777777777, 39.74999999999998, 41.29444444444444, 46.17222222222218, 42.133333333333326, 41.92777777777777, 44.544444444444416, 39.39444444444443, 44.39444444444444, 42.87777777777777, 33.96666666666667, 38.4111111111111, 40.29444444444444, 40.02777777777776, 41.87777777777776, 40.72777777777777, 42.766666666666644, 43.86666666666663, 41.50555555555554, 41.03888888888888, 42.988888888888866, 41.17777777777776, 46.288888888888856, 41.3333333333333, 41.555555555555536, 43.12222222222219, 41.91666666666666, 39.877777777777766, 43.766666666666644, 42.333333333333314, 39.27777777777777, 37.14444444444443, 31.766666666666662, 38.34444444444444, 43.344444444444406, 45.38888888888885, 39.66666666666666, 39.56111111111111, 40.87777777777775, 41.722222222222186, 38.24444444444444, 42.86111111111107, 44.122222222222184, 45.75555555555553, 44.39444444444442, 40.28333333333332, 43.03333333333332, 38.19444444444443, 40.24444444444442, 44.74999999999997]
2022-12-12 17:23:15,121 Train INFO: mean test reward: 0.0000,37.5591,41.5889,41.3628
2022-12-12 17:23:15,121 Train INFO: test seed: 10************************************
2022-12-12 17:23:45,993 Train INFO: mean test reward1: [0.0, 0.0, 0.0, 0.0, 0.0, 0.0, 0.0, 0.0, 0.0, 0.0, 0.0, 0.0, 0.0, 0.0, 0.0, 0.0, 0.0, 0.0, 0.0, 0.0, 0.0, 0.0, 0.0, 0.0, 0.0, 0.0, 0.0, 0.0, 0.0, 0.0, 0.0, 0.0, 0.0, 0.0, 0.0, 0.0, 0.0, 0.0, 0.0, 0.0, 0.0, 0.0, 0.0, 0.0, 0.0, 0.0, 0.0, 0.0, 0.0, 0.0]
2022-12-12 17:23:45,993 Train INFO: mean test reward2: [39.016666666666666, 34.85555555555557, 36.11666666666668, 38.53333333333336, 35.705555555555556, 37.69444444444446, 38.86111111111112, 42.68888888888889, 38.00555555555556, 39.11666666666668, 34.805555555555564, 42.48333333333333, 37.96111111111111, 39.38333333333333, 34.3388888888889, 37.50555555555557, 37.27777777777777, 38.650000000000006, 39.53888888888889, 42.37222222222222, 42.01111111111111, 35.37222222222223, 37.86111111111111, 37.80555555555556, 38.07222222222224, 34.64999999999999, 38.00555555555557, 42.06111111111112, 37.9611111111111, 29.544444444444448, 37.01111111111113, 29.544444444444444, 36.53333333333335, 39.116666666666696, 41.016666666666694, 40.85000000000001, 39.2277777777778, 39.3777777777778, 36.911111111111104, 39.277777777777786, 35.6388888888889, 35.5388888888889, 37.483333333333334, 36.69444444444445, 42.53333333333334, 39.855555555555576, 41.222222222222236, 36.555555555555564, 41.105555555555576, 36.39444444444446]
2022-12-12 17:23:45,993 Train INFO: mean test reward3: [40.54999999999999, 39.18333333333334, 38.394444444444446, 43.65555555555553, 43.38888888888888, 43.388888888888864, 42.55, 46.69444444444442, 40.599999999999994, 45.33333333333332, 39.32777777777778, 39.97222222222222, 42.70555555555554, 44.28333333333331, 41.24444444444443, 41.77777777777775, 42.13333333333332, 42.44999999999999, 39.39444444444448, 45.027777777777736, 44.861111111111086, 41.65555555555556, 41.66666666666666, 38.34444444444444, 43.81111111111108, 41.08333333333332, 40.33888888888889, 42.127777777777794, 42.54999999999998, 42.12777777777777, 39.65555555555555, 35.1888888888889, 46.11666666666667, 40.12777777777778, 44.177777777777756, 38.349999999999994, 45.649999999999984, 42.49999999999997, 38.08333333333335, 39.23888888888888, 40.49444444444446, 42.02777777777779, 44.07222222222219, 40.97222222222221, 36.505555555555574, 34.877777777777794, 46.11666666666663, 43.44444444444443, 43.127777777777766, 38.09444444444444]
2022-12-12 17:23:45,993 Train INFO: mean test reward4: [37.82777777777777, 39.74999999999998, 41.29444444444444, 46.17222222222218, 42.133333333333326, 41.92777777777777, 44.544444444444416, 39.39444444444443, 44.39444444444444, 42.87777777777777, 33.96666666666667, 38.4111111111111, 40.29444444444444, 40.02777777777776, 41.87777777777776, 40.72777777777777, 42.766666666666644, 43.86666666666663, 41.50555555555554, 41.03888888888888, 42.988888888888866, 41.17777777777776, 46.288888888888856, 41.3333333333333, 41.555555555555536, 43.12222222222219, 41.91666666666666, 39.877777777777766, 43.766666666666644, 42.333333333333314, 39.27777777777777, 37.14444444444443, 31.766666666666662, 38.34444444444444, 43.344444444444406, 45.38888888888885, 39.66666666666666, 39.56111111111111, 40.87777777777775, 41.722222222222186, 38.24444444444444, 42.86111111111107, 44.122222222222184, 45.75555555555553, 44.39444444444442, 40.28333333333332, 43.03333333333332, 38.19444444444443, 40.24444444444442, 44.74999999999997]
2022-12-12 17:23:45,993 Train INFO: mean test reward: 0.0000,38.0029,41.5889,41.3628
2022-12-12 17:23:45,994 Train INFO: test seed: 11************************************
2022-12-12 17:24:16,953 Train INFO: mean test reward1: [0.0, 0.0, 0.0, 0.0, 0.0, 0.0, 0.0, 0.0, 0.0, 0.0, 0.0, 0.0, 0.0, 0.0, 0.0, 0.0, 0.0, 0.0, 0.0, 0.0, 0.0, 0.0, 0.0, 0.0, 0.0, 0.0, 0.0, 0.0, 0.0, 0.0, 0.0, 0.0, 0.0, 0.0, 0.0, 0.0, 0.0, 0.0, 0.0, 0.0, 0.0, 0.0, 0.0, 0.0, 0.0, 0.0, 0.0, 0.0, 0.0, 0.0]
2022-12-12 17:24:16,953 Train INFO: mean test reward2: [42.22222222222224, 36.58888888888891, 33.438888888888904, 37.01111111111113, 33.17222222222224, 42.26111111111114, 41.172222222222224, 43.7888888888889, 39.64444444444446, 37.06111111111112, 33.12222222222222, 39.11666666666667, 39.16111111111113, 38.27222222222224, 38.90555555555558, 36.07777777777778, 40.38333333333335, 38.4388888888889, 40.588888888888896, 41.79444444444444, 40.11666666666667, 35.74444444444446, 39.594444444444456, 38.43333333333334, 36.60555555555556, 37.70000000000001, 38.95000000000001, 37.33333333333332, 40.17222222222224, 31.172222222222224, 36.900000000000006, 32.90555555555556, 36.22222222222223, 36.0611111111111, 41.327777777777804, 37.211111111111116, 39.86111111111111, 44.6888888888889, 34.966666666666676, 38.905555555555566, 39.37222222222223, 36.38333333333333, 39.6388888888889, 37.650000000000006, 41.588888888888896, 36.96666666666669, 39.9, 36.761111111111106, 44.31666666666668, 39.02777777777779]
2022-12-12 17:24:16,953 Train INFO: mean test reward3: [40.54999999999999, 39.18333333333334, 38.394444444444446, 43.65555555555553, 43.38888888888888, 43.388888888888864, 42.55, 46.69444444444442, 40.599999999999994, 45.33333333333332, 39.32777777777778, 39.97222222222222, 42.70555555555554, 44.28333333333331, 41.24444444444443, 41.77777777777775, 42.13333333333332, 42.44999999999999, 39.39444444444448, 45.027777777777736, 44.861111111111086, 41.65555555555556, 41.66666666666666, 38.34444444444444, 43.81111111111108, 41.08333333333332, 40.33888888888889, 42.127777777777794, 42.54999999999998, 42.12777777777777, 39.65555555555555, 35.1888888888889, 46.11666666666667, 40.12777777777778, 44.177777777777756, 38.349999999999994, 45.649999999999984, 42.49999999999997, 38.08333333333335, 39.23888888888888, 40.49444444444446, 42.02777777777779, 44.07222222222219, 40.97222222222221, 36.505555555555574, 34.877777777777794, 46.11666666666663, 43.44444444444443, 43.127777777777766, 38.09444444444444]
2022-12-12 17:24:16,953 Train INFO: mean test reward4: [37.82777777777777, 39.74999999999998, 41.29444444444444, 46.17222222222218, 42.133333333333326, 41.92777777777777, 44.544444444444416, 39.39444444444443, 44.39444444444444, 42.87777777777777, 33.96666666666667, 38.4111111111111, 40.29444444444444, 40.02777777777776, 41.87777777777776, 40.72777777777777, 42.766666666666644, 43.86666666666663, 41.50555555555554, 41.03888888888888, 42.988888888888866, 41.17777777777776, 46.288888888888856, 41.3333333333333, 41.555555555555536, 43.12222222222219, 41.91666666666666, 39.877777777777766, 43.766666666666644, 42.333333333333314, 39.27777777777777, 37.14444444444443, 31.766666666666662, 38.34444444444444, 43.344444444444406, 45.38888888888885, 39.66666666666666, 39.56111111111111, 40.87777777777775, 41.722222222222186, 38.24444444444444, 42.86111111111107, 44.122222222222184, 45.75555555555553, 44.39444444444442, 40.28333333333332, 43.03333333333332, 38.19444444444443, 40.24444444444442, 44.74999999999997]
2022-12-12 17:24:16,953 Train INFO: mean test reward: 0.0000,38.3740,41.5889,41.3628
2022-12-12 17:24:16,954 Train INFO: test seed: 12************************************
2022-12-12 17:24:48,030 Train INFO: mean test reward1: [0.0, 0.0, 0.0, 0.0, 0.0, 0.0, 0.0, 0.0, 0.0, 0.0, 0.0, 0.0, 0.0, 0.0, 0.0, 0.0, 0.0, 0.0, 0.0, 0.0, 0.0, 0.0, 0.0, 0.0, 0.0, 0.0, 0.0, 0.0, 0.0, 0.0, 0.0, 0.0, 0.0, 0.0, 0.0, 0.0, 0.0, 0.0, 0.0, 0.0, 0.0, 0.0, 0.0, 0.0, 0.0, 0.0, 0.0, 0.0, 0.0, 0.0]
2022-12-12 17:24:48,030 Train INFO: mean test reward2: [41.90555555555554, 36.42777777777779, 35.48333333333335, 38.7, 33.650000000000006, 38.74444444444447, 40.738888888888916, 43.00555555555556, 37.80000000000001, 40.90555555555555, 27.016666666666666, 40.48888888888887, 40.11111111111112, 40.21666666666668, 37.12222222222225, 37.44444444444445, 37.70555555555557, 39.90555555555557, 40.58333333333336, 39.844444444444434, 40.53888888888889, 32.85000000000001, 35.91666666666668, 41.90555555555554, 39.65, 34.43888888888891, 38.161111111111126, 39.32777777777778, 37.48333333333335, 32.6388888888889, 35.59444444444445, 31.066666666666674, 36.95555555555557, 40.894444444444474, 42.800000000000026, 40.950000000000024, 37.705555555555556, 40.84444444444448, 36.594444444444434, 36.76111111111113, 36.38333333333333, 33.32222222222223, 36.79444444444445, 38.444444444444436, 41.950000000000024, 39.22222222222224, 40.638888888888914, 35.23333333333334, 43.36666666666665, 36.972222222222236]
2022-12-12 17:24:48,031 Train INFO: mean test reward3: [40.54999999999999, 39.18333333333334, 38.394444444444446, 43.65555555555553, 43.38888888888888, 43.388888888888864, 42.55, 46.69444444444442, 40.599999999999994, 45.33333333333332, 39.32777777777778, 39.97222222222222, 42.70555555555554, 44.28333333333331, 41.24444444444443, 41.77777777777775, 42.13333333333332, 42.44999999999999, 39.39444444444448, 45.027777777777736, 44.861111111111086, 41.65555555555556, 41.66666666666666, 38.34444444444444, 43.81111111111108, 41.08333333333332, 40.33888888888889, 42.127777777777794, 42.54999999999998, 42.12777777777777, 39.65555555555555, 35.1888888888889, 46.11666666666667, 40.12777777777778, 44.177777777777756, 38.349999999999994, 45.649999999999984, 42.49999999999997, 38.08333333333335, 39.23888888888888, 40.49444444444446, 42.02777777777779, 44.07222222222219, 40.97222222222221, 36.505555555555574, 34.877777777777794, 46.11666666666663, 43.44444444444443, 43.127777777777766, 38.09444444444444]
2022-12-12 17:24:48,031 Train INFO: mean test reward4: [37.82777777777777, 39.74999999999998, 41.29444444444444, 46.17222222222218, 42.133333333333326, 41.92777777777777, 44.544444444444416, 39.39444444444443, 44.39444444444444, 42.87777777777777, 33.96666666666667, 38.4111111111111, 40.29444444444444, 40.02777777777776, 41.87777777777776, 40.72777777777777, 42.766666666666644, 43.86666666666663, 41.50555555555554, 41.03888888888888, 42.988888888888866, 41.17777777777776, 46.288888888888856, 41.3333333333333, 41.555555555555536, 43.12222222222219, 41.91666666666666, 39.877777777777766, 43.766666666666644, 42.333333333333314, 39.27777777777777, 37.14444444444443, 31.766666666666662, 38.34444444444444, 43.344444444444406, 45.38888888888885, 39.66666666666666, 39.56111111111111, 40.87777777777775, 41.722222222222186, 38.24444444444444, 42.86111111111107, 44.122222222222184, 45.75555555555553, 44.39444444444442, 40.28333333333332, 43.03333333333332, 38.19444444444443, 40.24444444444442, 44.74999999999997]
2022-12-12 17:24:48,031 Train INFO: mean test reward: 0.0000,38.0641,41.5889,41.3628
2022-12-12 17:24:48,031 Train INFO: test seed: 13************************************
2022-12-12 17:25:19,021 Train INFO: mean test reward1: [0.0, 0.0, 0.0, 0.0, 0.0, 0.0, 0.0, 0.0, 0.0, 0.0, 0.0, 0.0, 0.0, 0.0, 0.0, 0.0, 0.0, 0.0, 0.0, 0.0, 0.0, 0.0, 0.0, 0.0, 0.0, 0.0, 0.0, 0.0, 0.0, 0.0, 0.0, 0.0, 0.0, 0.0, 0.0, 0.0, 0.0, 0.0, 0.0, 0.0, 0.0, 0.0, 0.0, 0.0, 0.0, 0.0, 0.0, 0.0, 0.0, 0.0]
2022-12-12 17:25:19,021 Train INFO: mean test reward2: [42.17777777777775, 36.43333333333335, 35.911111111111126, 37.59444444444445, 32.594444444444456, 40.47777777777782, 40.32222222222227, 44.26111111111112, 37.16666666666667, 37.74444444444446, 31.177777777777784, 41.066666666666656, 37.58888888888891, 40.27222222222223, 36.96111111111114, 38.54444444444445, 38.016666666666666, 35.65555555555555, 40.43333333333333, 42.061111111111124, 42.43888888888891, 34.38333333333333, 40.07222222222222, 41.699999999999996, 37.18333333333333, 33.33333333333336, 38.111111111111114, 40.01666666666667, 40.43333333333334, 28.48333333333334, 35.750000000000014, 33.805555555555564, 37.90555555555559, 38.42777777777778, 42.849999999999994, 37.900000000000006, 39.80555555555557, 42.42222222222223, 35.600000000000016, 39.538888888888906, 34.27222222222223, 36.4388888888889, 37.90000000000002, 38.96111111111112, 41.06111111111111, 39.59444444444444, 39.166666666666664, 36.07777777777778, 43.47777777777777, 33.92777777777779]
2022-12-12 17:25:19,021 Train INFO: mean test reward3: [40.54999999999999, 39.18333333333334, 38.394444444444446, 43.65555555555553, 43.38888888888888, 43.388888888888864, 42.55, 46.69444444444442, 40.599999999999994, 45.33333333333332, 39.32777777777778, 39.97222222222222, 42.70555555555554, 44.28333333333331, 41.24444444444443, 41.77777777777775, 42.13333333333332, 42.44999999999999, 39.39444444444448, 45.027777777777736, 44.861111111111086, 41.65555555555556, 41.66666666666666, 38.34444444444444, 43.81111111111108, 41.08333333333332, 40.33888888888889, 42.127777777777794, 42.54999999999998, 42.12777777777777, 39.65555555555555, 35.1888888888889, 46.11666666666667, 40.12777777777778, 44.177777777777756, 38.349999999999994, 45.649999999999984, 42.49999999999997, 38.08333333333335, 39.23888888888888, 40.49444444444446, 42.02777777777779, 44.07222222222219, 40.97222222222221, 36.505555555555574, 34.877777777777794, 46.11666666666663, 43.44444444444443, 43.127777777777766, 38.09444444444444]
2022-12-12 17:25:19,021 Train INFO: mean test reward4: [37.82777777777777, 39.74999999999998, 41.29444444444444, 46.17222222222218, 42.133333333333326, 41.92777777777777, 44.544444444444416, 39.39444444444443, 44.39444444444444, 42.87777777777777, 33.96666666666667, 38.4111111111111, 40.29444444444444, 40.02777777777776, 41.87777777777776, 40.72777777777777, 42.766666666666644, 43.86666666666663, 41.50555555555554, 41.03888888888888, 42.988888888888866, 41.17777777777776, 46.288888888888856, 41.3333333333333, 41.555555555555536, 43.12222222222219, 41.91666666666666, 39.877777777777766, 43.766666666666644, 42.333333333333314, 39.27777777777777, 37.14444444444443, 31.766666666666662, 38.34444444444444, 43.344444444444406, 45.38888888888885, 39.66666666666666, 39.56111111111111, 40.87777777777775, 41.722222222222186, 38.24444444444444, 42.86111111111107, 44.122222222222184, 45.75555555555553, 44.39444444444442, 40.28333333333332, 43.03333333333332, 38.19444444444443, 40.24444444444442, 44.74999999999997]
2022-12-12 17:25:19,021 Train INFO: mean test reward: 0.0000,38.1500,41.5889,41.3628
2022-12-12 17:25:19,022 Train INFO: test seed: 14************************************
2022-12-12 17:25:50,518 Train INFO: mean test reward1: [0.0, 0.0, 0.0, 0.0, 0.0, 0.0, 0.0, 0.0, 0.0, 0.0, 0.0, 0.0, 0.0, 0.0, 0.0, 0.0, 0.0, 0.0, 0.0, 0.0, 0.0, 0.0, 0.0, 0.0, 0.0, 0.0, 0.0, 0.0, 0.0, 0.0, 0.0, 0.0, 0.0, 0.0, 0.0, 0.0, 0.0, 0.0, 0.0, 0.0, 0.0, 0.0, 0.0, 0.0, 0.0, 0.0, 0.0, 0.0, 0.0, 0.0]
2022-12-12 17:25:50,519 Train INFO: mean test reward2: [42.22777777777778, 33.43333333333333, 36.172222222222224, 37.06666666666666, 33.86666666666667, 40.216666666666676, 41.372222222222234, 44.57777777777777, 39.477777777777796, 37.17222222222223, 32.59444444444445, 41.427777777777784, 39.43333333333334, 40.00555555555557, 35.7, 36.81666666666667, 38.43333333333333, 37.2777777777778, 38.53888888888889, 41.0111111111111, 42.54444444444445, 32.74444444444445, 39.91111111111112, 38.37777777777779, 38.3888888888889, 35.55000000000001, 42.627777777777794, 37.64444444444446, 41.5277777777778, 33.85555555555556, 34.96111111111111, 30.91111111111112, 36.06111111111112, 36.850000000000016, 39.48333333333335, 37.74444444444446, 40.75000000000001, 40.26666666666667, 33.91666666666668, 36.866666666666674, 38.216666666666704, 36.32777777777779, 40.00555555555557, 36.12222222222224, 41.22222222222222, 38.96666666666667, 39.06666666666668, 36.49444444444447, 44.366666666666646, 35.81666666666668]
2022-12-12 17:25:50,519 Train INFO: mean test reward3: [40.54999999999999, 39.18333333333334, 38.394444444444446, 43.65555555555553, 43.38888888888888, 43.388888888888864, 42.55, 46.69444444444442, 40.599999999999994, 45.33333333333332, 39.32777777777778, 39.97222222222222, 42.70555555555554, 44.28333333333331, 41.24444444444443, 41.77777777777775, 42.13333333333332, 42.44999999999999, 39.39444444444448, 45.027777777777736, 44.861111111111086, 41.65555555555556, 41.66666666666666, 38.34444444444444, 43.81111111111108, 41.08333333333332, 40.33888888888889, 42.127777777777794, 42.54999999999998, 42.12777777777777, 39.65555555555555, 35.1888888888889, 46.11666666666667, 40.12777777777778, 44.177777777777756, 38.349999999999994, 45.649999999999984, 42.49999999999997, 38.08333333333335, 39.23888888888888, 40.49444444444446, 42.02777777777779, 44.07222222222219, 40.97222222222221, 36.505555555555574, 34.877777777777794, 46.11666666666663, 43.44444444444443, 43.127777777777766, 38.09444444444444]
2022-12-12 17:25:50,519 Train INFO: mean test reward4: [37.82777777777777, 39.74999999999998, 41.29444444444444, 46.17222222222218, 42.133333333333326, 41.92777777777777, 44.544444444444416, 39.39444444444443, 44.39444444444444, 42.87777777777777, 33.96666666666667, 38.4111111111111, 40.29444444444444, 40.02777777777776, 41.87777777777776, 40.72777777777777, 42.766666666666644, 43.86666666666663, 41.50555555555554, 41.03888888888888, 42.988888888888866, 41.17777777777776, 46.288888888888856, 41.3333333333333, 41.555555555555536, 43.12222222222219, 41.91666666666666, 39.877777777777766, 43.766666666666644, 42.333333333333314, 39.27777777777777, 37.14444444444443, 31.766666666666662, 38.34444444444444, 43.344444444444406, 45.38888888888885, 39.66666666666666, 39.56111111111111, 40.87777777777775, 41.722222222222186, 38.24444444444444, 42.86111111111107, 44.122222222222184, 45.75555555555553, 44.39444444444442, 40.28333333333332, 43.03333333333332, 38.19444444444443, 40.24444444444442, 44.74999999999997]
2022-12-12 17:25:50,519 Train INFO: mean test reward: 0.0000,38.0882,41.5889,41.3628
2022-12-12 17:25:50,519 Train INFO: test seed: 15************************************
2022-12-12 17:26:21,473 Train INFO: mean test reward1: [0.0, 0.0, 0.0, 0.0, 0.0, 0.0, 0.0, 0.0, 0.0, 0.0, 0.0, 0.0, 0.0, 0.0, 0.0, 0.0, 0.0, 0.0, 0.0, 0.0, 0.0, 0.0, 0.0, 0.0, 0.0, 0.0, 0.0, 0.0, 0.0, 0.0, 0.0, 0.0, 0.0, 0.0, 0.0, 0.0, 0.0, 0.0, 0.0, 0.0, 0.0, 0.0, 0.0, 0.0, 0.0, 0.0, 0.0, 0.0, 0.0, 0.0]
2022-12-12 17:26:21,473 Train INFO: mean test reward2: [41.11666666666667, 36.95555555555558, 35.96666666666668, 38.22222222222223, 33.70555555555557, 41.32222222222224, 40.80000000000001, 42.95555555555556, 38.11111111111112, 40.327777777777804, 34.7, 38.750000000000014, 38.11666666666669, 40.26666666666667, 36.2777777777778, 37.91666666666668, 38.538888888888884, 36.911111111111126, 39.59444444444445, 37.11666666666668, 40.166666666666686, 34.794444444444444, 37.96111111111112, 42.22222222222223, 37.127777777777794, 35.122222222222234, 38.527777777777786, 38.58888888888892, 38.64444444444446, 29.966666666666676, 34.06666666666666, 29.43333333333334, 41.10555555555558, 38.01111111111112, 40.6388888888889, 38.26666666666669, 39.866666666666674, 41.794444444444444, 36.6, 36.91111111111113, 36.53333333333335, 37.483333333333356, 39.47777777777778, 40.1777777777778, 42.68888888888889, 39.12777777777781, 40.955555555555556, 34.44444444444446, 44.47777777777779, 37.07777777777778]
2022-12-12 17:26:21,473 Train INFO: mean test reward3: [40.54999999999999, 39.18333333333334, 38.394444444444446, 43.65555555555553, 43.38888888888888, 43.388888888888864, 42.55, 46.69444444444442, 40.599999999999994, 45.33333333333332, 39.32777777777778, 39.97222222222222, 42.70555555555554, 44.28333333333331, 41.24444444444443, 41.77777777777775, 42.13333333333332, 42.44999999999999, 39.39444444444448, 45.027777777777736, 44.861111111111086, 41.65555555555556, 41.66666666666666, 38.34444444444444, 43.81111111111108, 41.08333333333332, 40.33888888888889, 42.127777777777794, 42.54999999999998, 42.12777777777777, 39.65555555555555, 35.1888888888889, 46.11666666666667, 40.12777777777778, 44.177777777777756, 38.349999999999994, 45.649999999999984, 42.49999999999997, 38.08333333333335, 39.23888888888888, 40.49444444444446, 42.02777777777779, 44.07222222222219, 40.97222222222221, 36.505555555555574, 34.877777777777794, 46.11666666666663, 43.44444444444443, 43.127777777777766, 38.09444444444444]
2022-12-12 17:26:21,473 Train INFO: mean test reward4: [37.82777777777777, 39.74999999999998, 41.29444444444444, 46.17222222222218, 42.133333333333326, 41.92777777777777, 44.544444444444416, 39.39444444444443, 44.39444444444444, 42.87777777777777, 33.96666666666667, 38.4111111111111, 40.29444444444444, 40.02777777777776, 41.87777777777776, 40.72777777777777, 42.766666666666644, 43.86666666666663, 41.50555555555554, 41.03888888888888, 42.988888888888866, 41.17777777777776, 46.288888888888856, 41.3333333333333, 41.555555555555536, 43.12222222222219, 41.91666666666666, 39.877777777777766, 43.766666666666644, 42.333333333333314, 39.27777777777777, 37.14444444444443, 31.766666666666662, 38.34444444444444, 43.344444444444406, 45.38888888888885, 39.66666666666666, 39.56111111111111, 40.87777777777775, 41.722222222222186, 38.24444444444444, 42.86111111111107, 44.122222222222184, 45.75555555555553, 44.39444444444442, 40.28333333333332, 43.03333333333332, 38.19444444444443, 40.24444444444442, 44.74999999999997]
2022-12-12 17:26:21,473 Train INFO: mean test reward: 0.0000,38.1987,41.5889,41.3628
2022-12-12 17:26:21,474 Train INFO: test seed: 16************************************
2022-12-12 17:26:52,434 Train INFO: mean test reward1: [0.0, 0.0, 0.0, 0.0, 0.0, 0.0, 0.0, 0.0, 0.0, 0.0, 0.0, 0.0, 0.0, 0.0, 0.0, 0.0, 0.0, 0.0, 0.0, 0.0, 0.0, 0.0, 0.0, 0.0, 0.0, 0.0, 0.0, 0.0, 0.0, 0.0, 0.0, 0.0, 0.0, 0.0, 0.0, 0.0, 0.0, 0.0, 0.0, 0.0, 0.0, 0.0, 0.0, 0.0, 0.0, 0.0, 0.0, 0.0, 0.0, 0.0]
2022-12-12 17:26:52,434 Train INFO: mean test reward2: [40.9111111111111, 34.90555555555557, 36.60000000000002, 36.33333333333335, 33.64444444444447, 38.477777777777796, 41.05555555555555, 40.111111111111136, 37.9, 39.06666666666667, 36.0611111111111, 40.22222222222223, 40.01111111111112, 41.16111111111112, 34.91111111111111, 35.655555555555566, 38.95555555555557, 41.01111111111112, 39.85, 42.95555555555555, 40.80555555555556, 32.06666666666667, 39.07222222222224, 39.16666666666668, 38.28888888888889, 35.22222222222223, 39.26666666666667, 37.90555555555556, 39.58333333333333, 30.277777777777786, 33.850000000000016, 29.172222222222224, 37.16111111111112, 38.738888888888894, 39.90000000000001, 37.00555555555557, 37.81111111111112, 40.794444444444466, 34.911111111111126, 39.33333333333333, 37.588888888888896, 36.811111111111124, 36.53333333333333, 40.22777777777778, 39.483333333333356, 38.80555555555557, 41.27222222222224, 36.97222222222225, 44.99444444444444, 35.344444444444456]
2022-12-12 17:26:52,434 Train INFO: mean test reward3: [40.54999999999999, 39.18333333333334, 38.394444444444446, 43.65555555555553, 43.38888888888888, 43.388888888888864, 42.55, 46.69444444444442, 40.599999999999994, 45.33333333333332, 39.32777777777778, 39.97222222222222, 42.70555555555554, 44.28333333333331, 41.24444444444443, 41.77777777777775, 42.13333333333332, 42.44999999999999, 39.39444444444448, 45.027777777777736, 44.861111111111086, 41.65555555555556, 41.66666666666666, 38.34444444444444, 43.81111111111108, 41.08333333333332, 40.33888888888889, 42.127777777777794, 42.54999999999998, 42.12777777777777, 39.65555555555555, 35.1888888888889, 46.11666666666667, 40.12777777777778, 44.177777777777756, 38.349999999999994, 45.649999999999984, 42.49999999999997, 38.08333333333335, 39.23888888888888, 40.49444444444446, 42.02777777777779, 44.07222222222219, 40.97222222222221, 36.505555555555574, 34.877777777777794, 46.11666666666663, 43.44444444444443, 43.127777777777766, 38.09444444444444]
2022-12-12 17:26:52,434 Train INFO: mean test reward4: [37.82777777777777, 39.74999999999998, 41.29444444444444, 46.17222222222218, 42.133333333333326, 41.92777777777777, 44.544444444444416, 39.39444444444443, 44.39444444444444, 42.87777777777777, 33.96666666666667, 38.4111111111111, 40.29444444444444, 40.02777777777776, 41.87777777777776, 40.72777777777777, 42.766666666666644, 43.86666666666663, 41.50555555555554, 41.03888888888888, 42.988888888888866, 41.17777777777776, 46.288888888888856, 41.3333333333333, 41.555555555555536, 43.12222222222219, 41.91666666666666, 39.877777777777766, 43.766666666666644, 42.333333333333314, 39.27777777777777, 37.14444444444443, 31.766666666666662, 38.34444444444444, 43.344444444444406, 45.38888888888885, 39.66666666666666, 39.56111111111111, 40.87777777777775, 41.722222222222186, 38.24444444444444, 42.86111111111107, 44.122222222222184, 45.75555555555553, 44.39444444444442, 40.28333333333332, 43.03333333333332, 38.19444444444443, 40.24444444444442, 44.74999999999997]
2022-12-12 17:26:52,435 Train INFO: mean test reward: 0.0000,37.9633,41.5889,41.3628
2022-12-12 17:26:52,435 Train INFO: test seed: 17************************************
2022-12-12 17:27:23,356 Train INFO: mean test reward1: [0.0, 0.0, 0.0, 0.0, 0.0, 0.0, 0.0, 0.0, 0.0, 0.0, 0.0, 0.0, 0.0, 0.0, 0.0, 0.0, 0.0, 0.0, 0.0, 0.0, 0.0, 0.0, 0.0, 0.0, 0.0, 0.0, 0.0, 0.0, 0.0, 0.0, 0.0, 0.0, 0.0, 0.0, 0.0, 0.0, 0.0, 0.0, 0.0, 0.0, 0.0, 0.0, 0.0, 0.0, 0.0, 0.0, 0.0, 0.0, 0.0, 0.0]
2022-12-12 17:27:23,356 Train INFO: mean test reward2: [40.64444444444444, 36.905555555555566, 33.22777777777778, 37.80000000000002, 33.594444444444456, 37.90555555555558, 40.27222222222224, 42.58888888888888, 39.00555555555557, 40.4388888888889, 33.116666666666674, 40.74444444444444, 39.377777777777794, 36.849999999999994, 37.85555555555556, 37.02222222222222, 37.800000000000004, 36.81111111111113, 39.53333333333334, 39.75000000000002, 40.916666666666686, 33.5888888888889, 37.91666666666667, 37.383333333333354, 38.28333333333335, 36.177777777777784, 38.055555555555564, 41.48333333333332, 39.74444444444444, 32.54444444444445, 36.85555555555557, 28.86666666666667, 34.005555555555574, 38.58333333333334, 41.06111111111111, 41.52777777777779, 38.122222222222234, 37.63888888888891, 36.072222222222216, 37.02222222222224, 35.16666666666668, 36.905555555555566, 40.583333333333364, 39.32777777777779, 41.21666666666669, 35.59444444444445, 39.6388888888889, 37.28333333333334, 42.999999999999986, 37.17777777777779]
2022-12-12 17:27:23,356 Train INFO: mean test reward3: [40.54999999999999, 39.18333333333334, 38.394444444444446, 43.65555555555553, 43.38888888888888, 43.388888888888864, 42.55, 46.69444444444442, 40.599999999999994, 45.33333333333332, 39.32777777777778, 39.97222222222222, 42.70555555555554, 44.28333333333331, 41.24444444444443, 41.77777777777775, 42.13333333333332, 42.44999999999999, 39.39444444444448, 45.027777777777736, 44.861111111111086, 41.65555555555556, 41.66666666666666, 38.34444444444444, 43.81111111111108, 41.08333333333332, 40.33888888888889, 42.127777777777794, 42.54999999999998, 42.12777777777777, 39.65555555555555, 35.1888888888889, 46.11666666666667, 40.12777777777778, 44.177777777777756, 38.349999999999994, 45.649999999999984, 42.49999999999997, 38.08333333333335, 39.23888888888888, 40.49444444444446, 42.02777777777779, 44.07222222222219, 40.97222222222221, 36.505555555555574, 34.877777777777794, 46.11666666666663, 43.44444444444443, 43.127777777777766, 38.09444444444444]
2022-12-12 17:27:23,356 Train INFO: mean test reward4: [37.82777777777777, 39.74999999999998, 41.29444444444444, 46.17222222222218, 42.133333333333326, 41.92777777777777, 44.544444444444416, 39.39444444444443, 44.39444444444444, 42.87777777777777, 33.96666666666667, 38.4111111111111, 40.29444444444444, 40.02777777777776, 41.87777777777776, 40.72777777777777, 42.766666666666644, 43.86666666666663, 41.50555555555554, 41.03888888888888, 42.988888888888866, 41.17777777777776, 46.288888888888856, 41.3333333333333, 41.555555555555536, 43.12222222222219, 41.91666666666666, 39.877777777777766, 43.766666666666644, 42.333333333333314, 39.27777777777777, 37.14444444444443, 31.766666666666662, 38.34444444444444, 43.344444444444406, 45.38888888888885, 39.66666666666666, 39.56111111111111, 40.87777777777775, 41.722222222222186, 38.24444444444444, 42.86111111111107, 44.122222222222184, 45.75555555555553, 44.39444444444442, 40.28333333333332, 43.03333333333332, 38.19444444444443, 40.24444444444442, 44.74999999999997]
2022-12-12 17:27:23,357 Train INFO: mean test reward: 0.0000,37.8598,41.5889,41.3628
2022-12-12 17:27:23,357 Train INFO: test seed: 18************************************
2022-12-12 17:27:54,339 Train INFO: mean test reward1: [0.0, 0.0, 0.0, 0.0, 0.0, 0.0, 0.0, 0.0, 0.0, 0.0, 0.0, 0.0, 0.0, 0.0, 0.0, 0.0, 0.0, 0.0, 0.0, 0.0, 0.0, 0.0, 0.0, 0.0, 0.0, 0.0, 0.0, 0.0, 0.0, 0.0, 0.0, 0.0, 0.0, 0.0, 0.0, 0.0, 0.0, 0.0, 0.0, 0.0, 0.0, 0.0, 0.0, 0.0, 0.0, 0.0, 0.0, 0.0, 0.0, 0.0]
2022-12-12 17:27:54,339 Train INFO: mean test reward2: [39.538888888888884, 35.111111111111114, 36.12222222222224, 38.90555555555558, 33.28333333333334, 38.85000000000001, 35.911111111111126, 43.57777777777779, 37.01111111111111, 39.911111111111126, 34.91111111111111, 39.42777777777779, 38.90555555555555, 41.161111111111104, 34.433333333333344, 35.0777777777778, 36.54444444444444, 38.28333333333336, 38.06111111111112, 37.48333333333335, 41.599999999999994, 33.05555555555556, 39.7, 39.327777777777776, 37.12222222222224, 33.75000000000002, 39.31666666666668, 40.327777777777804, 36.438888888888904, 31.48888888888889, 36.22222222222224, 33.855555555555554, 36.6388888888889, 36.27222222222223, 42.90000000000002, 43.15555555555556, 39.54444444444445, 41.95000000000001, 36.650000000000006, 39.96666666666669, 37.477777777777796, 34.96111111111112, 41.00555555555555, 36.22777777777778, 41.216666666666654, 41.17222222222223, 38.74444444444446, 36.39444444444446, 42.322222222222216, 35.605555555555554]
2022-12-12 17:27:54,339 Train INFO: mean test reward3: [40.54999999999999, 39.18333333333334, 38.394444444444446, 43.65555555555553, 43.38888888888888, 43.388888888888864, 42.55, 46.69444444444442, 40.599999999999994, 45.33333333333332, 39.32777777777778, 39.97222222222222, 42.70555555555554, 44.28333333333331, 41.24444444444443, 41.77777777777775, 42.13333333333332, 42.44999999999999, 39.39444444444448, 45.027777777777736, 44.861111111111086, 41.65555555555556, 41.66666666666666, 38.34444444444444, 43.81111111111108, 41.08333333333332, 40.33888888888889, 42.127777777777794, 42.54999999999998, 42.12777777777777, 39.65555555555555, 35.1888888888889, 46.11666666666667, 40.12777777777778, 44.177777777777756, 38.349999999999994, 45.649999999999984, 42.49999999999997, 38.08333333333335, 39.23888888888888, 40.49444444444446, 42.02777777777779, 44.07222222222219, 40.97222222222221, 36.505555555555574, 34.877777777777794, 46.11666666666663, 43.44444444444443, 43.127777777777766, 38.09444444444444]
2022-12-12 17:27:54,339 Train INFO: mean test reward4: [37.82777777777777, 39.74999999999998, 41.29444444444444, 46.17222222222218, 42.133333333333326, 41.92777777777777, 44.544444444444416, 39.39444444444443, 44.39444444444444, 42.87777777777777, 33.96666666666667, 38.4111111111111, 40.29444444444444, 40.02777777777776, 41.87777777777776, 40.72777777777777, 42.766666666666644, 43.86666666666663, 41.50555555555554, 41.03888888888888, 42.988888888888866, 41.17777777777776, 46.288888888888856, 41.3333333333333, 41.555555555555536, 43.12222222222219, 41.91666666666666, 39.877777777777766, 43.766666666666644, 42.333333333333314, 39.27777777777777, 37.14444444444443, 31.766666666666662, 38.34444444444444, 43.344444444444406, 45.38888888888885, 39.66666666666666, 39.56111111111111, 40.87777777777775, 41.722222222222186, 38.24444444444444, 42.86111111111107, 44.122222222222184, 45.75555555555553, 44.39444444444442, 40.28333333333332, 43.03333333333332, 38.19444444444443, 40.24444444444442, 44.74999999999997]
2022-12-12 17:27:54,340 Train INFO: mean test reward: 0.0000,37.9384,41.5889,41.3628
2022-12-12 17:27:54,340 Train INFO: test seed: 19************************************
2022-12-12 17:28:25,375 Train INFO: mean test reward1: [0.0, 0.0, 0.0, 0.0, 0.0, 0.0, 0.0, 0.0, 0.0, 0.0, 0.0, 0.0, 0.0, 0.0, 0.0, 0.0, 0.0, 0.0, 0.0, 0.0, 0.0, 0.0, 0.0, 0.0, 0.0, 0.0, 0.0, 0.0, 0.0, 0.0, 0.0, 0.0, 0.0, 0.0, 0.0, 0.0, 0.0, 0.0, 0.0, 0.0, 0.0, 0.0, 0.0, 0.0, 0.0, 0.0, 0.0, 0.0, 0.0, 0.0]
2022-12-12 17:28:25,376 Train INFO: mean test reward2: [40.488888888888894, 35.38333333333335, 35.54444444444445, 39.5388888888889, 33.1777777777778, 38.69444444444444, 39.16666666666669, 41.21666666666667, 38.11111111111112, 42.16666666666666, 35.488888888888894, 41.17222222222223, 39.58888888888891, 39.84444444444447, 35.69444444444446, 37.70555555555555, 38.699999999999996, 37.75555555555558, 40.26666666666668, 40.69444444444444, 39.69999999999999, 32.583333333333336, 37.60000000000001, 38.48888888888889, 36.02222222222223, 35.59444444444445, 36.63888888888891, 38.17222222222222, 39.90000000000001, 31.438888888888897, 36.90555555555556, 31.438888888888897, 34.5388888888889, 39.95, 37.65000000000003, 39.42222222222223, 40.28888888888889, 42.48333333333335, 34.394444444444446, 37.60000000000003, 36.05555555555558, 35.48333333333336, 41.266666666666694, 39.550000000000026, 41.90555555555556, 39.59444444444445, 39.95555555555558, 36.39444444444447, 44.26666666666666, 35.61111111111111]
2022-12-12 17:28:25,376 Train INFO: mean test reward3: [40.54999999999999, 39.18333333333334, 38.394444444444446, 43.65555555555553, 43.38888888888888, 43.388888888888864, 42.55, 46.69444444444442, 40.599999999999994, 45.33333333333332, 39.32777777777778, 39.97222222222222, 42.70555555555554, 44.28333333333331, 41.24444444444443, 41.77777777777775, 42.13333333333332, 42.44999999999999, 39.39444444444448, 45.027777777777736, 44.861111111111086, 41.65555555555556, 41.66666666666666, 38.34444444444444, 43.81111111111108, 41.08333333333332, 40.33888888888889, 42.127777777777794, 42.54999999999998, 42.12777777777777, 39.65555555555555, 35.1888888888889, 46.11666666666667, 40.12777777777778, 44.177777777777756, 38.349999999999994, 45.649999999999984, 42.49999999999997, 38.08333333333335, 39.23888888888888, 40.49444444444446, 42.02777777777779, 44.07222222222219, 40.97222222222221, 36.505555555555574, 34.877777777777794, 46.11666666666663, 43.44444444444443, 43.127777777777766, 38.09444444444444]
2022-12-12 17:28:25,376 Train INFO: mean test reward4: [37.82777777777777, 39.74999999999998, 41.29444444444444, 46.17222222222218, 42.133333333333326, 41.92777777777777, 44.544444444444416, 39.39444444444443, 44.39444444444444, 42.87777777777777, 33.96666666666667, 38.4111111111111, 40.29444444444444, 40.02777777777776, 41.87777777777776, 40.72777777777777, 42.766666666666644, 43.86666666666663, 41.50555555555554, 41.03888888888888, 42.988888888888866, 41.17777777777776, 46.288888888888856, 41.3333333333333, 41.555555555555536, 43.12222222222219, 41.91666666666666, 39.877777777777766, 43.766666666666644, 42.333333333333314, 39.27777777777777, 37.14444444444443, 31.766666666666662, 38.34444444444444, 43.344444444444406, 45.38888888888885, 39.66666666666666, 39.56111111111111, 40.87777777777775, 41.722222222222186, 38.24444444444444, 42.86111111111107, 44.122222222222184, 45.75555555555553, 44.39444444444442, 40.28333333333332, 43.03333333333332, 38.19444444444443, 40.24444444444442, 44.74999999999997]
2022-12-12 17:28:25,376 Train INFO: mean test reward: 0.0000,38.0259,41.5889,41.3628
