2022-12-03 16:15:27,984 Train INFO: Namespace(logger=<Logger Train (INFO)>, name='A2C2022-12-03-16-15-27', gpu='0', device=device(type='cuda', index=0), gamma=1, epoch_num=100, train_episode=2000, test_episode=40, val_episode=40, test_size=0.1, val_size=0.5, batch_size=40, train_batch_size=50, num_steps=10, h=1, w=[120, 50], nn_out=40, share_lr=0.01, actor_lr=0.01, critic_lr=0.01, e_rate=0.001, a_rate=1, c_rate=1, lr_decay_lambda=0.999, duse_T=True, est_T=False, use_pref=False, same_price=False, use_price=True, only_test=True, change_T=True, num='0', print_grad=False, max_norm=10, seed_range=20, net_seed=47, info=True, selling_length=140, cardinality=4, ini_inv=10, num_products=10, number_samples=10000, num_cus_types=4, seg_prob=[0.4, 0.3, 0.1, 0.2], num_cus_features=6, cus_type=None, rank_list=None)
2022-12-03 16:15:27,985 Train INFO: log/A2C2022-12-03-16-15-27
2022-12-03 16:15:27,987 Train INFO: products price: [2400. 2200. 2000. 1800. 1600. 1400. 1200. 1000.  800.  600.]
2022-12-03 16:15:27,987 Train INFO: Load Factor 1.4
2022-12-03 16:15:27,987 Train INFO: test seed: 0************************************
2022-12-03 16:15:51,869 Train INFO: mean test reward1: [0.0, 0.0, 0.0, 0.0, 0.0, 0.0, 0.0, 0.0, 0.0, 0.0, 0.0, 0.0, 0.0, 0.0, 0.0, 0.0, 0.0, 0.0, 0.0, 0.0, 0.0, 0.0, 0.0, 0.0, 0.0, 0.0, 0.0, 0.0, 0.0, 0.0, 0.0, 0.0, 0.0, 0.0, 0.0, 0.0, 0.0, 0.0, 0.0, 0.0]
2022-12-03 16:15:51,869 Train INFO: mean test reward2: [46.20000000000001, 46.60000000000001, 48.3, 51.49999999999999, 47.29999999999998, 42.9, 47.2, 48.999999999999986, 53.89999999999999, 51.4, 48.0, 50.50000000000001, 47.100000000000016, 43.699999999999996, 53.0, 50.0, 53.10000000000003, 45.8, 48.60000000000002, 46.199999999999996, 46.89999999999999, 45.7, 51.3, 41.599999999999994, 52.9, 58.400000000000006, 49.000000000000014, 48.0, 50.90000000000001, 47.59999999999997, 52.09999999999999, 53.699999999999974, 50.2, 49.0, 49.599999999999994, 42.900000000000006, 47.099999999999994, 48.50000000000001, 51.8, 52.9]
2022-12-03 16:15:51,869 Train INFO: mean test reward3: [42.40000000000002, 51.09999999999998, 56.19999999999997, 56.49999999999996, 54.099999999999966, 51.999999999999986, 52.6, 55.099999999999966, 49.89999999999998, 49.300000000000004, 53.49999999999999, 51.20000000000001, 49.09999999999999, 50.49999999999999, 53.699999999999996, 58.99999999999999, 54.90000000000002, 52.29999999999999, 52.49999999999997, 51.799999999999976, 50.39999999999996, 52.1, 59.29999999999996, 53.59999999999999, 49.59999999999998, 49.400000000000006, 48.6, 47.70000000000002, 57.200000000000024, 47.199999999999974, 48.4, 51.29999999999999, 48.29999999999997, 57.199999999999996, 53.60000000000001, 52.79999999999999, 50.49999999999997, 52.999999999999964, 49.50000000000001, 61.4]
2022-12-03 16:15:51,870 Train INFO: mean test reward4: [53.90000000000001, 54.29999999999999, 52.79999999999999, 54.20000000000001, 59.399999999999984, 41.9, 59.29999999999999, 55.19999999999999, 53.09999999999998, 53.500000000000014, 56.999999999999986, 57.80000000000002, 56.39999999999998, 55.999999999999986, 53.7, 53.49999999999999, 45.99999999999999, 51.39999999999999, 41.800000000000004, 58.0, 42.8, 53.800000000000004, 53.499999999999986, 52.29999999999998, 51.49999999999999, 53.89999999999999, 53.3, 53.0, 51.90000000000001, 57.89999999999998, 49.7, 55.19999999999998, 54.399999999999984, 56.79999999999998, 48.4, 46.400000000000006, 60.399999999999984, 50.8, 56.29999999999999, 46.20000000000002]
2022-12-03 16:15:51,870 Train INFO: mean test reward: 0.0000,49.0100,52.2200,52.9425
2022-12-03 16:15:51,870 Train INFO: test seed: 1************************************
2022-12-03 16:16:10,742 Train INFO: mean test reward1: [0.0, 0.0, 0.0, 0.0, 0.0, 0.0, 0.0, 0.0, 0.0, 0.0, 0.0, 0.0, 0.0, 0.0, 0.0, 0.0, 0.0, 0.0, 0.0, 0.0, 0.0, 0.0, 0.0, 0.0, 0.0, 0.0, 0.0, 0.0, 0.0, 0.0, 0.0, 0.0, 0.0, 0.0, 0.0, 0.0, 0.0, 0.0, 0.0, 0.0]
2022-12-03 16:16:10,742 Train INFO: mean test reward2: [47.1, 39.5, 50.300000000000004, 48.79999999999999, 50.5, 48.4, 49.599999999999994, 52.2, 49.800000000000004, 48.3, 47.900000000000006, 46.80000000000002, 44.600000000000016, 47.800000000000004, 49.300000000000004, 53.10000000000001, 50.699999999999996, 50.39999999999997, 51.5, 45.60000000000001, 48.40000000000001, 47.3, 52.29999999999998, 41.99999999999999, 50.40000000000001, 51.1, 49.49999999999999, 45.89999999999999, 45.9, 35.4, 53.89999999999999, 50.79999999999999, 47.3, 42.50000000000001, 40.50000000000002, 46.80000000000001, 49.70000000000002, 44.199999999999996, 48.400000000000006, 53.49999999999999]
2022-12-03 16:16:10,743 Train INFO: mean test reward3: [52.69999999999998, 55.29999999999999, 55.89999999999997, 48.90000000000001, 51.89999999999996, 51.70000000000002, 46.000000000000014, 50.00000000000001, 48.00000000000001, 45.19999999999998, 53.79999999999998, 46.600000000000016, 47.80000000000002, 49.39999999999999, 52.199999999999974, 55.89999999999996, 52.70000000000001, 56.19999999999997, 50.799999999999976, 51.699999999999974, 44.89999999999998, 47.29999999999997, 56.199999999999946, 50.59999999999999, 48.6, 53.19999999999999, 43.50000000000002, 45.99999999999999, 53.19999999999999, 49.8, 45.800000000000004, 47.60000000000001, 47.69999999999998, 56.600000000000016, 52.90000000000004, 49.90000000000002, 43.00000000000002, 48.4, 47.000000000000014, 50.70000000000001]
2022-12-03 16:16:10,743 Train INFO: mean test reward4: [52.899999999999984, 50.599999999999994, 48.3, 52.900000000000006, 56.699999999999996, 42.00000000000001, 46.50000000000001, 50.400000000000006, 47.1, 46.699999999999996, 50.99999999999999, 50.90000000000003, 47.40000000000001, 50.5, 50.4, 54.79999999999998, 46.999999999999986, 57.89999999999997, 43.3, 51.6, 48.800000000000004, 52.89999999999999, 50.399999999999984, 52.69999999999999, 46.30000000000001, 56.09999999999999, 50.7, 55.69999999999999, 54.399999999999984, 48.40000000000002, 50.7, 47.899999999999984, 55.499999999999964, 44.0, 50.000000000000014, 40.40000000000002, 52.00000000000001, 47.4, 53.300000000000004, 52.699999999999996]
2022-12-03 16:16:10,743 Train INFO: mean test reward: 0.0000,47.9500,50.1400,50.2300
2022-12-03 16:16:10,744 Train INFO: test seed: 2************************************
2022-12-03 16:16:35,444 Train INFO: mean test reward1: [0.0, 0.0, 0.0, 0.0, 0.0, 0.0, 0.0, 0.0, 0.0, 0.0, 0.0, 0.0, 0.0, 0.0, 0.0, 0.0, 0.0, 0.0, 0.0, 0.0, 0.0, 0.0, 0.0, 0.0, 0.0, 0.0, 0.0, 0.0, 0.0, 0.0, 0.0, 0.0, 0.0, 0.0, 0.0, 0.0, 0.0, 0.0, 0.0, 0.0]
2022-12-03 16:16:35,444 Train INFO: mean test reward2: [49.6, 48.5, 51.59999999999999, 50.0, 46.999999999999986, 51.2, 49.69999999999999, 46.4, 52.69999999999998, 50.499999999999986, 49.69999999999999, 51.500000000000014, 52.599999999999966, 46.80000000000002, 45.3, 42.1, 46.8, 43.80000000000001, 53.100000000000016, 51.000000000000014, 49.400000000000006, 41.800000000000004, 49.4, 40.80000000000001, 50.5, 51.79999999999999, 46.39999999999999, 42.4, 51.899999999999984, 46.0, 53.89999999999998, 60.099999999999994, 50.29999999999999, 43.6, 49.79999999999999, 44.59999999999999, 51.89999999999999, 51.89999999999999, 49.70000000000001, 50.9]
2022-12-03 16:16:35,444 Train INFO: mean test reward3: [51.3, 48.80000000000002, 55.099999999999966, 62.30000000000001, 49.400000000000006, 58.49999999999998, 49.999999999999986, 51.79999999999999, 52.09999999999997, 54.699999999999996, 49.299999999999976, 53.099999999999966, 46.79999999999997, 57.39999999999994, 51.399999999999984, 58.099999999999994, 50.60000000000002, 54.39999999999998, 52.09999999999997, 45.8, 48.59999999999999, 55.29999999999999, 48.79999999999999, 48.70000000000002, 55.09999999999999, 53.1, 49.69999999999999, 51.100000000000016, 59.19999999999996, 47.59999999999996, 49.699999999999974, 48.300000000000004, 47.29999999999999, 58.800000000000004, 50.6, 53.599999999999966, 52.29999999999997, 50.59999999999999, 49.599999999999966, 52.8]
2022-12-03 16:16:35,445 Train INFO: mean test reward4: [56.999999999999986, 46.20000000000001, 55.399999999999984, 51.89999999999999, 58.59999999999998, 48.39999999999999, 53.59999999999999, 48.8, 52.3, 49.89999999999999, 51.3, 59.69999999999999, 46.7, 54.199999999999996, 51.2, 53.89999999999999, 48.2, 61.89999999999998, 45.699999999999996, 51.2, 50.49999999999999, 53.69999999999999, 48.3, 44.9, 48.800000000000004, 54.70000000000001, 46.3, 47.8, 56.199999999999974, 53.69999999999999, 46.29999999999998, 56.999999999999986, 54.20000000000001, 47.80000000000001, 49.5, 44.70000000000001, 55.899999999999984, 54.50000000000001, 51.999999999999986, 48.09999999999999]
2022-12-03 16:16:35,445 Train INFO: mean test reward: 0.0000,48.9250,52.0950,51.5250
2022-12-03 16:16:35,445 Train INFO: test seed: 3************************************
2022-12-03 16:16:56,765 Train INFO: mean test reward1: [0.0, 0.0, 0.0, 0.0, 0.0, 0.0, 0.0, 0.0, 0.0, 0.0, 0.0, 0.0, 0.0, 0.0, 0.0, 0.0, 0.0, 0.0, 0.0, 0.0, 0.0, 0.0, 0.0, 0.0, 0.0, 0.0, 0.0, 0.0, 0.0, 0.0, 0.0, 0.0, 0.0, 0.0, 0.0, 0.0, 0.0, 0.0, 0.0, 0.0]
2022-12-03 16:16:56,765 Train INFO: mean test reward2: [53.599999999999994, 53.300000000000004, 52.50000000000001, 50.69999999999998, 50.59999999999999, 44.49999999999999, 44.89999999999999, 53.59999999999999, 51.699999999999996, 54.50000000000001, 57.00000000000001, 44.7, 49.09999999999999, 51.99999999999999, 51.900000000000006, 57.89999999999997, 49.2, 52.000000000000014, 52.400000000000006, 46.39999999999999, 49.50000000000001, 49.400000000000006, 42.30000000000001, 43.60000000000001, 54.49999999999998, 50.19999999999999, 48.30000000000001, 43.99999999999999, 48.40000000000002, 44.1, 50.599999999999994, 52.79999999999999, 53.2, 49.099999999999994, 53.1, 43.50000000000001, 51.999999999999986, 49.900000000000006, 56.49999999999997, 51.5]
2022-12-03 16:16:56,765 Train INFO: mean test reward3: [48.69999999999999, 49.599999999999994, 61.99999999999998, 54.09999999999999, 48.89999999999996, 50.2, 53.09999999999998, 53.00000000000001, 46.59999999999998, 55.399999999999984, 55.199999999999974, 53.9, 53.799999999999976, 55.19999999999995, 49.89999999999999, 54.199999999999974, 52.000000000000014, 50.90000000000002, 48.89999999999997, 51.59999999999997, 53.69999999999995, 50.69999999999999, 54.59999999999999, 49.10000000000001, 52.69999999999996, 50.90000000000003, 52.799999999999976, 43.199999999999996, 56.199999999999996, 49.699999999999996, 46.59999999999999, 57.99999999999998, 47.99999999999997, 54.39999999999997, 51.59999999999999, 54.000000000000014, 48.19999999999997, 50.29999999999999, 51.699999999999974, 57.39999999999999]
2022-12-03 16:16:56,765 Train INFO: mean test reward4: [53.8, 52.69999999999998, 55.00000000000001, 50.800000000000004, 62.0, 48.00000000000001, 52.29999999999999, 44.70000000000001, 51.19999999999998, 49.400000000000006, 53.39999999999999, 58.100000000000016, 54.300000000000004, 59.09999999999995, 53.99999999999999, 57.09999999999999, 49.8, 54.10000000000001, 51.19999999999999, 58.999999999999986, 48.099999999999994, 54.1, 48.3, 50.3, 49.89999999999999, 50.600000000000016, 49.0, 53.59999999999999, 48.10000000000001, 58.5, 53.7, 44.999999999999986, 57.09999999999999, 48.59999999999999, 46.29999999999999, 41.000000000000014, 52.699999999999974, 56.499999999999986, 51.4, 55.00000000000001]
2022-12-03 16:16:56,765 Train INFO: mean test reward: 0.0000,50.2250,52.0250,52.1950
2022-12-03 16:16:56,766 Train INFO: test seed: 4************************************
2022-12-03 16:17:17,748 Train INFO: mean test reward1: [0.0, 0.0, 0.0, 0.0, 0.0, 0.0, 0.0, 0.0, 0.0, 0.0, 0.0, 0.0, 0.0, 0.0, 0.0, 0.0, 0.0, 0.0, 0.0, 0.0, 0.0, 0.0, 0.0, 0.0, 0.0, 0.0, 0.0, 0.0, 0.0, 0.0, 0.0, 0.0, 0.0, 0.0, 0.0, 0.0, 0.0, 0.0, 0.0, 0.0]
2022-12-03 16:17:17,748 Train INFO: mean test reward2: [49.19999999999998, 47.70000000000002, 45.400000000000006, 47.50000000000003, 48.40000000000001, 49.79999999999998, 47.0, 57.399999999999984, 55.0, 50.800000000000004, 50.59999999999999, 48.49999999999999, 43.3, 44.69999999999999, 50.800000000000004, 47.699999999999996, 51.80000000000001, 49.70000000000001, 52.99999999999998, 46.199999999999996, 44.60000000000001, 52.300000000000004, 44.4, 42.300000000000004, 53.70000000000002, 45.599999999999994, 45.1, 38.69999999999999, 50.799999999999976, 43.899999999999984, 52.69999999999998, 51.69999999999998, 49.6, 51.5, 48.999999999999986, 46.39999999999998, 48.1, 48.299999999999976, 48.0, 52.89999999999999]
2022-12-03 16:17:17,748 Train INFO: mean test reward3: [50.20000000000003, 50.49999999999999, 50.40000000000002, 52.800000000000004, 49.69999999999999, 54.59999999999998, 48.79999999999999, 49.69999999999997, 51.10000000000001, 47.80000000000003, 51.89999999999998, 55.49999999999996, 55.800000000000004, 49.89999999999999, 51.50000000000001, 56.79999999999998, 50.89999999999998, 51.09999999999998, 49.899999999999984, 52.99999999999996, 43.99999999999998, 50.699999999999996, 51.89999999999999, 50.100000000000016, 50.19999999999996, 52.10000000000002, 47.40000000000003, 48.80000000000001, 52.39999999999999, 44.89999999999999, 45.39999999999998, 47.799999999999976, 49.200000000000024, 56.89999999999996, 55.30000000000002, 51.39999999999997, 50.59999999999997, 48.499999999999964, 54.400000000000006, 59.09999999999998]
2022-12-03 16:17:17,748 Train INFO: mean test reward4: [50.0, 50.10000000000001, 54.400000000000006, 53.599999999999994, 60.29999999999998, 47.9, 53.400000000000006, 47.49999999999999, 48.8, 50.70000000000001, 49.89999999999999, 56.69999999999999, 46.70000000000001, 53.0, 53.20000000000001, 58.199999999999996, 48.599999999999994, 53.59999999999998, 45.099999999999994, 53.599999999999994, 51.699999999999996, 52.4, 50.10000000000001, 48.2, 50.699999999999996, 53.50000000000001, 47.899999999999984, 51.699999999999996, 47.3, 49.60000000000001, 50.9, 54.29999999999998, 56.49999999999999, 50.099999999999994, 47.29999999999999, 41.70000000000001, 49.80000000000001, 55.399999999999984, 55.20000000000002, 49.19999999999998]
2022-12-03 16:17:17,748 Train INFO: mean test reward: 0.0000,48.6025,51.0750,51.2200
2022-12-03 16:17:17,749 Train INFO: test seed: 5************************************
2022-12-03 16:17:35,817 Train INFO: mean test reward1: [0.0, 0.0, 0.0, 0.0, 0.0, 0.0, 0.0, 0.0, 0.0, 0.0, 0.0, 0.0, 0.0, 0.0, 0.0, 0.0, 0.0, 0.0, 0.0, 0.0, 0.0, 0.0, 0.0, 0.0, 0.0, 0.0, 0.0, 0.0, 0.0, 0.0, 0.0, 0.0, 0.0, 0.0, 0.0, 0.0, 0.0, 0.0, 0.0, 0.0]
2022-12-03 16:17:35,818 Train INFO: mean test reward2: [49.300000000000004, 40.2, 45.5, 44.59999999999998, 39.99999999999999, 45.6, 41.8, 44.6, 57.60000000000001, 43.599999999999994, 45.1, 47.00000000000001, 37.400000000000006, 44.4, 50.8, 46.500000000000014, 50.2, 45.59999999999999, 50.40000000000001, 48.29999999999999, 48.30000000000002, 35.099999999999994, 41.49999999999999, 43.80000000000001, 46.100000000000016, 55.599999999999994, 40.10000000000001, 44.0, 43.8, 34.6, 49.400000000000006, 54.19999999999999, 40.499999999999986, 53.59999999999997, 46.599999999999994, 39.900000000000006, 46.30000000000001, 47.90000000000002, 53.199999999999996, 48.999999999999986]
2022-12-03 16:17:35,818 Train INFO: mean test reward3: [39.50000000000001, 51.699999999999974, 49.79999999999997, 53.50000000000001, 49.69999999999997, 53.39999999999998, 45.199999999999996, 50.19999999999999, 44.00000000000001, 42.30000000000001, 50.99999999999996, 51.2, 50.59999999999997, 54.19999999999996, 51.199999999999974, 50.699999999999974, 50.00000000000002, 50.39999999999997, 46.29999999999997, 47.899999999999984, 42.79999999999998, 47.700000000000024, 52.89999999999998, 48.69999999999999, 48.90000000000001, 49.300000000000004, 41.40000000000003, 47.600000000000016, 58.09999999999998, 44.60000000000001, 46.39999999999999, 52.29999999999999, 49.79999999999998, 56.39999999999999, 48.90000000000003, 44.200000000000024, 43.0, 44.60000000000001, 47.99999999999999, 48.399999999999984]
2022-12-03 16:17:35,818 Train INFO: mean test reward4: [48.89999999999998, 53.10000000000001, 53.19999999999999, 47.499999999999986, 52.49999999999999, 42.30000000000002, 51.09999999999999, 46.70000000000001, 41.800000000000004, 45.90000000000002, 51.60000000000001, 47.500000000000014, 44.70000000000002, 50.099999999999994, 50.50000000000001, 55.7, 43.6, 51.69999999999998, 45.9, 44.70000000000002, 42.300000000000004, 47.30000000000001, 46.29999999999999, 50.199999999999996, 44.600000000000016, 48.10000000000001, 45.70000000000001, 50.9, 48.1, 47.2, 47.7, 45.29999999999999, 46.5, 54.699999999999996, 46.00000000000001, 36.2, 54.0, 51.00000000000001, 52.199999999999996, 43.99999999999999]
2022-12-03 16:17:35,818 Train INFO: mean test reward: 0.0000,45.8000,48.6700,47.9325
2022-12-03 16:17:35,818 Train INFO: test seed: 6************************************
2022-12-03 16:17:58,182 Train INFO: mean test reward1: [0.0, 0.0, 0.0, 0.0, 0.0, 0.0, 0.0, 0.0, 0.0, 0.0, 0.0, 0.0, 0.0, 0.0, 0.0, 0.0, 0.0, 0.0, 0.0, 0.0, 0.0, 0.0, 0.0, 0.0, 0.0, 0.0, 0.0, 0.0, 0.0, 0.0, 0.0, 0.0, 0.0, 0.0, 0.0, 0.0, 0.0, 0.0, 0.0, 0.0]
2022-12-03 16:17:58,182 Train INFO: mean test reward2: [56.59999999999997, 44.39999999999999, 45.6, 47.2, 50.499999999999986, 52.8, 49.800000000000004, 58.49999999999998, 51.800000000000004, 55.099999999999994, 53.59999999999999, 46.400000000000006, 49.7, 50.899999999999984, 54.30000000000002, 54.69999999999999, 49.800000000000004, 48.10000000000001, 51.399999999999984, 51.600000000000016, 49.099999999999994, 48.79999999999999, 54.89999999999999, 46.29999999999998, 55.099999999999994, 58.1, 46.79999999999999, 50.099999999999994, 48.99999999999999, 49.19999999999998, 53.29999999999998, 55.300000000000004, 50.5, 47.900000000000006, 52.60000000000001, 43.300000000000004, 49.29999999999997, 52.9, 57.89999999999999, 57.7]
2022-12-03 16:17:58,183 Train INFO: mean test reward3: [52.09999999999999, 55.699999999999974, 56.79999999999998, 58.3, 54.299999999999976, 54.199999999999996, 53.39999999999996, 50.49999999999998, 51.09999999999999, 50.29999999999999, 54.39999999999995, 54.600000000000016, 51.50000000000001, 56.399999999999956, 56.499999999999986, 64.09999999999997, 57.1, 56.099999999999994, 54.49999999999998, 55.19999999999997, 55.59999999999997, 52.09999999999999, 61.000000000000014, 57.00000000000001, 55.39999999999997, 54.00000000000001, 51.09999999999998, 50.69999999999999, 57.69999999999997, 47.89999999999996, 53.49999999999996, 53.30000000000002, 51.09999999999998, 56.19999999999999, 61.70000000000003, 59.9, 49.4, 48.40000000000002, 57.39999999999999, 54.599999999999994]
2022-12-03 16:17:58,183 Train INFO: mean test reward4: [55.19999999999999, 59.4, 54.9, 53.29999999999999, 63.99999999999999, 50.899999999999984, 51.89999999999999, 50.0, 50.19999999999998, 58.100000000000016, 57.29999999999998, 61.400000000000006, 58.89999999999999, 61.199999999999974, 54.100000000000016, 56.69999999999999, 53.399999999999984, 55.8, 51.90000000000001, 46.6, 44.7, 55.800000000000004, 60.79999999999998, 56.29999999999998, 54.0, 59.0, 53.7, 55.19999999999997, 58.89999999999999, 53.800000000000004, 51.099999999999994, 54.20000000000001, 55.099999999999994, 53.89999999999999, 47.5, 52.400000000000006, 57.19999999999999, 53.6, 63.59999999999997, 53.29999999999999]
2022-12-03 16:17:58,183 Train INFO: mean test reward: 0.0000,51.2725,54.6275,54.9825
2022-12-03 16:17:58,183 Train INFO: test seed: 7************************************
2022-12-03 16:18:19,518 Train INFO: mean test reward1: [0.0, 0.0, 0.0, 0.0, 0.0, 0.0, 0.0, 0.0, 0.0, 0.0, 0.0, 0.0, 0.0, 0.0, 0.0, 0.0, 0.0, 0.0, 0.0, 0.0, 0.0, 0.0, 0.0, 0.0, 0.0, 0.0, 0.0, 0.0, 0.0, 0.0, 0.0, 0.0, 0.0, 0.0, 0.0, 0.0, 0.0, 0.0, 0.0, 0.0]
2022-12-03 16:18:19,519 Train INFO: mean test reward2: [47.9, 53.89999999999999, 50.999999999999986, 47.1, 42.599999999999994, 54.10000000000001, 47.899999999999984, 56.9, 52.69999999999999, 54.29999999999998, 54.200000000000024, 47.0, 52.099999999999994, 44.400000000000006, 53.20000000000001, 49.49999999999999, 50.600000000000016, 49.59999999999997, 56.29999999999998, 48.30000000000001, 52.70000000000002, 43.3, 49.1, 51.80000000000001, 56.3, 56.9, 47.70000000000002, 41.400000000000006, 53.1, 39.3, 57.89999999999999, 54.400000000000006, 51.39999999999999, 49.20000000000001, 52.5, 50.70000000000001, 52.300000000000004, 48.400000000000006, 50.599999999999994, 52.50000000000002]
2022-12-03 16:18:19,519 Train INFO: mean test reward3: [53.19999999999999, 55.399999999999956, 56.09999999999996, 59.5, 57.09999999999999, 57.59999999999998, 54.099999999999966, 54.89999999999998, 56.20000000000001, 53.89999999999999, 56.69999999999998, 52.40000000000001, 57.999999999999964, 49.49999999999999, 53.29999999999997, 61.49999999999995, 55.40000000000002, 50.9, 50.99999999999997, 48.09999999999998, 51.79999999999998, 53.8, 54.2, 53.39999999999997, 53.999999999999964, 53.19999999999998, 47.3, 46.3, 60.49999999999996, 47.300000000000004, 53.29999999999996, 51.89999999999996, 49.19999999999999, 61.199999999999996, 56.200000000000024, 55.90000000000002, 55.999999999999986, 48.79999999999998, 54.20000000000001, 58.50000000000003]
2022-12-03 16:18:19,519 Train INFO: mean test reward4: [56.60000000000001, 56.99999999999999, 51.70000000000001, 48.4, 53.400000000000006, 49.6, 54.99999999999999, 45.29999999999999, 50.59999999999999, 52.200000000000024, 54.499999999999986, 51.1, 51.0, 54.59999999999998, 52.90000000000001, 57.899999999999984, 57.1, 59.100000000000016, 45.6, 56.30000000000001, 50.800000000000004, 52.89999999999999, 52.29999999999999, 57.29999999999998, 45.500000000000014, 52.19999999999999, 50.90000000000001, 50.50000000000001, 57.59999999999997, 58.899999999999984, 51.29999999999999, 53.89999999999999, 55.099999999999994, 48.0, 43.80000000000001, 45.90000000000001, 49.099999999999994, 52.399999999999984, 55.000000000000014, 50.50000000000002]
2022-12-03 16:18:19,519 Train INFO: mean test reward: 0.0000,50.6275,54.0450,52.3450
2022-12-03 16:18:19,520 Train INFO: test seed: 8************************************
2022-12-03 16:18:42,386 Train INFO: mean test reward1: [0.0, 0.0, 0.0, 0.0, 0.0, 0.0, 0.0, 0.0, 0.0, 0.0, 0.0, 0.0, 0.0, 0.0, 0.0, 0.0, 0.0, 0.0, 0.0, 0.0, 0.0, 0.0, 0.0, 0.0, 0.0, 0.0, 0.0, 0.0, 0.0, 0.0, 0.0, 0.0, 0.0, 0.0, 0.0, 0.0, 0.0, 0.0, 0.0, 0.0]
2022-12-03 16:18:42,387 Train INFO: mean test reward2: [50.6, 53.1, 53.40000000000001, 54.69999999999997, 48.1, 46.6, 44.399999999999984, 53.0, 52.1, 55.49999999999999, 55.000000000000014, 50.900000000000006, 55.499999999999986, 46.19999999999998, 53.49999999999999, 51.500000000000014, 51.099999999999994, 47.9, 53.700000000000024, 50.6, 45.70000000000001, 46.70000000000001, 51.6, 50.199999999999996, 55.90000000000002, 57.59999999999997, 47.30000000000001, 42.50000000000001, 49.699999999999996, 49.4, 54.899999999999984, 51.29999999999999, 49.60000000000001, 48.400000000000006, 52.699999999999974, 48.19999999999999, 56.80000000000001, 52.199999999999996, 56.60000000000001, 49.300000000000004]
2022-12-03 16:18:42,387 Train INFO: mean test reward3: [51.800000000000004, 53.59999999999999, 54.499999999999964, 54.80000000000001, 50.200000000000024, 53.19999999999999, 53.40000000000001, 55.599999999999966, 53.89999999999999, 45.80000000000002, 52.99999999999997, 51.0, 52.69999999999997, 61.399999999999935, 54.299999999999976, 59.300000000000004, 53.70000000000001, 47.70000000000001, 54.79999999999999, 52.09999999999997, 51.89999999999998, 48.9, 55.69999999999998, 54.299999999999976, 54.99999999999995, 51.4, 50.39999999999999, 47.30000000000002, 64.49999999999994, 53.69999999999997, 50.199999999999996, 53.09999999999997, 51.199999999999974, 59.0, 53.99999999999999, 48.999999999999986, 48.00000000000001, 48.3, 53.40000000000001, 58.99999999999998]
2022-12-03 16:18:42,387 Train INFO: mean test reward4: [52.899999999999984, 58.79999999999997, 59.89999999999999, 55.499999999999986, 53.8, 48.900000000000006, 54.400000000000006, 56.99999999999999, 53.599999999999994, 55.40000000000002, 63.499999999999986, 52.40000000000003, 49.2, 54.89999999999999, 54.699999999999996, 58.49999999999998, 52.7, 51.500000000000014, 44.70000000000001, 49.0, 46.9, 57.59999999999999, 53.8, 51.099999999999994, 52.699999999999996, 47.8, 52.70000000000001, 48.20000000000002, 54.49999999999999, 55.19999999999999, 52.000000000000014, 52.199999999999974, 59.499999999999986, 55.39999999999997, 44.1, 52.60000000000001, 51.49999999999999, 60.49999999999997, 58.800000000000026, 51.0]
2022-12-03 16:18:42,387 Train INFO: mean test reward: 0.0000,51.1000,53.1275,53.4850
2022-12-03 16:18:42,388 Train INFO: test seed: 9************************************
2022-12-03 16:19:11,350 Train INFO: mean test reward1: [0.0, 0.0, 0.0, 0.0, 0.0, 0.0, 0.0, 0.0, 0.0, 0.0, 0.0, 0.0, 0.0, 0.0, 0.0, 0.0, 0.0, 0.0, 0.0, 0.0, 0.0, 0.0, 0.0, 0.0, 0.0, 0.0, 0.0, 0.0, 0.0, 0.0, 0.0, 0.0, 0.0, 0.0, 0.0, 0.0, 0.0, 0.0, 0.0, 0.0]
2022-12-03 16:19:11,351 Train INFO: mean test reward2: [45.5, 47.69999999999999, 51.69999999999998, 50.99999999999999, 45.8, 45.8, 37.900000000000006, 48.3, 49.19999999999997, 51.30000000000001, 51.89999999999999, 50.49999999999999, 42.4, 45.70000000000001, 47.49999999999997, 47.300000000000004, 50.5, 38.3, 50.099999999999994, 35.8, 50.499999999999986, 41.29999999999999, 40.300000000000004, 47.700000000000024, 52.89999999999997, 52.800000000000004, 42.6, 40.29999999999999, 40.400000000000006, 45.39999999999998, 53.59999999999999, 44.199999999999996, 51.3, 48.79999999999999, 50.499999999999986, 40.4, 49.79999999999998, 42.69999999999999, 45.699999999999996, 44.30000000000001]
2022-12-03 16:19:11,351 Train INFO: mean test reward3: [45.29999999999999, 56.69999999999996, 50.900000000000006, 57.299999999999976, 52.400000000000034, 50.19999999999998, 49.2, 47.09999999999997, 48.59999999999998, 48.39999999999998, 48.6, 51.89999999999996, 46.8, 43.80000000000002, 53.399999999999956, 56.79999999999998, 50.10000000000001, 45.29999999999997, 49.699999999999974, 47.69999999999996, 48.699999999999974, 53.19999999999999, 50.59999999999999, 48.50000000000002, 51.999999999999964, 45.50000000000001, 48.20000000000001, 44.4, 54.9, 45.59999999999997, 49.59999999999998, 50.29999999999999, 51.199999999999974, 57.4, 54.29999999999997, 51.10000000000002, 44.300000000000004, 48.80000000000002, 47.39999999999997, 53.10000000000001]
2022-12-03 16:19:11,351 Train INFO: mean test reward4: [55.0, 43.9, 50.599999999999994, 48.499999999999986, 52.300000000000026, 41.8, 52.0, 48.900000000000006, 48.19999999999999, 45.90000000000001, 58.59999999999999, 55.899999999999984, 46.600000000000016, 45.300000000000004, 53.00000000000001, 51.9, 49.300000000000004, 56.099999999999994, 44.199999999999996, 48.300000000000004, 50.10000000000001, 50.300000000000004, 46.199999999999996, 51.49999999999999, 43.500000000000014, 53.8, 49.6, 52.89999999999999, 51.7, 52.99999999999999, 47.699999999999996, 55.999999999999986, 47.400000000000006, 49.49999999999999, 52.199999999999996, 39.60000000000002, 45.50000000000001, 49.49999999999999, 53.599999999999994, 48.69999999999999]
2022-12-03 16:19:11,351 Train INFO: mean test reward: 0.0000,46.4925,49.9825,49.7150
2022-12-03 16:19:11,352 Train INFO: test seed: 10************************************
2022-12-03 16:19:29,238 Train INFO: mean test reward1: [0.0, 0.0, 0.0, 0.0, 0.0, 0.0, 0.0, 0.0, 0.0, 0.0, 0.0, 0.0, 0.0, 0.0, 0.0, 0.0, 0.0, 0.0, 0.0, 0.0, 0.0, 0.0, 0.0, 0.0, 0.0, 0.0, 0.0, 0.0, 0.0, 0.0, 0.0, 0.0, 0.0, 0.0, 0.0, 0.0, 0.0, 0.0, 0.0, 0.0]
2022-12-03 16:19:29,238 Train INFO: mean test reward2: [47.09999999999999, 47.2, 46.8, 49.199999999999996, 49.8, 50.99999999999999, 45.99999999999999, 51.79999999999999, 47.10000000000001, 46.10000000000001, 52.8, 46.30000000000001, 45.199999999999996, 48.39999999999999, 44.999999999999986, 44.49999999999999, 43.39999999999999, 45.6, 48.099999999999994, 40.49999999999998, 47.80000000000001, 42.3, 43.00000000000001, 45.699999999999996, 50.599999999999994, 54.09999999999999, 46.50000000000001, 43.39999999999999, 43.800000000000004, 42.400000000000006, 51.199999999999996, 52.49999999999998, 43.7, 52.199999999999996, 46.600000000000016, 41.199999999999996, 54.400000000000006, 47.099999999999994, 43.2, 43.999999999999986]
2022-12-03 16:19:29,238 Train INFO: mean test reward3: [46.99999999999997, 53.09999999999999, 52.30000000000001, 54.399999999999984, 53.19999999999996, 48.3, 51.89999999999998, 54.999999999999964, 47.4, 53.69999999999999, 48.29999999999997, 47.799999999999976, 52.19999999999999, 47.49999999999997, 50.399999999999984, 50.699999999999996, 45.599999999999994, 42.99999999999999, 47.79999999999998, 47.999999999999964, 48.69999999999996, 45.70000000000001, 47.600000000000016, 50.900000000000006, 48.19999999999999, 49.69999999999998, 47.400000000000006, 45.40000000000001, 49.79999999999998, 44.599999999999994, 45.19999999999999, 52.39999999999996, 48.30000000000001, 53.400000000000006, 52.69999999999998, 50.50000000000001, 47.2, 46.19999999999996, 49.20000000000001, 53.299999999999976]
2022-12-03 16:19:29,238 Train INFO: mean test reward4: [49.19999999999999, 50.39999999999999, 49.89999999999999, 57.59999999999997, 54.19999999999999, 47.49999999999999, 51.49999999999998, 50.999999999999986, 43.10000000000001, 46.10000000000001, 51.099999999999994, 50.3, 46.10000000000001, 48.8, 50.00000000000001, 46.699999999999996, 46.89999999999999, 53.89999999999999, 41.8, 48.2, 49.1, 47.30000000000001, 48.80000000000001, 48.29999999999999, 46.70000000000001, 48.49999999999999, 47.4, 52.00000000000001, 44.6, 49.29999999999999, 48.400000000000006, 53.29999999999999, 50.900000000000006, 48.599999999999994, 43.49999999999999, 42.9, 49.50000000000001, 53.19999999999998, 51.10000000000001, 40.69999999999999]
2022-12-03 16:19:29,239 Train INFO: mean test reward: 0.0000,46.9400,49.3500,48.7100
2022-12-03 16:19:29,239 Train INFO: test seed: 11************************************
2022-12-03 16:19:57,319 Train INFO: mean test reward1: [0.0, 0.0, 0.0, 0.0, 0.0, 0.0, 0.0, 0.0, 0.0, 0.0, 0.0, 0.0, 0.0, 0.0, 0.0, 0.0, 0.0, 0.0, 0.0, 0.0, 0.0, 0.0, 0.0, 0.0, 0.0, 0.0, 0.0, 0.0, 0.0, 0.0, 0.0, 0.0, 0.0, 0.0, 0.0, 0.0, 0.0, 0.0, 0.0, 0.0]
2022-12-03 16:19:57,319 Train INFO: mean test reward2: [50.99999999999999, 49.8, 51.19999999999999, 50.19999999999999, 45.80000000000001, 51.900000000000006, 45.599999999999994, 50.29999999999998, 53.00000000000001, 50.79999999999999, 47.8, 51.6, 48.90000000000001, 45.400000000000006, 49.2, 47.999999999999986, 53.199999999999996, 53.39999999999997, 54.49999999999999, 49.69999999999997, 45.900000000000006, 43.199999999999996, 49.4, 47.099999999999994, 55.9, 51.19999999999998, 49.3, 46.79999999999999, 49.1, 42.19999999999998, 55.70000000000001, 56.59999999999999, 50.29999999999998, 42.50000000000001, 52.89999999999999, 48.80000000000001, 52.39999999999999, 51.10000000000001, 52.19999999999999, 53.70000000000002]
2022-12-03 16:19:57,319 Train INFO: mean test reward3: [51.899999999999984, 49.80000000000002, 50.50000000000002, 51.1, 49.40000000000002, 55.89999999999997, 57.29999999999996, 53.09999999999997, 53.39999999999997, 52.899999999999984, 56.39999999999998, 48.699999999999996, 56.89999999999998, 55.39999999999999, 51.6, 59.39999999999996, 58.60000000000002, 52.19999999999998, 54.59999999999999, 55.799999999999955, 49.29999999999997, 50.59999999999998, 52.0, 50.900000000000006, 52.9, 50.80000000000002, 49.9, 53.19999999999999, 58.699999999999974, 47.40000000000001, 48.49999999999998, 56.999999999999964, 56.3, 58.80000000000002, 54.1, 56.0, 53.099999999999966, 51.00000000000002, 54.099999999999994, 59.00000000000001]
2022-12-03 16:19:57,319 Train INFO: mean test reward4: [59.39999999999997, 53.59999999999999, 54.3, 50.49999999999999, 57.39999999999999, 51.0, 53.1, 52.49999999999999, 48.89999999999999, 51.30000000000001, 54.099999999999994, 53.49999999999999, 49.099999999999994, 52.800000000000004, 55.30000000000001, 59.59999999999998, 49.199999999999996, 54.399999999999984, 43.500000000000014, 53.099999999999994, 46.20000000000002, 54.59999999999997, 51.6, 50.29999999999998, 45.30000000000002, 45.000000000000014, 53.199999999999996, 52.39999999999999, 56.099999999999994, 55.7, 53.49999999999999, 53.49999999999998, 55.0, 45.70000000000002, 48.00000000000001, 48.100000000000016, 56.3, 53.90000000000001, 53.100000000000016, 44.9]
2022-12-03 16:19:57,319 Train INFO: mean test reward: 0.0000,49.9400,53.4625,51.9750
2022-12-03 16:19:57,320 Train INFO: test seed: 12************************************
2022-12-03 16:20:22,257 Train INFO: mean test reward1: [0.0, 0.0, 0.0, 0.0, 0.0, 0.0, 0.0, 0.0, 0.0, 0.0, 0.0, 0.0, 0.0, 0.0, 0.0, 0.0, 0.0, 0.0, 0.0, 0.0, 0.0, 0.0, 0.0, 0.0, 0.0, 0.0, 0.0, 0.0, 0.0, 0.0, 0.0, 0.0, 0.0, 0.0, 0.0, 0.0, 0.0, 0.0, 0.0, 0.0]
2022-12-03 16:20:22,257 Train INFO: mean test reward2: [52.5, 54.39999999999999, 48.2, 54.5, 50.70000000000002, 42.2, 47.6, 56.00000000000001, 51.6, 52.99999999999999, 56.09999999999997, 55.89999999999999, 53.69999999999998, 41.70000000000001, 53.00000000000001, 47.099999999999994, 51.59999999999999, 53.099999999999994, 54.399999999999984, 41.69999999999999, 50.89999999999999, 46.29999999999999, 51.99999999999998, 55.4, 49.6, 56.19999999999998, 49.0, 45.8, 48.19999999999999, 43.09999999999999, 59.19999999999999, 60.8, 51.29999999999998, 54.099999999999994, 51.79999999999999, 50.09999999999997, 55.6, 48.20000000000001, 49.1, 51.59999999999998]
2022-12-03 16:20:22,257 Train INFO: mean test reward3: [48.199999999999996, 51.700000000000024, 51.89999999999998, 58.6, 54.9, 53.40000000000001, 47.30000000000002, 58.99999999999999, 54.399999999999956, 53.49999999999997, 55.3, 53.29999999999996, 51.79999999999997, 56.399999999999984, 56.90000000000001, 55.59999999999995, 50.49999999999997, 53.4, 51.3, 48.299999999999976, 49.799999999999976, 54.7, 56.59999999999999, 55.300000000000004, 48.199999999999996, 55.7, 49.800000000000004, 49.89999999999999, 59.899999999999956, 53.69999999999995, 44.100000000000016, 53.199999999999996, 51.399999999999984, 52.80000000000001, 56.100000000000016, 52.09999999999998, 51.79999999999999, 50.69999999999998, 51.00000000000001, 63.099999999999966]
2022-12-03 16:20:22,257 Train INFO: mean test reward4: [54.399999999999984, 52.300000000000004, 53.6, 52.199999999999996, 57.2, 45.3, 50.99999999999999, 53.6, 54.99999999999997, 48.3, 58.89999999999998, 58.19999999999998, 54.599999999999994, 52.5, 60.50000000000001, 53.699999999999974, 56.19999999999997, 53.40000000000001, 50.99999999999999, 57.999999999999986, 53.70000000000002, 56.00000000000001, 52.19999999999999, 54.19999999999998, 50.40000000000001, 55.59999999999999, 51.29999999999999, 53.19999999999999, 56.39999999999996, 53.60000000000001, 55.9, 52.599999999999994, 54.599999999999994, 53.099999999999994, 44.5, 44.9, 54.99999999999999, 51.50000000000001, 52.099999999999994, 50.69999999999998]
2022-12-03 16:20:22,257 Train INFO: mean test reward: 0.0000,51.1825,53.1400,53.2850
2022-12-03 16:20:22,257 Train INFO: test seed: 13************************************
2022-12-03 16:20:43,069 Train INFO: mean test reward1: [0.0, 0.0, 0.0, 0.0, 0.0, 0.0, 0.0, 0.0, 0.0, 0.0, 0.0, 0.0, 0.0, 0.0, 0.0, 0.0, 0.0, 0.0, 0.0, 0.0, 0.0, 0.0, 0.0, 0.0, 0.0, 0.0, 0.0, 0.0, 0.0, 0.0, 0.0, 0.0, 0.0, 0.0, 0.0, 0.0, 0.0, 0.0, 0.0, 0.0]
2022-12-03 16:20:43,069 Train INFO: mean test reward2: [52.499999999999986, 54.099999999999994, 49.90000000000001, 49.0, 47.699999999999996, 49.7, 49.2, 56.19999999999999, 46.4, 45.300000000000004, 54.899999999999984, 49.900000000000006, 54.099999999999994, 45.8, 50.39999999999998, 43.69999999999998, 52.800000000000004, 46.10000000000001, 52.300000000000004, 42.40000000000002, 49.2, 48.80000000000001, 47.5, 45.99999999999999, 50.599999999999994, 55.199999999999996, 50.49999999999999, 42.699999999999974, 52.79999999999997, 49.3, 56.00000000000003, 48.499999999999986, 57.80000000000001, 46.80000000000001, 53.3, 42.9, 43.1, 51.49999999999999, 55.300000000000004, 44.09999999999999]
2022-12-03 16:20:43,069 Train INFO: mean test reward3: [45.399999999999984, 53.799999999999976, 51.29999999999998, 53.39999999999999, 50.89999999999999, 56.30000000000001, 51.09999999999999, 50.399999999999956, 49.80000000000002, 52.59999999999999, 54.59999999999996, 51.900000000000006, 57.499999999999964, 56.49999999999995, 59.79999999999995, 58.40000000000003, 50.60000000000003, 53.89999999999999, 48.70000000000002, 48.399999999999984, 49.29999999999997, 55.70000000000003, 53.100000000000016, 47.3, 51.29999999999998, 54.599999999999994, 52.8, 52.4, 60.799999999999955, 50.59999999999999, 50.30000000000002, 49.10000000000003, 46.800000000000004, 58.699999999999996, 54.799999999999976, 52.29999999999998, 40.60000000000002, 51.39999999999999, 55.49999999999997, 58.10000000000005]
2022-12-03 16:20:43,069 Train INFO: mean test reward4: [57.999999999999964, 51.69999999999999, 57.19999999999998, 52.29999999999999, 60.29999999999999, 50.60000000000001, 52.900000000000006, 56.699999999999996, 49.09999999999999, 56.80000000000001, 50.499999999999986, 56.00000000000001, 47.29999999999999, 55.400000000000006, 44.9, 54.5, 52.9, 56.20000000000001, 49.300000000000004, 47.800000000000004, 56.29999999999999, 46.000000000000014, 50.9, 58.59999999999997, 53.500000000000014, 48.2, 48.70000000000001, 50.4, 49.199999999999996, 57.599999999999994, 52.9, 51.00000000000001, 57.30000000000001, 52.40000000000001, 43.19999999999998, 39.6, 53.199999999999996, 53.79999999999999, 53.3, 48.5]
2022-12-03 16:20:43,069 Train INFO: mean test reward: 0.0000,49.6075,52.5200,52.1250
2022-12-03 16:20:43,070 Train INFO: test seed: 14************************************
2022-12-03 16:21:03,451 Train INFO: mean test reward1: [0.0, 0.0, 0.0, 0.0, 0.0, 0.0, 0.0, 0.0, 0.0, 0.0, 0.0, 0.0, 0.0, 0.0, 0.0, 0.0, 0.0, 0.0, 0.0, 0.0, 0.0, 0.0, 0.0, 0.0, 0.0, 0.0, 0.0, 0.0, 0.0, 0.0, 0.0, 0.0, 0.0, 0.0, 0.0, 0.0, 0.0, 0.0, 0.0, 0.0]
2022-12-03 16:21:03,451 Train INFO: mean test reward2: [49.69999999999998, 46.5, 38.199999999999996, 49.699999999999974, 44.39999999999999, 43.300000000000004, 43.000000000000014, 53.9, 49.0, 47.900000000000006, 50.89999999999998, 46.19999999999999, 43.1, 44.399999999999984, 49.49999999999999, 45.5, 48.399999999999984, 50.500000000000014, 49.699999999999996, 42.7, 43.80000000000001, 39.50000000000001, 43.9, 45.699999999999996, 50.5, 55.399999999999984, 43.30000000000002, 43.899999999999984, 44.39999999999999, 43.70000000000001, 50.50000000000001, 49.8, 48.4, 48.00000000000002, 49.599999999999994, 43.20000000000002, 57.69999999999998, 47.1, 50.099999999999994, 46.4]
2022-12-03 16:21:03,451 Train INFO: mean test reward3: [46.49999999999999, 54.900000000000006, 51.00000000000001, 51.099999999999994, 48.19999999999999, 52.50000000000003, 45.299999999999976, 53.199999999999974, 48.0, 48.20000000000002, 53.799999999999955, 48.30000000000002, 51.20000000000001, 52.799999999999976, 48.8, 55.700000000000024, 50.60000000000003, 53.89999999999997, 50.99999999999999, 47.89999999999999, 39.7, 48.29999999999999, 49.199999999999974, 48.0, 51.19999999999996, 48.699999999999974, 51.000000000000014, 49.300000000000004, 56.99999999999998, 47.10000000000001, 46.299999999999976, 52.09999999999999, 46.4, 58.399999999999984, 47.4, 46.600000000000016, 49.49999999999998, 48.499999999999986, 50.70000000000001, 52.80000000000001]
2022-12-03 16:21:03,451 Train INFO: mean test reward4: [52.499999999999986, 50.599999999999994, 45.70000000000001, 48.79999999999999, 50.8, 44.600000000000016, 52.99999999999999, 49.09999999999999, 38.50000000000002, 51.100000000000016, 53.69999999999999, 54.29999999999999, 42.50000000000001, 56.09999999999999, 55.59999999999999, 51.90000000000001, 48.6, 52.199999999999996, 48.7, 53.1, 48.00000000000002, 46.099999999999994, 49.09999999999999, 43.50000000000001, 49.09999999999999, 49.900000000000006, 50.30000000000002, 49.6, 54.4, 53.400000000000006, 49.599999999999994, 56.299999999999976, 55.699999999999996, 44.900000000000006, 43.300000000000004, 43.20000000000001, 54.99999999999999, 57.19999999999998, 55.599999999999994, 47.3]
2022-12-03 16:21:03,451 Train INFO: mean test reward: 0.0000,47.0350,50.0275,50.0725
2022-12-03 16:21:03,452 Train INFO: test seed: 15************************************
2022-12-03 16:21:28,230 Train INFO: mean test reward1: [0.0, 0.0, 0.0, 0.0, 0.0, 0.0, 0.0, 0.0, 0.0, 0.0, 0.0, 0.0, 0.0, 0.0, 0.0, 0.0, 0.0, 0.0, 0.0, 0.0, 0.0, 0.0, 0.0, 0.0, 0.0, 0.0, 0.0, 0.0, 0.0, 0.0, 0.0, 0.0, 0.0, 0.0, 0.0, 0.0, 0.0, 0.0, 0.0, 0.0]
2022-12-03 16:21:28,230 Train INFO: mean test reward2: [48.5, 42.099999999999994, 49.399999999999984, 47.999999999999986, 49.80000000000002, 44.8, 40.29999999999999, 53.10000000000001, 47.300000000000004, 49.699999999999996, 53.199999999999974, 47.099999999999994, 52.2, 45.79999999999998, 44.20000000000001, 47.40000000000001, 48.2, 44.80000000000001, 51.0, 43.00000000000001, 41.20000000000001, 47.399999999999984, 47.099999999999994, 50.0, 47.900000000000006, 46.400000000000006, 44.50000000000001, 38.4, 49.4, 38.60000000000001, 54.799999999999976, 53.59999999999999, 52.599999999999994, 45.3, 49.79999999999999, 44.79999999999999, 52.1, 45.900000000000006, 48.60000000000001, 50.899999999999984]
2022-12-03 16:21:28,230 Train INFO: mean test reward3: [48.99999999999997, 53.19999999999998, 59.19999999999999, 54.59999999999998, 51.99999999999998, 52.59999999999999, 51.49999999999997, 50.99999999999997, 42.800000000000004, 44.7, 49.499999999999964, 55.2, 53.499999999999964, 51.09999999999997, 53.699999999999974, 59.80000000000004, 53.800000000000004, 47.00000000000002, 45.199999999999996, 48.79999999999997, 46.20000000000002, 49.19999999999998, 51.500000000000014, 49.09999999999997, 49.39999999999999, 54.40000000000002, 50.699999999999996, 49.19999999999999, 60.99999999999999, 49.10000000000001, 47.399999999999984, 55.69999999999995, 50.39999999999996, 58.100000000000016, 53.300000000000026, 53.60000000000001, 46.49999999999999, 46.99999999999999, 53.400000000000006, 60.0]
2022-12-03 16:21:28,230 Train INFO: mean test reward4: [52.39999999999999, 52.900000000000006, 53.3, 52.99999999999998, 55.09999999999998, 49.5, 53.9, 50.8, 52.20000000000001, 48.300000000000004, 55.19999999999998, 59.2, 51.000000000000014, 51.0, 47.300000000000004, 48.30000000000001, 50.39999999999999, 55.40000000000001, 44.79999999999999, 51.100000000000016, 48.200000000000024, 55.199999999999996, 47.99999999999999, 54.799999999999976, 51.3, 49.80000000000001, 48.300000000000004, 56.09999999999998, 45.9, 55.69999999999999, 51.199999999999996, 53.39999999999999, 51.099999999999994, 48.000000000000014, 45.5, 44.70000000000001, 53.599999999999994, 47.100000000000016, 50.800000000000004, 47.400000000000006]
2022-12-03 16:21:28,231 Train INFO: mean test reward: 0.0000,47.4800,51.5850,51.0300
2022-12-03 16:21:28,231 Train INFO: test seed: 16************************************
2022-12-03 16:21:50,790 Train INFO: mean test reward1: [0.0, 0.0, 0.0, 0.0, 0.0, 0.0, 0.0, 0.0, 0.0, 0.0, 0.0, 0.0, 0.0, 0.0, 0.0, 0.0, 0.0, 0.0, 0.0, 0.0, 0.0, 0.0, 0.0, 0.0, 0.0, 0.0, 0.0, 0.0, 0.0, 0.0, 0.0, 0.0, 0.0, 0.0, 0.0, 0.0, 0.0, 0.0, 0.0, 0.0]
2022-12-03 16:21:50,790 Train INFO: mean test reward2: [54.99999999999999, 47.79999999999999, 52.5, 50.7, 54.30000000000001, 50.30000000000001, 47.199999999999996, 53.399999999999984, 51.09999999999999, 49.699999999999996, 50.4, 48.00000000000001, 50.29999999999996, 49.400000000000006, 50.20000000000002, 48.599999999999994, 41.20000000000001, 45.8, 49.599999999999994, 45.1, 52.09999999999998, 52.399999999999984, 46.400000000000006, 45.7, 51.40000000000001, 55.599999999999994, 44.00000000000003, 50.80000000000001, 47.999999999999986, 45.99999999999999, 56.400000000000006, 51.69999999999999, 51.79999999999999, 44.4, 53.0, 48.1, 51.400000000000006, 50.80000000000001, 46.2, 55.4]
2022-12-03 16:21:50,790 Train INFO: mean test reward3: [46.8, 50.49999999999998, 55.59999999999995, 54.4, 53.099999999999966, 50.30000000000001, 54.39999999999996, 55.69999999999999, 53.09999999999996, 51.09999999999998, 53.099999999999994, 49.70000000000002, 52.49999999999997, 50.199999999999974, 52.39999999999999, 56.1, 50.500000000000014, 50.09999999999997, 50.399999999999984, 48.99999999999999, 55.69999999999996, 52.89999999999997, 51.900000000000006, 52.70000000000002, 53.399999999999984, 50.800000000000004, 47.10000000000003, 52.699999999999974, 59.39999999999996, 49.19999999999998, 45.100000000000016, 54.599999999999966, 45.49999999999997, 53.699999999999996, 54.300000000000004, 57.4, 49.599999999999966, 49.3, 54.90000000000001, 58.59999999999998]
2022-12-03 16:21:50,791 Train INFO: mean test reward4: [52.8, 54.39999999999998, 49.49999999999999, 44.89999999999999, 53.29999999999998, 52.899999999999984, 53.9, 50.00000000000001, 52.49999999999999, 48.29999999999999, 46.20000000000001, 56.60000000000001, 45.400000000000006, 54.9, 50.9, 55.499999999999986, 51.8, 54.8, 43.00000000000001, 47.40000000000001, 55.299999999999976, 60.29999999999996, 45.2, 46.80000000000001, 52.1, 54.3, 52.90000000000001, 46.3, 51.099999999999994, 56.400000000000006, 48.100000000000016, 55.099999999999966, 53.19999999999999, 49.599999999999994, 41.20000000000002, 52.5, 52.69999999999999, 54.29999999999999, 53.9, 45.499999999999986]
2022-12-03 16:21:50,791 Train INFO: mean test reward: 0.0000,49.8050,52.1950,51.1450
2022-12-03 16:21:50,791 Train INFO: test seed: 17************************************
2022-12-03 16:22:13,368 Train INFO: mean test reward1: [0.0, 0.0, 0.0, 0.0, 0.0, 0.0, 0.0, 0.0, 0.0, 0.0, 0.0, 0.0, 0.0, 0.0, 0.0, 0.0, 0.0, 0.0, 0.0, 0.0, 0.0, 0.0, 0.0, 0.0, 0.0, 0.0, 0.0, 0.0, 0.0, 0.0, 0.0, 0.0, 0.0, 0.0, 0.0, 0.0, 0.0, 0.0, 0.0, 0.0]
2022-12-03 16:22:13,368 Train INFO: mean test reward2: [49.099999999999994, 47.90000000000002, 49.39999999999999, 44.70000000000001, 50.3, 49.39999999999999, 43.599999999999994, 51.399999999999984, 56.199999999999996, 56.40000000000002, 56.89999999999999, 42.29999999999999, 47.5, 44.5, 51.39999999999999, 49.5, 51.50000000000001, 44.7, 47.199999999999996, 44.8, 48.19999999999999, 49.79999999999998, 47.400000000000006, 44.699999999999996, 58.1, 56.10000000000001, 45.39999999999999, 42.99999999999999, 44.49999999999999, 47.8, 47.3, 48.89999999999998, 48.599999999999994, 43.79999999999999, 49.80000000000001, 49.100000000000016, 55.69999999999998, 47.2, 58.59999999999998, 49.99999999999999]
2022-12-03 16:22:13,368 Train INFO: mean test reward3: [46.99999999999998, 52.20000000000001, 51.39999999999998, 57.100000000000016, 47.59999999999997, 53.300000000000004, 52.79999999999997, 57.09999999999995, 49.49999999999998, 55.09999999999999, 52.59999999999995, 54.000000000000014, 54.5, 52.699999999999996, 51.799999999999976, 56.7, 51.10000000000003, 45.19999999999999, 52.39999999999999, 56.09999999999998, 47.09999999999998, 47.19999999999998, 55.79999999999998, 45.3, 48.89999999999997, 44.40000000000002, 45.30000000000001, 50.39999999999998, 61.79999999999995, 47.49999999999997, 45.699999999999996, 51.399999999999984, 45.90000000000001, 50.400000000000006, 56.799999999999976, 51.30000000000001, 46.69999999999998, 48.29999999999996, 56.9, 55.59999999999999]
2022-12-03 16:22:13,368 Train INFO: mean test reward4: [48.699999999999996, 42.699999999999996, 56.09999999999997, 51.5, 64.09999999999997, 43.70000000000001, 54.29999999999999, 47.099999999999994, 45.699999999999996, 49.3, 60.59999999999996, 53.9, 50.9, 48.49999999999999, 46.50000000000001, 50.1, 50.6, 56.3, 45.3, 54.2, 50.99999999999999, 50.70000000000001, 55.59999999999999, 48.29999999999999, 48.29999999999999, 49.099999999999994, 48.0, 48.900000000000006, 44.800000000000004, 51.699999999999996, 46.400000000000006, 57.29999999999999, 48.90000000000001, 49.3, 47.8, 51.800000000000004, 54.899999999999984, 52.699999999999996, 56.59999999999999, 47.99999999999999]
2022-12-03 16:22:13,368 Train INFO: mean test reward: 0.0000,49.0675,51.3225,50.7550
2022-12-03 16:22:13,368 Train INFO: test seed: 18************************************
2022-12-03 16:22:33,908 Train INFO: mean test reward1: [0.0, 0.0, 0.0, 0.0, 0.0, 0.0, 0.0, 0.0, 0.0, 0.0, 0.0, 0.0, 0.0, 0.0, 0.0, 0.0, 0.0, 0.0, 0.0, 0.0, 0.0, 0.0, 0.0, 0.0, 0.0, 0.0, 0.0, 0.0, 0.0, 0.0, 0.0, 0.0, 0.0, 0.0, 0.0, 0.0, 0.0, 0.0, 0.0, 0.0]
2022-12-03 16:22:33,908 Train INFO: mean test reward2: [44.20000000000002, 50.60000000000002, 55.599999999999994, 52.69999999999999, 52.09999999999998, 47.79999999999999, 45.2, 58.5, 53.89999999999999, 51.300000000000004, 52.89999999999999, 53.600000000000016, 50.09999999999999, 42.29999999999999, 47.6, 47.59999999999998, 55.0, 51.199999999999996, 50.900000000000006, 51.100000000000016, 52.300000000000004, 47.39999999999999, 54.5, 44.5, 54.90000000000001, 51.8, 44.70000000000001, 46.60000000000001, 53.10000000000001, 46.499999999999986, 53.8, 59.499999999999986, 54.5, 53.400000000000006, 53.49999999999999, 42.90000000000001, 53.69999999999999, 45.39999999999999, 54.19999999999997, 53.20000000000001]
2022-12-03 16:22:33,908 Train INFO: mean test reward3: [45.29999999999997, 48.99999999999998, 57.99999999999998, 54.300000000000004, 52.49999999999998, 54.20000000000003, 49.2, 61.19999999999998, 51.400000000000006, 54.69999999999999, 58.00000000000003, 54.500000000000014, 51.59999999999999, 51.59999999999999, 51.79999999999998, 58.79999999999996, 56.59999999999999, 49.99999999999999, 51.399999999999984, 52.399999999999956, 51.999999999999986, 52.0, 54.90000000000001, 53.899999999999984, 50.10000000000001, 50.10000000000002, 53.19999999999998, 52.100000000000016, 59.99999999999995, 52.20000000000001, 46.99999999999999, 52.999999999999986, 53.39999999999999, 57.19999999999996, 53.50000000000002, 52.9, 51.799999999999976, 51.89999999999998, 54.59999999999997, 60.699999999999996]
2022-12-03 16:22:33,909 Train INFO: mean test reward4: [60.69999999999999, 53.39999999999999, 55.9, 54.899999999999984, 58.99999999999997, 41.600000000000016, 56.89999999999999, 54.4, 49.39999999999999, 50.70000000000001, 58.89999999999999, 52.30000000000001, 52.699999999999996, 47.39999999999999, 55.999999999999986, 57.79999999999999, 53.099999999999994, 54.40000000000001, 46.3, 48.70000000000001, 50.3, 53.10000000000001, 52.9, 52.29999999999999, 49.6, 56.0, 52.699999999999996, 46.4, 59.49999999999999, 53.49999999999999, 53.8, 52.09999999999998, 53.400000000000006, 53.99999999999999, 52.20000000000001, 44.90000000000001, 57.49999999999998, 55.39999999999999, 46.39999999999999, 54.300000000000004]
2022-12-03 16:22:33,909 Train INFO: mean test reward: 0.0000,50.8650,53.3250,52.8700
2022-12-03 16:22:33,909 Train INFO: test seed: 19************************************
2022-12-03 16:22:58,973 Train INFO: mean test reward1: [0.0, 0.0, 0.0, 0.0, 0.0, 0.0, 0.0, 0.0, 0.0, 0.0, 0.0, 0.0, 0.0, 0.0, 0.0, 0.0, 0.0, 0.0, 0.0, 0.0, 0.0, 0.0, 0.0, 0.0, 0.0, 0.0, 0.0, 0.0, 0.0, 0.0, 0.0, 0.0, 0.0, 0.0, 0.0, 0.0, 0.0, 0.0, 0.0, 0.0]
2022-12-03 16:22:58,973 Train INFO: mean test reward2: [52.49999999999998, 55.3, 45.4, 51.9, 48.60000000000001, 50.199999999999996, 51.1, 56.400000000000006, 49.60000000000001, 47.8, 47.7, 54.000000000000014, 50.7, 43.5, 51.89999999999999, 53.00000000000001, 54.199999999999996, 55.59999999999997, 54.49999999999999, 46.39999999999998, 50.0, 50.3, 48.09999999999999, 53.699999999999996, 55.599999999999994, 52.99999999999998, 49.00000000000001, 44.8, 45.99999999999998, 48.69999999999999, 57.59999999999998, 50.100000000000016, 52.20000000000001, 51.0, 52.09999999999999, 43.4, 55.699999999999996, 51.50000000000001, 54.499999999999986, 50.300000000000004]
2022-12-03 16:22:58,973 Train INFO: mean test reward3: [50.899999999999984, 58.89999999999998, 57.499999999999964, 55.3, 56.400000000000006, 53.2, 51.600000000000016, 57.499999999999964, 57.899999999999956, 53.20000000000001, 58.400000000000006, 52.5, 52.900000000000006, 49.40000000000001, 48.00000000000001, 58.90000000000001, 55.0, 51.19999999999998, 51.6, 44.59999999999999, 49.300000000000004, 53.400000000000006, 54.69999999999999, 52.7, 54.89999999999996, 54.70000000000001, 54.19999999999998, 53.59999999999999, 60.59999999999995, 49.099999999999994, 48.999999999999986, 52.200000000000024, 49.80000000000002, 55.8, 59.00000000000001, 53.9, 46.09999999999998, 48.600000000000016, 58.59999999999998, 59.60000000000002]
2022-12-03 16:22:58,973 Train INFO: mean test reward4: [56.999999999999986, 55.79999999999998, 57.599999999999994, 62.39999999999999, 57.300000000000004, 54.29999999999998, 53.6, 55.999999999999986, 53.69999999999999, 48.0, 59.09999999999999, 56.3, 47.40000000000002, 51.30000000000001, 56.2, 57.29999999999999, 57.29999999999998, 56.49999999999997, 53.099999999999994, 47.400000000000006, 50.6, 54.400000000000006, 58.09999999999998, 60.19999999999998, 53.29999999999998, 62.999999999999964, 48.8, 51.79999999999999, 54.49999999999999, 57.399999999999984, 52.099999999999994, 52.10000000000001, 62.2, 55.49999999999999, 50.00000000000001, 49.8, 53.899999999999984, 55.7, 57.5, 50.80000000000001]
2022-12-03 16:22:58,973 Train INFO: mean test reward: 0.0000,50.9475,53.6175,54.7325
