2022-12-05 22:02:03,023 Train INFO: Namespace(logger=<Logger Train (INFO)>, name='A2C2022-12-05-22-02-03', gpu='0', device=device(type='cuda', index=0), gamma=1, epoch_num=100, train_episode=2000, test_episode=40, val_episode=40, test_size=0.1, val_size=0.5, batch_size=40, train_batch_size=50, num_steps=10, h=1, w=[120, 50], nn_out=40, share_lr=0.001, actor_lr=0.001, critic_lr=0.01, step=20, lr_min=0.0001, e_rate=0.001, a_rate=1, c_rate=1, lr_decay_lambda=0.99, duse_T=True, est_T=False, use_pref=False, same_price=False, use_price=True, only_test=True, change_T=True, num='3', print_grad=False, max_norm=10, seed_range=20, net_seed=47, info=True, selling_length=200, cardinality=4, ini_inv=2, num_products=57, number_samples=10000, num_cus_types=4, seg_prob=[0.4, 0.3, 0.1, 0.2], num_cus_features=4, p_file='../Gene_databeta/save/expedia_prop_features.npy')
2022-12-05 22:02:03,023 Train INFO: log/A2C2022-12-05-22-02-03
2022-12-05 22:02:04,785 Train INFO: products price: [142.19711247 151.98599171 102.64709491 178.20763238 141.29402938
 126.70564929 113.29384155 110.89915292 139.93040185 104.78139591
 215.35799721  88.30556835 168.52134943 208.55338737 118.30113621
 200.79038063  98.29018954 106.42409558 230.43245826 181.61673989
 216.62308194 111.69995734 205.43402531  77.75741491  97.80493605
  74.52117468 204.93956053  75.80048576  92.69885696  69.67685107
  74.58481392  69.59005217  99.66155186 162.8603774  237.29112377
 122.2126781  169.00415941  79.00614196 148.2546165  149.00459998
  89.00592168  71.00631819  74.0062521  138.67149427  62.00651644
  59.00658253 117.00530489  43.00693498 109.00548111  73.00627413
 164.00426956  59.00658253 139.00482026  79.33946795 112.00541503
 159.0043797  109.00548111]
2022-12-05 22:02:04,786 Train INFO: Load Factor 1.7543859649122806
2022-12-05 22:02:04,786 Train INFO: test seed: 0************************************
2022-12-05 22:02:06,502 Train INFO: mean test reward1: [24.438078865171352, 22.14642298220258, 19.032309883652626, 23.775078311262853, 22.58237223842756, 22.321231728792668, 22.700622353730257, 26.339233576299392, 26.796227196830163, 24.43807886517135, 21.140174546259967, 23.95513091077443, 24.024004728869706, 21.659034503533697, 20.946869854523882, 25.606174588528113, 20.07672050226769, 23.973631727753137, 23.065365543406713, 23.28994707340253, 21.895908627010467, 20.868973083907743, 22.495485608254132, 17.250233559881067, 22.936489273661234, 24.57923417359269, 14.56034785163916, 19.912542781953082, 25.67332282113589, 23.262646165378932, 23.441895436240983, 22.180080750988825, 24.0918364924736, 21.423167583602716, 23.656873546542382, 22.02259860657454, 24.518659133319645, 27.046221689752723, 25.773167690363817, 25.502675024724006]
2022-12-05 22:02:06,502 Train INFO: mean test reward2: [0.0, 0.0, 0.0, 0.0, 0.0, 0.0, 0.0, 0.0, 0.0, 0.0, 0.0, 0.0, 0.0, 0.0, 0.0, 0.0, 0.0, 0.0, 0.0, 0.0, 0.0, 0.0, 0.0, 0.0, 0.0, 0.0, 0.0, 0.0, 0.0, 0.0, 0.0, 0.0, 0.0, 0.0, 0.0, 0.0, 0.0, 0.0, 0.0, 0.0]
2022-12-05 22:02:06,503 Train INFO: mean test reward3: [0.0, 0.0, 0.0, 0.0, 0.0, 0.0, 0.0, 0.0, 0.0, 0.0, 0.0, 0.0, 0.0, 0.0, 0.0, 0.0, 0.0, 0.0, 0.0, 0.0, 0.0, 0.0, 0.0, 0.0, 0.0, 0.0, 0.0, 0.0, 0.0, 0.0, 0.0, 0.0, 0.0, 0.0, 0.0, 0.0, 0.0, 0.0, 0.0, 0.0]
2022-12-05 22:02:06,503 Train INFO: mean test reward4: [0.0, 0.0, 0.0, 0.0, 0.0, 0.0, 0.0, 0.0, 0.0, 0.0, 0.0, 0.0, 0.0, 0.0, 0.0, 0.0, 0.0, 0.0, 0.0, 0.0, 0.0, 0.0, 0.0, 0.0, 0.0, 0.0, 0.0, 0.0, 0.0, 0.0, 0.0, 0.0, 0.0, 0.0, 0.0, 0.0, 0.0, 0.0, 0.0, 0.0]
2022-12-05 22:02:06,503 Train INFO: mean test reward: 22.8850,0.0000,0.0000,0.0000
2022-12-05 22:02:06,503 Train INFO: test seed: 1************************************
2022-12-05 22:02:07,321 Train INFO: mean test reward1: [22.700622353730264, 19.63912756425982, 21.93242712790003, 23.83692614605396, 21.984388066601863, 24.68723689915669, 26.015910499257455, 25.179351947682076, 23.069765588929158, 22.39912849940881, 20.88966019106785, 19.082132889473282, 21.787910773279172, 23.80663862591744, 21.161847964825284, 25.2281402847973, 18.548751376948026, 23.807673570945443, 19.441753234405148, 24.833109574984327, 20.78989235482329, 23.207567935606484, 23.65976728239389, 17.058156312080822, 21.652808394613356, 20.165248299159305, 21.9856155105377, 23.18918991903476, 24.319874100450882, 23.130336574907286, 23.696805782660626, 20.946869854523882, 18.794017007385943, 18.74891156662079, 22.58620708222456, 21.28469090088083, 24.486867202286582, 22.723523216231413, 23.80663862591744, 24.3501616205874]
2022-12-05 22:02:07,321 Train INFO: mean test reward2: [0.0, 0.0, 0.0, 0.0, 0.0, 0.0, 0.0, 0.0, 0.0, 0.0, 0.0, 0.0, 0.0, 0.0, 0.0, 0.0, 0.0, 0.0, 0.0, 0.0, 0.0, 0.0, 0.0, 0.0, 0.0, 0.0, 0.0, 0.0, 0.0, 0.0, 0.0, 0.0, 0.0, 0.0, 0.0, 0.0, 0.0, 0.0, 0.0, 0.0]
2022-12-05 22:02:07,321 Train INFO: mean test reward3: [0.0, 0.0, 0.0, 0.0, 0.0, 0.0, 0.0, 0.0, 0.0, 0.0, 0.0, 0.0, 0.0, 0.0, 0.0, 0.0, 0.0, 0.0, 0.0, 0.0, 0.0, 0.0, 0.0, 0.0, 0.0, 0.0, 0.0, 0.0, 0.0, 0.0, 0.0, 0.0, 0.0, 0.0, 0.0, 0.0, 0.0, 0.0, 0.0, 0.0]
2022-12-05 22:02:07,321 Train INFO: mean test reward4: [0.0, 0.0, 0.0, 0.0, 0.0, 0.0, 0.0, 0.0, 0.0, 0.0, 0.0, 0.0, 0.0, 0.0, 0.0, 0.0, 0.0, 0.0, 0.0, 0.0, 0.0, 0.0, 0.0, 0.0, 0.0, 0.0, 0.0, 0.0, 0.0, 0.0, 0.0, 0.0, 0.0, 0.0, 0.0, 0.0, 0.0, 0.0, 0.0, 0.0]
2022-12-05 22:02:07,322 Train INFO: mean test reward: 22.2654,0.0000,0.0000,0.0000
2022-12-05 22:02:07,322 Train INFO: test seed: 2************************************
2022-12-05 22:02:08,204 Train INFO: mean test reward1: [18.411261005631342, 20.704795363593142, 20.45428100840103, 23.623349536316457, 25.45617789277458, 16.995663661795678, 23.441895436240983, 22.472584745752982, 24.15288099861518, 22.140803371295014, 19.501637192943132, 22.42202936190996, 23.141580668555143, 21.54344014539239, 22.77969821098201, 23.460396253219685, 18.176573172335967, 20.99040946688491, 21.285677212286032, 20.744612676748304, 20.443649982125546, 22.407568363670183, 19.863754444837863, 19.261950694663266, 24.714904810263857, 21.736931274149832, 21.983346898698837, 23.943863344669982, 20.668276862703586, 25.669668126559706, 22.917988456682533, 24.351666031483944, 20.939434839588284, 18.7661174799003, 21.212827463954618, 21.061098689008222, 20.876233861533507, 22.153643281078832, 21.82761226937074, 23.262646165378936]
2022-12-05 22:02:08,204 Train INFO: mean test reward2: [0.0, 0.0, 0.0, 0.0, 0.0, 0.0, 0.0, 0.0, 0.0, 0.0, 0.0, 0.0, 0.0, 0.0, 0.0, 0.0, 0.0, 0.0, 0.0, 0.0, 0.0, 0.0, 0.0, 0.0, 0.0, 0.0, 0.0, 0.0, 0.0, 0.0, 0.0, 0.0, 0.0, 0.0, 0.0, 0.0, 0.0, 0.0, 0.0, 0.0]
2022-12-05 22:02:08,204 Train INFO: mean test reward3: [0.0, 0.0, 0.0, 0.0, 0.0, 0.0, 0.0, 0.0, 0.0, 0.0, 0.0, 0.0, 0.0, 0.0, 0.0, 0.0, 0.0, 0.0, 0.0, 0.0, 0.0, 0.0, 0.0, 0.0, 0.0, 0.0, 0.0, 0.0, 0.0, 0.0, 0.0, 0.0, 0.0, 0.0, 0.0, 0.0, 0.0, 0.0, 0.0, 0.0]
2022-12-05 22:02:08,204 Train INFO: mean test reward4: [0.0, 0.0, 0.0, 0.0, 0.0, 0.0, 0.0, 0.0, 0.0, 0.0, 0.0, 0.0, 0.0, 0.0, 0.0, 0.0, 0.0, 0.0, 0.0, 0.0, 0.0, 0.0, 0.0, 0.0, 0.0, 0.0, 0.0, 0.0, 0.0, 0.0, 0.0, 0.0, 0.0, 0.0, 0.0, 0.0, 0.0, 0.0, 0.0, 0.0]
2022-12-05 22:02:08,204 Train INFO: mean test reward: 21.7491,0.0000,0.0000,0.0000
2022-12-05 22:02:08,205 Train INFO: test seed: 3************************************
2022-12-05 22:02:09,251 Train INFO: mean test reward1: [19.072658356506476, 25.031894607853094, 19.26195069466327, 21.50809033752303, 24.01838024612943, 20.615088480065914, 23.924843390637907, 20.055831692638108, 24.152880998615185, 19.896716260056344, 23.142606411132956, 22.42202936190996, 19.128115754537014, 23.708049876308486, 21.985191395251384, 19.775226647946234, 22.758824666800535, 21.924009856965583, 22.670334833593735, 24.547911708428156, 22.52918385578989, 18.300445905264244, 18.743042380089317, 16.16711815019504, 22.77969821098201, 24.632982989571037, 19.055210746153776, 20.69117772520474, 24.184203463779713, 25.669668126559706, 23.44189543624098, 23.095653063543228, 22.35437998103251, 20.906521381670032, 24.864901506017393, 19.266997716947994, 23.43554372363362, 24.091836492473604, 25.897705734536984, 26.41094120907043]
2022-12-05 22:02:09,251 Train INFO: mean test reward2: [0.0, 0.0, 0.0, 0.0, 0.0, 0.0, 0.0, 0.0, 0.0, 0.0, 0.0, 0.0, 0.0, 0.0, 0.0, 0.0, 0.0, 0.0, 0.0, 0.0, 0.0, 0.0, 0.0, 0.0, 0.0, 0.0, 0.0, 0.0, 0.0, 0.0, 0.0, 0.0, 0.0, 0.0, 0.0, 0.0, 0.0, 0.0, 0.0, 0.0]
2022-12-05 22:02:09,252 Train INFO: mean test reward3: [0.0, 0.0, 0.0, 0.0, 0.0, 0.0, 0.0, 0.0, 0.0, 0.0, 0.0, 0.0, 0.0, 0.0, 0.0, 0.0, 0.0, 0.0, 0.0, 0.0, 0.0, 0.0, 0.0, 0.0, 0.0, 0.0, 0.0, 0.0, 0.0, 0.0, 0.0, 0.0, 0.0, 0.0, 0.0, 0.0, 0.0, 0.0, 0.0, 0.0]
2022-12-05 22:02:09,252 Train INFO: mean test reward4: [0.0, 0.0, 0.0, 0.0, 0.0, 0.0, 0.0, 0.0, 0.0, 0.0, 0.0, 0.0, 0.0, 0.0, 0.0, 0.0, 0.0, 0.0, 0.0, 0.0, 0.0, 0.0, 0.0, 0.0, 0.0, 0.0, 0.0, 0.0, 0.0, 0.0, 0.0, 0.0, 0.0, 0.0, 0.0, 0.0, 0.0, 0.0, 0.0, 0.0]
2022-12-05 22:02:09,252 Train INFO: mean test reward: 22.1530,0.0000,0.0000,0.0000
2022-12-05 22:02:09,252 Train INFO: test seed: 4************************************
2022-12-05 22:02:10,234 Train INFO: mean test reward1: [24.636863898040115, 23.292933685515457, 21.757577902560424, 21.839871711981, 23.37064401911023, 16.29119948834439, 22.94588798416818, 24.833109574984327, 16.01538937524865, 23.98418314669491, 17.901015149928828, 21.761599183378777, 23.836926146053962, 20.645376000202436, 26.11941006306156, 24.018380246129432, 22.716262438605643, 23.734217324601264, 24.136585010849902, 25.384470260003535, 20.916582334387364, 20.569692984927332, 23.013121128310026, 19.29002445945875, 22.174327381520932, 23.339186614788293, 22.012537653857205, 22.384667501169027, 24.00391924788966, 24.0918364924736, 24.65544496812363, 25.061147182961605, 20.72646878215846, 20.946869854523882, 22.17432738152094, 21.387828169348765, 22.17432738152094, 23.817796343612912, 24.76140194221329, 27.39749645639934]
2022-12-05 22:02:10,234 Train INFO: mean test reward2: [0.0, 0.0, 0.0, 0.0, 0.0, 0.0, 0.0, 0.0, 0.0, 0.0, 0.0, 0.0, 0.0, 0.0, 0.0, 0.0, 0.0, 0.0, 0.0, 0.0, 0.0, 0.0, 0.0, 0.0, 0.0, 0.0, 0.0, 0.0, 0.0, 0.0, 0.0, 0.0, 0.0, 0.0, 0.0, 0.0, 0.0, 0.0, 0.0, 0.0]
2022-12-05 22:02:10,234 Train INFO: mean test reward3: [0.0, 0.0, 0.0, 0.0, 0.0, 0.0, 0.0, 0.0, 0.0, 0.0, 0.0, 0.0, 0.0, 0.0, 0.0, 0.0, 0.0, 0.0, 0.0, 0.0, 0.0, 0.0, 0.0, 0.0, 0.0, 0.0, 0.0, 0.0, 0.0, 0.0, 0.0, 0.0, 0.0, 0.0, 0.0, 0.0, 0.0, 0.0, 0.0, 0.0]
2022-12-05 22:02:10,234 Train INFO: mean test reward4: [0.0, 0.0, 0.0, 0.0, 0.0, 0.0, 0.0, 0.0, 0.0, 0.0, 0.0, 0.0, 0.0, 0.0, 0.0, 0.0, 0.0, 0.0, 0.0, 0.0, 0.0, 0.0, 0.0, 0.0, 0.0, 0.0, 0.0, 0.0, 0.0, 0.0, 0.0, 0.0, 0.0, 0.0, 0.0, 0.0, 0.0, 0.0, 0.0, 0.0]
2022-12-05 22:02:10,234 Train INFO: mean test reward: 22.6030,0.0000,0.0000,0.0000
2022-12-05 22:02:10,235 Train INFO: test seed: 5************************************
2022-12-05 22:02:11,264 Train INFO: mean test reward1: [24.0918364924736, 24.419035438682684, 18.8119192049026, 23.547040703285575, 19.152534088142062, 19.80888441673247, 22.70062235373026, 25.0611471829616, 23.583001063462603, 18.453871591126468, 18.1816201946207, 23.83692614605396, 22.00253196119171, 21.746345250104884, 25.36992288581138, 23.44189543624098, 20.54440412977531, 24.486867202286575, 17.98954294682045, 23.803182547935975, 20.950235231340894, 20.405515264612735, 26.08524163445596, 14.972622438416472, 23.389350108707518, 21.465729811797605, 19.990949069115615, 21.84109915591684, 25.669668126559703, 21.154635544499747, 23.380850930099403, 24.373062483088553, 17.723350543068126, 14.967575416131746, 22.174327381520936, 26.001205298341088, 19.249675986604895, 25.502675024724013, 24.419035438682684, 25.27829211132292]
2022-12-05 22:02:11,264 Train INFO: mean test reward2: [0.0, 0.0, 0.0, 0.0, 0.0, 0.0, 0.0, 0.0, 0.0, 0.0, 0.0, 0.0, 0.0, 0.0, 0.0, 0.0, 0.0, 0.0, 0.0, 0.0, 0.0, 0.0, 0.0, 0.0, 0.0, 0.0, 0.0, 0.0, 0.0, 0.0, 0.0, 0.0, 0.0, 0.0, 0.0, 0.0, 0.0, 0.0, 0.0, 0.0]
2022-12-05 22:02:11,265 Train INFO: mean test reward3: [0.0, 0.0, 0.0, 0.0, 0.0, 0.0, 0.0, 0.0, 0.0, 0.0, 0.0, 0.0, 0.0, 0.0, 0.0, 0.0, 0.0, 0.0, 0.0, 0.0, 0.0, 0.0, 0.0, 0.0, 0.0, 0.0, 0.0, 0.0, 0.0, 0.0, 0.0, 0.0, 0.0, 0.0, 0.0, 0.0, 0.0, 0.0, 0.0, 0.0]
2022-12-05 22:02:11,265 Train INFO: mean test reward4: [0.0, 0.0, 0.0, 0.0, 0.0, 0.0, 0.0, 0.0, 0.0, 0.0, 0.0, 0.0, 0.0, 0.0, 0.0, 0.0, 0.0, 0.0, 0.0, 0.0, 0.0, 0.0, 0.0, 0.0, 0.0, 0.0, 0.0, 0.0, 0.0, 0.0, 0.0, 0.0, 0.0, 0.0, 0.0, 0.0, 0.0, 0.0, 0.0, 0.0]
2022-12-05 22:02:11,265 Train INFO: mean test reward: 22.0007,0.0000,0.0000,0.0000
2022-12-05 22:02:11,265 Train INFO: test seed: 6************************************
2022-12-05 22:02:12,216 Train INFO: mean test reward1: [23.065365543406713, 25.29021973596689, 17.98954294682045, 23.125940583679757, 24.31987410045088, 18.863299676430877, 19.266949359647764, 21.869597037110083, 25.179351947682076, 21.43544229166109, 17.65771321506225, 23.218239440631486, 24.433608399904113, 26.410941209070433, 19.16282983518099, 21.96271464803655, 22.70062235373026, 22.35151924892919, 25.502675024724013, 23.195338578130333, 22.763871689085263, 24.742882692079917, 24.918089888655068, 17.44457292032259, 22.35437998103251, 19.641091259831157, 17.617364742208398, 17.73061132069389, 25.856169081450677, 25.541718639785994, 23.62897401905673, 26.096652986462022, 24.00391924788966, 22.04783910442633, 24.63686389804012, 23.63520012797707, 26.001205298341098, 24.908687613683163, 25.96941336730803, 27.66677093783013]
2022-12-05 22:02:12,216 Train INFO: mean test reward2: [0.0, 0.0, 0.0, 0.0, 0.0, 0.0, 0.0, 0.0, 0.0, 0.0, 0.0, 0.0, 0.0, 0.0, 0.0, 0.0, 0.0, 0.0, 0.0, 0.0, 0.0, 0.0, 0.0, 0.0, 0.0, 0.0, 0.0, 0.0, 0.0, 0.0, 0.0, 0.0, 0.0, 0.0, 0.0, 0.0, 0.0, 0.0, 0.0, 0.0]
2022-12-05 22:02:12,216 Train INFO: mean test reward3: [0.0, 0.0, 0.0, 0.0, 0.0, 0.0, 0.0, 0.0, 0.0, 0.0, 0.0, 0.0, 0.0, 0.0, 0.0, 0.0, 0.0, 0.0, 0.0, 0.0, 0.0, 0.0, 0.0, 0.0, 0.0, 0.0, 0.0, 0.0, 0.0, 0.0, 0.0, 0.0, 0.0, 0.0, 0.0, 0.0, 0.0, 0.0, 0.0, 0.0]
2022-12-05 22:02:12,216 Train INFO: mean test reward4: [0.0, 0.0, 0.0, 0.0, 0.0, 0.0, 0.0, 0.0, 0.0, 0.0, 0.0, 0.0, 0.0, 0.0, 0.0, 0.0, 0.0, 0.0, 0.0, 0.0, 0.0, 0.0, 0.0, 0.0, 0.0, 0.0, 0.0, 0.0, 0.0, 0.0, 0.0, 0.0, 0.0, 0.0, 0.0, 0.0, 0.0, 0.0, 0.0, 0.0]
2022-12-05 22:02:12,217 Train INFO: mean test reward: 22.8552,0.0000,0.0000,0.0000
2022-12-05 22:02:12,217 Train INFO: test seed: 7************************************
2022-12-05 22:02:13,097 Train INFO: mean test reward1: [22.700622353730257, 22.924214565602863, 21.537396418087056, 22.945887984168174, 20.777395052154862, 17.03247257085511, 23.27710716361871, 21.893722336829065, 22.39912849940881, 25.179351947682076, 21.40852014834158, 19.86375444483786, 23.57860101794016, 24.547911708428156, 22.052886126711062, 21.477802817386507, 23.656873546542382, 22.74941069084549, 24.091836492473607, 24.98943955019056, 20.62566627720846, 21.66629528115946, 20.622881367565007, 16.40762681272166, 22.399128499408807, 22.96115231105748, 23.719236464091935, 21.774293134890762, 27.942523861965856, 26.11941006306156, 22.700622353730253, 19.4771030422745, 23.932211615118614, 23.30889909465177, 24.430973505114174, 22.794159209221785, 20.544404129775305, 25.96941336730803, 23.924843390637907, 26.11119596832211]
2022-12-05 22:02:13,098 Train INFO: mean test reward2: [0.0, 0.0, 0.0, 0.0, 0.0, 0.0, 0.0, 0.0, 0.0, 0.0, 0.0, 0.0, 0.0, 0.0, 0.0, 0.0, 0.0, 0.0, 0.0, 0.0, 0.0, 0.0, 0.0, 0.0, 0.0, 0.0, 0.0, 0.0, 0.0, 0.0, 0.0, 0.0, 0.0, 0.0, 0.0, 0.0, 0.0, 0.0, 0.0, 0.0]
2022-12-05 22:02:13,098 Train INFO: mean test reward3: [0.0, 0.0, 0.0, 0.0, 0.0, 0.0, 0.0, 0.0, 0.0, 0.0, 0.0, 0.0, 0.0, 0.0, 0.0, 0.0, 0.0, 0.0, 0.0, 0.0, 0.0, 0.0, 0.0, 0.0, 0.0, 0.0, 0.0, 0.0, 0.0, 0.0, 0.0, 0.0, 0.0, 0.0, 0.0, 0.0, 0.0, 0.0, 0.0, 0.0]
2022-12-05 22:02:13,098 Train INFO: mean test reward4: [0.0, 0.0, 0.0, 0.0, 0.0, 0.0, 0.0, 0.0, 0.0, 0.0, 0.0, 0.0, 0.0, 0.0, 0.0, 0.0, 0.0, 0.0, 0.0, 0.0, 0.0, 0.0, 0.0, 0.0, 0.0, 0.0, 0.0, 0.0, 0.0, 0.0, 0.0, 0.0, 0.0, 0.0, 0.0, 0.0, 0.0, 0.0, 0.0, 0.0]
2022-12-05 22:02:13,098 Train INFO: mean test reward: 22.6629,0.0000,0.0000,0.0000
2022-12-05 22:02:13,098 Train INFO: test seed: 8************************************
2022-12-05 22:02:13,880 Train INFO: mean test reward1: [22.292532146241406, 23.490683773356206, 24.438078865171352, 22.67033483359374, 24.74669674129692, 25.624534484020668, 21.576629342410584, 20.597766749722812, 21.982250133720687, 21.606224886711555, 18.922893277131422, 21.326074042440116, 23.677762356171964, 23.578601017940155, 25.45617789277458, 23.58641179086184, 18.965455505326315, 23.610392948973224, 24.66611647314863, 25.15643265202626, 22.749410690845483, 20.913547364974207, 20.610041457781186, 16.53424933252237, 24.06719858027484, 21.123887484622305, 21.986650179243128, 21.341900564336857, 26.173158879039907, 23.395311928339176, 23.835447442393043, 22.176715374171813, 23.806638625917433, 21.617506944044234, 19.62883181722089, 23.775881639912377, 19.274210137273535, 20.516499730456957, 23.019942583108502, 23.411138450235924]
2022-12-05 22:02:13,880 Train INFO: mean test reward2: [0.0, 0.0, 0.0, 0.0, 0.0, 0.0, 0.0, 0.0, 0.0, 0.0, 0.0, 0.0, 0.0, 0.0, 0.0, 0.0, 0.0, 0.0, 0.0, 0.0, 0.0, 0.0, 0.0, 0.0, 0.0, 0.0, 0.0, 0.0, 0.0, 0.0, 0.0, 0.0, 0.0, 0.0, 0.0, 0.0, 0.0, 0.0, 0.0, 0.0]
2022-12-05 22:02:13,880 Train INFO: mean test reward3: [0.0, 0.0, 0.0, 0.0, 0.0, 0.0, 0.0, 0.0, 0.0, 0.0, 0.0, 0.0, 0.0, 0.0, 0.0, 0.0, 0.0, 0.0, 0.0, 0.0, 0.0, 0.0, 0.0, 0.0, 0.0, 0.0, 0.0, 0.0, 0.0, 0.0, 0.0, 0.0, 0.0, 0.0, 0.0, 0.0, 0.0, 0.0, 0.0, 0.0]
2022-12-05 22:02:13,880 Train INFO: mean test reward4: [0.0, 0.0, 0.0, 0.0, 0.0, 0.0, 0.0, 0.0, 0.0, 0.0, 0.0, 0.0, 0.0, 0.0, 0.0, 0.0, 0.0, 0.0, 0.0, 0.0, 0.0, 0.0, 0.0, 0.0, 0.0, 0.0, 0.0, 0.0, 0.0, 0.0, 0.0, 0.0, 0.0, 0.0, 0.0, 0.0, 0.0, 0.0, 0.0, 0.0]
2022-12-05 22:02:13,880 Train INFO: mean test reward: 22.4483,0.0000,0.0000,0.0000
2022-12-05 22:02:13,880 Train INFO: test seed: 9************************************
2022-12-05 22:02:14,584 Train INFO: mean test reward1: [22.80576762077485, 25.0611471829616, 22.327457837713002, 20.766817255012306, 22.351519248929186, 20.40050823693173, 25.97331621264297, 21.243114984091143, 18.899189378794418, 20.39267535482891, 18.935167985189796, 22.76387168908526, 19.872133752087475, 25.37813698055084, 22.535834081107982, 23.505144771595983, 20.357325546959558, 22.447916836524033, 23.125940583679753, 25.2281402847973, 19.33763370993837, 21.280678547301534, 22.354379981032515, 21.841099155916844, 24.54791170842816, 22.730909873866782, 21.415780925967344, 16.94172898770355, 27.113216994419396, 25.031894607853083, 20.555204521527923, 23.924843390637907, 25.156432652026258, 18.88254480427757, 23.200798330587826, 26.33923357629939, 25.031894607853094, 26.856123745409025, 24.864901506017397, 25.38447026000354]
2022-12-05 22:02:14,584 Train INFO: mean test reward2: [0.0, 0.0, 0.0, 0.0, 0.0, 0.0, 0.0, 0.0, 0.0, 0.0, 0.0, 0.0, 0.0, 0.0, 0.0, 0.0, 0.0, 0.0, 0.0, 0.0, 0.0, 0.0, 0.0, 0.0, 0.0, 0.0, 0.0, 0.0, 0.0, 0.0, 0.0, 0.0, 0.0, 0.0, 0.0, 0.0, 0.0, 0.0, 0.0, 0.0]
2022-12-05 22:02:14,584 Train INFO: mean test reward3: [0.0, 0.0, 0.0, 0.0, 0.0, 0.0, 0.0, 0.0, 0.0, 0.0, 0.0, 0.0, 0.0, 0.0, 0.0, 0.0, 0.0, 0.0, 0.0, 0.0, 0.0, 0.0, 0.0, 0.0, 0.0, 0.0, 0.0, 0.0, 0.0, 0.0, 0.0, 0.0, 0.0, 0.0, 0.0, 0.0, 0.0, 0.0, 0.0, 0.0]
2022-12-05 22:02:14,585 Train INFO: mean test reward4: [0.0, 0.0, 0.0, 0.0, 0.0, 0.0, 0.0, 0.0, 0.0, 0.0, 0.0, 0.0, 0.0, 0.0, 0.0, 0.0, 0.0, 0.0, 0.0, 0.0, 0.0, 0.0, 0.0, 0.0, 0.0, 0.0, 0.0, 0.0, 0.0, 0.0, 0.0, 0.0, 0.0, 0.0, 0.0, 0.0, 0.0, 0.0, 0.0, 0.0]
2022-12-05 22:02:14,585 Train INFO: mean test reward: 22.6791,0.0000,0.0000,0.0000
2022-12-05 22:02:14,585 Train INFO: test seed: 10************************************
2022-12-05 22:02:15,422 Train INFO: mean test reward1: [23.065365543406717, 24.70423330523885, 21.020750216154372, 22.994319398894543, 18.948182132283442, 24.131537988565174, 20.165248299159312, 24.666116473148634, 25.21114387871514, 23.806638625917437, 21.36981535727061, 21.61127190899628, 24.90706041239452, 25.026978754355998, 24.907060412394515, 26.884260981865896, 20.640328977917708, 23.064896077538176, 22.70062235373026, 22.72352321623141, 21.89590862701047, 19.11522058470137, 18.206909049772722, 20.35433893484663, 22.35437998103251, 21.638145693904114, 16.26785226841727, 23.90017548140896, 25.228140284797302, 21.133948437339633, 23.277107163618705, 23.10506703949828, 21.16267012907203, 17.834730845160667, 24.15288099861518, 22.407568363670183, 23.567929512915153, 25.060416388629555, 24.547911708428156, 24.319874100450882]
2022-12-05 22:02:15,423 Train INFO: mean test reward2: [0.0, 0.0, 0.0, 0.0, 0.0, 0.0, 0.0, 0.0, 0.0, 0.0, 0.0, 0.0, 0.0, 0.0, 0.0, 0.0, 0.0, 0.0, 0.0, 0.0, 0.0, 0.0, 0.0, 0.0, 0.0, 0.0, 0.0, 0.0, 0.0, 0.0, 0.0, 0.0, 0.0, 0.0, 0.0, 0.0, 0.0, 0.0, 0.0, 0.0]
2022-12-05 22:02:15,423 Train INFO: mean test reward3: [0.0, 0.0, 0.0, 0.0, 0.0, 0.0, 0.0, 0.0, 0.0, 0.0, 0.0, 0.0, 0.0, 0.0, 0.0, 0.0, 0.0, 0.0, 0.0, 0.0, 0.0, 0.0, 0.0, 0.0, 0.0, 0.0, 0.0, 0.0, 0.0, 0.0, 0.0, 0.0, 0.0, 0.0, 0.0, 0.0, 0.0, 0.0, 0.0, 0.0]
2022-12-05 22:02:15,423 Train INFO: mean test reward4: [0.0, 0.0, 0.0, 0.0, 0.0, 0.0, 0.0, 0.0, 0.0, 0.0, 0.0, 0.0, 0.0, 0.0, 0.0, 0.0, 0.0, 0.0, 0.0, 0.0, 0.0, 0.0, 0.0, 0.0, 0.0, 0.0, 0.0, 0.0, 0.0, 0.0, 0.0, 0.0, 0.0, 0.0, 0.0, 0.0, 0.0, 0.0, 0.0, 0.0]
2022-12-05 22:02:15,423 Train INFO: mean test reward: 22.5520,0.0000,0.0000,0.0000
2022-12-05 22:02:15,423 Train INFO: test seed: 11************************************
2022-12-05 22:02:16,328 Train INFO: mean test reward1: [22.09319412081539, 19.072658356506476, 21.0134894385286, 25.2281402847973, 24.746696741296923, 22.520569754218684, 23.727093302797154, 25.013393790874385, 24.66611647314863, 19.48431546260004, 17.747884693736758, 20.927160131529913, 19.986549023593174, 24.636863898040115, 19.85649366721209, 24.59693166192186, 23.183570308127184, 23.49068377335621, 21.64339441865831, 23.63178940057783, 23.095653063543235, 24.77698426143344, 20.040772074936278, 22.495485608254135, 21.86076052161058, 22.38466750116903, 21.841099155916844, 17.652714550077754, 25.826916506342165, 26.214695532126218, 17.984495924535725, 19.140259380083695, 17.65771321506225, 16.382520557575976, 24.66611647314863, 24.833109574984324, 19.83341856740111, 15.708848498642467, 26.365807566531387, 22.68756285605438]
2022-12-05 22:02:16,328 Train INFO: mean test reward2: [0.0, 0.0, 0.0, 0.0, 0.0, 0.0, 0.0, 0.0, 0.0, 0.0, 0.0, 0.0, 0.0, 0.0, 0.0, 0.0, 0.0, 0.0, 0.0, 0.0, 0.0, 0.0, 0.0, 0.0, 0.0, 0.0, 0.0, 0.0, 0.0, 0.0, 0.0, 0.0, 0.0, 0.0, 0.0, 0.0, 0.0, 0.0, 0.0, 0.0]
2022-12-05 22:02:16,328 Train INFO: mean test reward3: [0.0, 0.0, 0.0, 0.0, 0.0, 0.0, 0.0, 0.0, 0.0, 0.0, 0.0, 0.0, 0.0, 0.0, 0.0, 0.0, 0.0, 0.0, 0.0, 0.0, 0.0, 0.0, 0.0, 0.0, 0.0, 0.0, 0.0, 0.0, 0.0, 0.0, 0.0, 0.0, 0.0, 0.0, 0.0, 0.0, 0.0, 0.0, 0.0, 0.0]
2022-12-05 22:02:16,328 Train INFO: mean test reward4: [0.0, 0.0, 0.0, 0.0, 0.0, 0.0, 0.0, 0.0, 0.0, 0.0, 0.0, 0.0, 0.0, 0.0, 0.0, 0.0, 0.0, 0.0, 0.0, 0.0, 0.0, 0.0, 0.0, 0.0, 0.0, 0.0, 0.0, 0.0, 0.0, 0.0, 0.0, 0.0, 0.0, 0.0, 0.0, 0.0, 0.0, 0.0, 0.0, 0.0]
2022-12-05 22:02:16,328 Train INFO: mean test reward: 21.9679,0.0000,0.0000,0.0000
2022-12-05 22:02:16,329 Train INFO: test seed: 12************************************
2022-12-05 22:02:17,055 Train INFO: mean test reward1: [25.42828880707646, 22.62937093659951, 20.82641085571285, 24.15288099861518, 24.413410955942403, 19.309511587842657, 23.27045693830062, 23.1813979817103, 19.467042089557168, 22.70062235373026, 21.575022569228103, 19.904102917691713, 23.270456938300615, 21.839871711981004, 25.773167690363813, 22.550857274355206, 19.50163719294314, 24.942942418241135, 23.69680578266063, 23.411607916104458, 22.354379981032512, 23.335920028996657, 20.72445672928689, 22.381680889056103, 21.989636791356055, 23.486341117470523, 17.1237936400867, 23.859827008555104, 27.2059631075595, 24.71490481026386, 20.25599188231087, 20.868973083907747, 21.331604817297933, 21.959349271219537, 25.52813367630438, 21.657855416898084, 24.319874100450885, 27.359397438124958, 24.66611647314863, 21.818198293415687]
2022-12-05 22:02:17,056 Train INFO: mean test reward2: [0.0, 0.0, 0.0, 0.0, 0.0, 0.0, 0.0, 0.0, 0.0, 0.0, 0.0, 0.0, 0.0, 0.0, 0.0, 0.0, 0.0, 0.0, 0.0, 0.0, 0.0, 0.0, 0.0, 0.0, 0.0, 0.0, 0.0, 0.0, 0.0, 0.0, 0.0, 0.0, 0.0, 0.0, 0.0, 0.0, 0.0, 0.0, 0.0, 0.0]
2022-12-05 22:02:17,056 Train INFO: mean test reward3: [0.0, 0.0, 0.0, 0.0, 0.0, 0.0, 0.0, 0.0, 0.0, 0.0, 0.0, 0.0, 0.0, 0.0, 0.0, 0.0, 0.0, 0.0, 0.0, 0.0, 0.0, 0.0, 0.0, 0.0, 0.0, 0.0, 0.0, 0.0, 0.0, 0.0, 0.0, 0.0, 0.0, 0.0, 0.0, 0.0, 0.0, 0.0, 0.0, 0.0]
2022-12-05 22:02:17,056 Train INFO: mean test reward4: [0.0, 0.0, 0.0, 0.0, 0.0, 0.0, 0.0, 0.0, 0.0, 0.0, 0.0, 0.0, 0.0, 0.0, 0.0, 0.0, 0.0, 0.0, 0.0, 0.0, 0.0, 0.0, 0.0, 0.0, 0.0, 0.0, 0.0, 0.0, 0.0, 0.0, 0.0, 0.0, 0.0, 0.0, 0.0, 0.0, 0.0, 0.0, 0.0, 0.0]
2022-12-05 22:02:17,056 Train INFO: mean test reward: 22.7197,0.0000,0.0000,0.0000
2022-12-05 22:02:17,056 Train INFO: test seed: 13************************************
2022-12-05 22:02:18,005 Train INFO: mean test reward1: [21.802371771518942, 21.746345250104884, 20.45428100840103, 22.370804674843626, 25.0611471829616, 20.04861927231257, 22.370804674843626, 26.36580756653139, 23.614792994495673, 23.84049446467777, 21.37486237955534, 24.38195355162047, 25.384470260003535, 24.863397095120845, 20.911535312102636, 18.631286138217465, 23.727093302797158, 24.74519233040038, 22.867615455565957, 23.859827008555108, 22.92421456560287, 22.634995419339784, 23.640680469109746, 23.267046210901377, 23.125940583679753, 21.839871711981, 21.35474047412068, 25.096376748806588, 25.50267502472401, 22.749410690845487, 22.06734712495084, 26.568189588852885, 23.962960222728128, 19.64109125983116, 22.199366176903258, 24.547911708428156, 27.401151150975537, 24.438078865171352, 25.773167690363813, 24.091836492473607]
2022-12-05 22:02:18,005 Train INFO: mean test reward2: [0.0, 0.0, 0.0, 0.0, 0.0, 0.0, 0.0, 0.0, 0.0, 0.0, 0.0, 0.0, 0.0, 0.0, 0.0, 0.0, 0.0, 0.0, 0.0, 0.0, 0.0, 0.0, 0.0, 0.0, 0.0, 0.0, 0.0, 0.0, 0.0, 0.0, 0.0, 0.0, 0.0, 0.0, 0.0, 0.0, 0.0, 0.0, 0.0, 0.0]
2022-12-05 22:02:18,005 Train INFO: mean test reward3: [0.0, 0.0, 0.0, 0.0, 0.0, 0.0, 0.0, 0.0, 0.0, 0.0, 0.0, 0.0, 0.0, 0.0, 0.0, 0.0, 0.0, 0.0, 0.0, 0.0, 0.0, 0.0, 0.0, 0.0, 0.0, 0.0, 0.0, 0.0, 0.0, 0.0, 0.0, 0.0, 0.0, 0.0, 0.0, 0.0, 0.0, 0.0, 0.0, 0.0]
2022-12-05 22:02:18,005 Train INFO: mean test reward4: [0.0, 0.0, 0.0, 0.0, 0.0, 0.0, 0.0, 0.0, 0.0, 0.0, 0.0, 0.0, 0.0, 0.0, 0.0, 0.0, 0.0, 0.0, 0.0, 0.0, 0.0, 0.0, 0.0, 0.0, 0.0, 0.0, 0.0, 0.0, 0.0, 0.0, 0.0, 0.0, 0.0, 0.0, 0.0, 0.0, 0.0, 0.0, 0.0, 0.0]
2022-12-05 22:02:18,006 Train INFO: mean test reward: 23.2812,0.0000,0.0000,0.0000
2022-12-05 22:02:18,006 Train INFO: test seed: 14************************************
2022-12-05 22:02:18,952 Train INFO: mean test reward1: [18.743042380089314, 22.99706431393428, 20.826410855712854, 23.11011406178301, 24.942942418241135, 21.629531592332906, 25.384470260003543, 24.547911708428156, 25.724379353248587, 20.02554417250159, 22.447916836524033, 25.52813367630437, 26.599676990205005, 22.270252229663335, 25.369922885811388, 22.670334833593735, 21.57995864628194, 22.571746083984785, 20.584800959929396, 24.122124012610122, 21.54966625431272, 17.548546668310742, 24.641263943562564, 16.21554956492141, 23.757380822933673, 21.493629339283256, 16.9013805148497, 22.478204356660555, 26.56818958885288, 25.369922885811388, 22.57375813685636, 25.50267502472401, 23.335920028996657, 20.078906792449093, 24.241833188227137, 25.897705734536984, 22.407568363670183, 25.179351947682076, 27.597396827919745, 26.852469050832838]
2022-12-05 22:02:18,952 Train INFO: mean test reward2: [0.0, 0.0, 0.0, 0.0, 0.0, 0.0, 0.0, 0.0, 0.0, 0.0, 0.0, 0.0, 0.0, 0.0, 0.0, 0.0, 0.0, 0.0, 0.0, 0.0, 0.0, 0.0, 0.0, 0.0, 0.0, 0.0, 0.0, 0.0, 0.0, 0.0, 0.0, 0.0, 0.0, 0.0, 0.0, 0.0, 0.0, 0.0, 0.0, 0.0]
2022-12-05 22:02:18,952 Train INFO: mean test reward3: [0.0, 0.0, 0.0, 0.0, 0.0, 0.0, 0.0, 0.0, 0.0, 0.0, 0.0, 0.0, 0.0, 0.0, 0.0, 0.0, 0.0, 0.0, 0.0, 0.0, 0.0, 0.0, 0.0, 0.0, 0.0, 0.0, 0.0, 0.0, 0.0, 0.0, 0.0, 0.0, 0.0, 0.0, 0.0, 0.0, 0.0, 0.0, 0.0, 0.0]
2022-12-05 22:02:18,952 Train INFO: mean test reward4: [0.0, 0.0, 0.0, 0.0, 0.0, 0.0, 0.0, 0.0, 0.0, 0.0, 0.0, 0.0, 0.0, 0.0, 0.0, 0.0, 0.0, 0.0, 0.0, 0.0, 0.0, 0.0, 0.0, 0.0, 0.0, 0.0, 0.0, 0.0, 0.0, 0.0, 0.0, 0.0, 0.0, 0.0, 0.0, 0.0, 0.0, 0.0, 0.0, 0.0]
2022-12-05 22:02:18,952 Train INFO: mean test reward: 23.0467,0.0000,0.0000,0.0000
2022-12-05 22:02:18,953 Train INFO: test seed: 15************************************
2022-12-05 22:02:19,786 Train INFO: mean test reward1: [22.36884097927229, 21.31161304420034, 17.315870887886945, 23.623349536316454, 22.97561330929726, 25.973316212642967, 21.123887484622305, 23.095653063543235, 23.655141467349523, 21.49306714427581, 20.268846107368162, 23.956635321670976, 22.89790297570248, 24.231956855866933, 17.693063022931604, 21.597971458360092, 18.666822383108187, 23.449724748194683, 22.103865625840395, 21.721104752253087, 19.561225921810976, 22.858510181387636, 23.408151838122997, 20.251524377025067, 21.465729811797605, 23.29293368551545, 25.35961773041746, 24.00391924788966, 25.628131473473402, 26.17315887903991, 24.43807886517135, 22.078126624562852, 25.34293360691723, 18.88254480427757, 19.755320094315497, 20.241923964048656, 24.404488064490536, 23.631789400577834, 26.01956519383364, 25.57858864337242]
2022-12-05 22:02:19,787 Train INFO: mean test reward2: [0.0, 0.0, 0.0, 0.0, 0.0, 0.0, 0.0, 0.0, 0.0, 0.0, 0.0, 0.0, 0.0, 0.0, 0.0, 0.0, 0.0, 0.0, 0.0, 0.0, 0.0, 0.0, 0.0, 0.0, 0.0, 0.0, 0.0, 0.0, 0.0, 0.0, 0.0, 0.0, 0.0, 0.0, 0.0, 0.0, 0.0, 0.0, 0.0, 0.0]
2022-12-05 22:02:19,787 Train INFO: mean test reward3: [0.0, 0.0, 0.0, 0.0, 0.0, 0.0, 0.0, 0.0, 0.0, 0.0, 0.0, 0.0, 0.0, 0.0, 0.0, 0.0, 0.0, 0.0, 0.0, 0.0, 0.0, 0.0, 0.0, 0.0, 0.0, 0.0, 0.0, 0.0, 0.0, 0.0, 0.0, 0.0, 0.0, 0.0, 0.0, 0.0, 0.0, 0.0, 0.0, 0.0]
2022-12-05 22:02:19,787 Train INFO: mean test reward4: [0.0, 0.0, 0.0, 0.0, 0.0, 0.0, 0.0, 0.0, 0.0, 0.0, 0.0, 0.0, 0.0, 0.0, 0.0, 0.0, 0.0, 0.0, 0.0, 0.0, 0.0, 0.0, 0.0, 0.0, 0.0, 0.0, 0.0, 0.0, 0.0, 0.0, 0.0, 0.0, 0.0, 0.0, 0.0, 0.0, 0.0, 0.0, 0.0, 0.0]
2022-12-05 22:02:19,787 Train INFO: mean test reward: 22.5475,0.0000,0.0000,0.0000
2022-12-05 22:02:19,787 Train INFO: test seed: 16************************************
2022-12-05 22:02:20,722 Train INFO: mean test reward1: [22.67033483359374, 22.262817214727733, 20.45428100840103, 22.665282939476306, 20.433589029408214, 19.157581110426793, 23.464796298742137, 24.15288099861519, 24.319874100450885, 22.417629316387515, 19.49442477261759, 24.78686059379365, 24.5171547224231, 24.666116473148627, 18.22418242281559, 25.456177892774576, 17.763524778612144, 25.384470260003535, 23.924843390637907, 26.318195095930324, 22.022598606574537, 22.58397544146093, 23.583001063462607, 24.635427459063557, 20.54440412977531, 20.33279139629092, 22.407568363670187, 21.06330757251656, 25.50267502472401, 25.402944159554686, 23.72709330279715, 25.384470260003532, 22.541458563848263, 16.05069082581777, 20.370220716795206, 25.669668126559706, 24.091836492473607, 24.451895445031454, 26.33923357629939, 22.354379981032512]
2022-12-05 22:02:20,723 Train INFO: mean test reward2: [0.0, 0.0, 0.0, 0.0, 0.0, 0.0, 0.0, 0.0, 0.0, 0.0, 0.0, 0.0, 0.0, 0.0, 0.0, 0.0, 0.0, 0.0, 0.0, 0.0, 0.0, 0.0, 0.0, 0.0, 0.0, 0.0, 0.0, 0.0, 0.0, 0.0, 0.0, 0.0, 0.0, 0.0, 0.0, 0.0, 0.0, 0.0, 0.0, 0.0]
2022-12-05 22:02:20,723 Train INFO: mean test reward3: [0.0, 0.0, 0.0, 0.0, 0.0, 0.0, 0.0, 0.0, 0.0, 0.0, 0.0, 0.0, 0.0, 0.0, 0.0, 0.0, 0.0, 0.0, 0.0, 0.0, 0.0, 0.0, 0.0, 0.0, 0.0, 0.0, 0.0, 0.0, 0.0, 0.0, 0.0, 0.0, 0.0, 0.0, 0.0, 0.0, 0.0, 0.0, 0.0, 0.0]
2022-12-05 22:02:20,723 Train INFO: mean test reward4: [0.0, 0.0, 0.0, 0.0, 0.0, 0.0, 0.0, 0.0, 0.0, 0.0, 0.0, 0.0, 0.0, 0.0, 0.0, 0.0, 0.0, 0.0, 0.0, 0.0, 0.0, 0.0, 0.0, 0.0, 0.0, 0.0, 0.0, 0.0, 0.0, 0.0, 0.0, 0.0, 0.0, 0.0, 0.0, 0.0, 0.0, 0.0, 0.0, 0.0]
2022-12-05 22:02:20,723 Train INFO: mean test reward: 22.7899,0.0000,0.0000,0.0000
2022-12-05 22:02:20,723 Train INFO: test seed: 17************************************
2022-12-05 22:02:21,654 Train INFO: mean test reward1: [24.66611647314863, 22.634995419339784, 20.45428100840103, 22.700622353730257, 24.94294241824113, 18.599146487245733, 20.202561802600005, 23.183570308127184, 23.065365543406713, 22.887700936546015, 20.808393171801995, 26.560937904823966, 23.89906336287877, 19.16282983518099, 20.139969837622687, 22.86112085372126, 19.628831817220895, 20.137813461350294, 21.537396418087052, 23.277107163618705, 20.03415827407279, 24.934959939880166, 25.45617789277458, 15.3397536207438, 18.59131360514292, 20.403253151971466, 18.733029784672215, 21.341900564336854, 25.37813698055084, 24.494677975208262, 23.44189543624098, 25.378136980550842, 22.321231728792668, 21.98963679135606, 19.61080373969464, 20.75455781240204, 24.091836492473607, 20.44307046512662, 19.34077649214532, 23.095653063543235]
2022-12-05 22:02:21,654 Train INFO: mean test reward2: [0.0, 0.0, 0.0, 0.0, 0.0, 0.0, 0.0, 0.0, 0.0, 0.0, 0.0, 0.0, 0.0, 0.0, 0.0, 0.0, 0.0, 0.0, 0.0, 0.0, 0.0, 0.0, 0.0, 0.0, 0.0, 0.0, 0.0, 0.0, 0.0, 0.0, 0.0, 0.0, 0.0, 0.0, 0.0, 0.0, 0.0, 0.0, 0.0, 0.0]
2022-12-05 22:02:21,654 Train INFO: mean test reward3: [0.0, 0.0, 0.0, 0.0, 0.0, 0.0, 0.0, 0.0, 0.0, 0.0, 0.0, 0.0, 0.0, 0.0, 0.0, 0.0, 0.0, 0.0, 0.0, 0.0, 0.0, 0.0, 0.0, 0.0, 0.0, 0.0, 0.0, 0.0, 0.0, 0.0, 0.0, 0.0, 0.0, 0.0, 0.0, 0.0, 0.0, 0.0, 0.0, 0.0]
2022-12-05 22:02:21,654 Train INFO: mean test reward4: [0.0, 0.0, 0.0, 0.0, 0.0, 0.0, 0.0, 0.0, 0.0, 0.0, 0.0, 0.0, 0.0, 0.0, 0.0, 0.0, 0.0, 0.0, 0.0, 0.0, 0.0, 0.0, 0.0, 0.0, 0.0, 0.0, 0.0, 0.0, 0.0, 0.0, 0.0, 0.0, 0.0, 0.0, 0.0, 0.0, 0.0, 0.0, 0.0, 0.0]
2022-12-05 22:02:21,654 Train INFO: mean test reward: 21.9131,0.0000,0.0000,0.0000
2022-12-05 22:02:21,654 Train INFO: test seed: 18************************************
2022-12-05 22:02:22,610 Train INFO: mean test reward1: [22.70062235373026, 22.35437998103251, 21.2746299481635, 23.441895436240983, 18.990744360478338, 19.856493667212092, 16.601850356099586, 22.36884097927229, 20.605027527348582, 20.916582334387364, 21.327253129075718, 22.354379981032512, 20.978150024274647, 21.423167583602712, 20.80334614951727, 25.179351947682076, 22.54145856384826, 21.888660049096227, 18.024844397389575, 18.47914518083038, 20.919947711204372, 18.74891156662079, 21.705996777251034, 18.527688330008612, 23.677762356171957, 24.003919247889655, 20.352326881975056, 22.035438516358358, 20.076720502267687, 24.201669335730408, 24.319874100450882, 23.183570308127187, 22.602033604121306, 22.038425128471285, 24.833109574984327, 19.095510861707396, 24.833109574984327, 19.990399073819702, 24.66611647314863, 27.39749645639934]
2022-12-05 22:02:22,610 Train INFO: mean test reward2: [0.0, 0.0, 0.0, 0.0, 0.0, 0.0, 0.0, 0.0, 0.0, 0.0, 0.0, 0.0, 0.0, 0.0, 0.0, 0.0, 0.0, 0.0, 0.0, 0.0, 0.0, 0.0, 0.0, 0.0, 0.0, 0.0, 0.0, 0.0, 0.0, 0.0, 0.0, 0.0, 0.0, 0.0, 0.0, 0.0, 0.0, 0.0, 0.0, 0.0]
2022-12-05 22:02:22,610 Train INFO: mean test reward3: [0.0, 0.0, 0.0, 0.0, 0.0, 0.0, 0.0, 0.0, 0.0, 0.0, 0.0, 0.0, 0.0, 0.0, 0.0, 0.0, 0.0, 0.0, 0.0, 0.0, 0.0, 0.0, 0.0, 0.0, 0.0, 0.0, 0.0, 0.0, 0.0, 0.0, 0.0, 0.0, 0.0, 0.0, 0.0, 0.0, 0.0, 0.0, 0.0, 0.0]
2022-12-05 22:02:22,610 Train INFO: mean test reward4: [0.0, 0.0, 0.0, 0.0, 0.0, 0.0, 0.0, 0.0, 0.0, 0.0, 0.0, 0.0, 0.0, 0.0, 0.0, 0.0, 0.0, 0.0, 0.0, 0.0, 0.0, 0.0, 0.0, 0.0, 0.0, 0.0, 0.0, 0.0, 0.0, 0.0, 0.0, 0.0, 0.0, 0.0, 0.0, 0.0, 0.0, 0.0, 0.0, 0.0]
2022-12-05 22:02:22,610 Train INFO: mean test reward: 21.7330,0.0000,0.0000,0.0000
2022-12-05 22:02:22,611 Train INFO: test seed: 19************************************
2022-12-05 22:02:23,544 Train INFO: mean test reward1: [18.05721143016103, 23.095653063543235, 18.527688330008615, 23.125940583679757, 20.10426310736447, 23.441895436240987, 24.66611647314863, 22.763871689085263, 25.37813698055084, 23.065365543406713, 21.456129398821197, 23.464796298742137, 18.548751376948026, 21.326074042440112, 20.979184692980084, 26.33923357629939, 21.230855541480874, 20.745143836446996, 22.134153145976917, 22.38168088905611, 20.725077191064155, 21.25038615533231, 17.92826770065219, 17.1237936400867, 24.989439550190564, 22.38466750116903, 20.24853776491214, 19.514651340036785, 25.06114718296161, 24.0918364924736, 22.56900116894505, 25.37813698055084, 20.80530984508861, 21.248363708845336, 23.956635321670973, 19.783643918880678, 24.231956855866933, 24.051904256355353, 23.13241357442668, 24.091836492473607]
2022-12-05 22:02:23,544 Train INFO: mean test reward2: [0.0, 0.0, 0.0, 0.0, 0.0, 0.0, 0.0, 0.0, 0.0, 0.0, 0.0, 0.0, 0.0, 0.0, 0.0, 0.0, 0.0, 0.0, 0.0, 0.0, 0.0, 0.0, 0.0, 0.0, 0.0, 0.0, 0.0, 0.0, 0.0, 0.0, 0.0, 0.0, 0.0, 0.0, 0.0, 0.0, 0.0, 0.0, 0.0, 0.0]
2022-12-05 22:02:23,544 Train INFO: mean test reward3: [0.0, 0.0, 0.0, 0.0, 0.0, 0.0, 0.0, 0.0, 0.0, 0.0, 0.0, 0.0, 0.0, 0.0, 0.0, 0.0, 0.0, 0.0, 0.0, 0.0, 0.0, 0.0, 0.0, 0.0, 0.0, 0.0, 0.0, 0.0, 0.0, 0.0, 0.0, 0.0, 0.0, 0.0, 0.0, 0.0, 0.0, 0.0, 0.0, 0.0]
2022-12-05 22:02:23,544 Train INFO: mean test reward4: [0.0, 0.0, 0.0, 0.0, 0.0, 0.0, 0.0, 0.0, 0.0, 0.0, 0.0, 0.0, 0.0, 0.0, 0.0, 0.0, 0.0, 0.0, 0.0, 0.0, 0.0, 0.0, 0.0, 0.0, 0.0, 0.0, 0.0, 0.0, 0.0, 0.0, 0.0, 0.0, 0.0, 0.0, 0.0, 0.0, 0.0, 0.0, 0.0, 0.0]
2022-12-05 22:02:23,544 Train INFO: mean test reward: 22.0850,0.0000,0.0000,0.0000
