2022-12-17 18:37:58,743 Train INFO: Namespace(logger=<Logger Train (INFO)>, name='A2C2022-12-17-18-37-58', gpu='0', device=device(type='cuda', index=0), gamma=1, epoch_num=3000, train_episode=2000, test_episode=50, val_episode=50, test_size=0.02, val_size=0.5, batch_size=50, train_batch_size=50, num_steps=10, h=1, w=[120, 50], nn_out=40, share_lr=0.0001, actor_lr=0.0001, critic_lr=0.01, step=20, lr_min=1e-05, e_rate=0.001, a_rate=1, c_rate=1, lr_decay_lambda=0.99, duse_T=True, est_T=False, use_pref=False, same_price=False, use_price=True, only_test=True, test_benchmark=True, no_cus=False, change_T=True, num='0', print_grad=False, max_norm=10, seed_range=20, net_seed=47, info=True, selling_length=200, cardinality=4, ini_inv=2, num_products=57, number_samples=10000, num_cus_types=4, seg_prob=[0.25, 0.256, 0.244, 0.25], num_cus_features=4, p_file='../Gene_databeta/save/expedia_prop_features.npy')
2022-12-17 18:37:58,744 Train INFO: log/A2C2022-12-17-18-37-58
2022-12-17 18:38:01,243 Train INFO: products price: [142.19711247 151.98599171 102.64709491 178.20763238 141.29402938
 126.70564929 113.29384155 110.89915292 139.93040185 104.78139591
 215.35799721  88.30556835 168.52134943 208.55338737 118.30113621
 200.79038063  98.29018954 106.42409558 230.43245826 181.61673989
 216.62308194 111.69995734 205.43402531  77.75741491  97.80493605
  74.52117468 204.93956053  75.80048576  92.69885696  69.67685107
  74.58481392  69.59005217  99.66155186 162.8603774  237.29112377
 122.2126781  169.00415941  79.00614196 148.2546165  149.00459998
  89.00592168  71.00631819  74.0062521  138.67149427  62.00651644
  59.00658253 117.00530489  43.00693498 109.00548111  73.00627413
 164.00426956  59.00658253 139.00482026  79.33946795 112.00541503
 159.0043797  109.00548111]
2022-12-17 18:38:01,243 Train INFO: Load Factor 1.7543859649122806
2022-12-17 18:38:01,243 Train INFO: test seed: 0************************************
2022-12-17 19:00:21,284 Train INFO: mean test reward1: [0.0, 0.0, 0.0, 0.0, 0.0, 0.0, 0.0, 0.0, 0.0, 0.0, 0.0, 0.0, 0.0, 0.0, 0.0, 0.0, 0.0, 0.0, 0.0, 0.0, 0.0, 0.0, 0.0, 0.0, 0.0, 0.0, 0.0, 0.0, 0.0, 0.0, 0.0, 0.0, 0.0, 0.0, 0.0, 0.0, 0.0, 0.0, 0.0, 0.0, 0.0, 0.0, 0.0, 0.0, 0.0, 0.0, 0.0, 0.0, 0.0, 0.0]
2022-12-17 19:00:21,285 Train INFO: mean test reward2: [15.016829891512296, 13.291363360902585, 14.73083643406933, 14.22691364035203, 15.603503374017928, 17.88202440317655, 18.014183193995887, 16.476021261660968, 13.944438692771595, 19.11056048011911, 19.380604674994977, 16.293610415101863, 13.209234902168951, 15.337268040113488, 11.294616409180597, 16.457972208356132, 12.996175967039909, 16.10784550823639, 15.939015273118782, 15.6012247877567, 11.391136339437598, 14.17784830450414, 16.14623776196695, 19.623073382480126, 15.561043469514454, 15.27278323715234, 18.836773069553452, 16.633942822564432, 21.221155987822613, 14.069770362757936, 16.650882627484314, 14.119865686296649, 16.921513931568548, 17.56854780650594, 14.801786747679287, 15.090323103580795, 14.778861598765635, 16.39806322114144, 26.302426776966854, 16.52314243894065, 17.320477915424412, 10.622456391865779, 20.930602672262157, 19.14072697303863, 14.21482230080183, 18.65528353370279, 16.837674085804377, 17.3897369671102, 13.09718729574131, 11.106861934134958]
2022-12-17 19:00:21,285 Train INFO: mean test reward3: [14.102105801587689, 15.437824690896994, 24.04965378301258, 22.396613546022373, 12.476073681066834, 17.10277799409701, 20.867635620719952, 22.276770804934287, 21.722941549751983, 25.748955642287832, 19.695352268374442, 16.651056306860447, 20.320608184152505, 21.87168035214897, 15.952095392774915, 22.388893871399542, 19.283611983995392, 14.6100510798531, 20.084545984593124, 20.81897842735262, 21.952539574294974, 19.876701506381867, 17.4322567731311, 17.309458412423588, 18.957831425324063, 19.106877863886293, 19.583042572043684, 19.56221729784838, 21.12665735224442, 23.47576146049883, 20.067194912864803, 20.46662334613372, 17.432256773131098, 22.175991349403997, 23.161322021023775, 17.65743544165799, 18.402458441562548, 22.63638882715038, 27.626560353150015, 19.02442797603263, 22.012580346636017, 22.206120139539433, 23.185737198194044, 10.505780028621134, 18.36185486398173, 16.20972443960881, 16.672615467314568, 17.32891656396781, 19.715037743471285, 22.309668714382745]
2022-12-17 19:00:21,285 Train INFO: mean test reward4: [21.470112153626594, 18.245133506193547, 17.502702767290756, 15.21028121481072, 19.13121892328365, 18.518438559799158, 24.85258883300238, 15.363798533646118, 18.47988570681172, 20.853870877080734, 17.433647368071682, 20.46136322415011, 20.847678342824334, 21.008995115848446, 19.704894178648473, 15.329367641913013, 20.511381552909285, 19.66634132566104, 20.415879741022678, 20.759126591252382, 22.89866229854809, 18.959871178743914, 18.432300858141385, 20.902815273269532, 17.777496239761582, 20.475548495512506, 17.773415559894598, 13.72055008782017, 17.68894448818964, 23.53562600707985, 18.95987117874391, 18.83347498635604, 21.613800835643733, 24.0851179173974, 17.68894448818964, 21.06269754203753, 20.920443364276498, 19.574318172181226, 21.915625452438338, 19.080503877536472, 21.915625452438334, 13.26389563739841, 15.607184740522545, 21.470112153626587, 22.485356305778698, 19.522652643643898, 18.9639518586109, 14.991275232131546, 20.27974314078039, 18.82373457850162]
2022-12-17 19:00:21,285 Train INFO: mean test reward: 0.0000,16.0464,19.6680,19.3798
2022-12-17 19:00:21,286 Train INFO: test seed: 1************************************
2022-12-17 19:22:58,473 Train INFO: mean test reward1: [0.0, 0.0, 0.0, 0.0, 0.0, 0.0, 0.0, 0.0, 0.0, 0.0, 0.0, 0.0, 0.0, 0.0, 0.0, 0.0, 0.0, 0.0, 0.0, 0.0, 0.0, 0.0, 0.0, 0.0, 0.0, 0.0, 0.0, 0.0, 0.0, 0.0, 0.0, 0.0, 0.0, 0.0, 0.0, 0.0, 0.0, 0.0, 0.0, 0.0, 0.0, 0.0, 0.0, 0.0, 0.0, 0.0, 0.0, 0.0, 0.0, 0.0]
2022-12-17 19:22:58,474 Train INFO: mean test reward2: [15.530741720352767, 22.230485751572115, 16.769734450673248, 15.491604573822407, 16.36462559349383, 13.546522960154432, 13.9929779505026, 15.234555824165387, 18.4784981181605, 14.71604423803518, 18.041008986734383, 20.945854762403062, 18.632445915900725, 14.406043955709738, 16.291230521491627, 17.042329009459554, 21.756880287345794, 15.018081264042156, 15.103229696763465, 16.046966145287662, 19.708718089825272, 14.727349432444816, 17.038601893296505, 19.21552576884806, 16.178353585898122, 12.065813599380444, 24.601366309725627, 13.522219356780818, 15.996283714540239, 16.731026354601816, 15.52979606639292, 15.076661778240094, 15.250045197005175, 14.98361798317054, 16.559834055366554, 20.263299991316316, 16.120131351352008, 12.986247479234175, 15.22755467621313, 17.365052500412837, 20.570415086312433, 14.619165088675901, 17.918559943488706, 18.88061349815685, 15.408922708584317, 20.322978004950233, 19.784218030806844, 21.313186088840144, 14.03055842544776, 18.613287676555057]
2022-12-17 19:22:58,474 Train INFO: mean test reward3: [20.468207187451036, 12.311639099556608, 21.04480590986176, 28.031178738075656, 21.418630552496968, 22.190898308062433, 16.937615767933227, 19.692669931990277, 22.957708106688152, 15.8728151836591, 20.759593224192454, 15.680854638428992, 19.406410344702902, 23.5423339476946, 19.48314661959138, 25.906032755225553, 19.47568923179564, 10.586840899129312, 21.04480590986176, 30.714015515667366, 18.21191463292433, 19.475689231795638, 21.22655330469672, 24.169886734436073, 30.0567968473734, 17.989701132129714, 16.32253742917026, 24.064560741671023, 23.542333947694594, 21.19277189217027, 9.519897259679524, 6.951048855054542, 14.537212996919934, 20.453300228792596, 24.067267141567992, 17.349806885277438, 19.293496603448332, 11.250803028525693, 20.96573523160476, 7.290674703998034, 20.29744850658868, 23.728895563546754, 9.519897259679524, 19.106877863886286, 22.889583926974087, 15.98125938977393, 19.10687786388629, 18.95336054505089, 20.240397706797044, 22.250283511222587]
2022-12-17 19:22:58,474 Train INFO: mean test reward4: [21.613800835643733, 17.05867788734423, 17.47421826010193, 14.618775533741555, 18.95987117874391, 16.237451341367958, 23.90665934806384, 15.033425798487478, 19.522652643643895, 20.427345216794414, 16.237451341367954, 10.228233875824943, 18.309508555147882, 13.528472840019921, 19.425068896389043, 17.08005808852737, 17.181909878825433, 20.465878639607183, 22.656567772475903, 15.645945660298786, 19.513620647960987, 25.714583777823172, 23.378647770480278, 18.141793297030258, 19.51362064796099, 21.222367115283486, 18.518438559799154, 23.290096018908336, 19.224908706716285, 23.177034217942463, 20.529009643916257, 18.531551235349053, 20.37732688803524, 22.16511682477197, 18.51843855979916, 21.702352587215675, 19.704894178648473, 23.192512271653484, 25.014082485059024, 18.48396638667871, 20.220090794878114, 21.454131262397773, 20.411364325565597, 19.35959194409351, 18.518438559799158, 24.526645759159813, 22.16511682477197, 19.425068896389046, 18.38230195955687, 22.265134052115663]
2022-12-17 19:22:58,475 Train INFO: mean test reward: 0.0000,16.9250,19.3507,19.6451
2022-12-17 19:22:58,475 Train INFO: test seed: 2************************************
2022-12-17 19:46:30,369 Train INFO: mean test reward1: [0.0, 0.0, 0.0, 0.0, 0.0, 0.0, 0.0, 0.0, 0.0, 0.0, 0.0, 0.0, 0.0, 0.0, 0.0, 0.0, 0.0, 0.0, 0.0, 0.0, 0.0, 0.0, 0.0, 0.0, 0.0, 0.0, 0.0, 0.0, 0.0, 0.0, 0.0, 0.0, 0.0, 0.0, 0.0, 0.0, 0.0, 0.0, 0.0, 0.0, 0.0, 0.0, 0.0, 0.0, 0.0, 0.0, 0.0, 0.0, 0.0, 0.0]
2022-12-17 19:46:30,369 Train INFO: mean test reward2: [16.407456695354306, 18.028157564335174, 20.043639131681484, 12.027681879924337, 18.398658734479017, 15.292275043950452, 14.173956998856058, 13.459185823080754, 11.144300794265003, 17.95830644813912, 18.94444738682724, 20.11052560469381, 12.878053535755408, 17.47812687803324, 15.935246980607918, 17.094662275912288, 14.828480110540069, 10.036124458607723, 20.891773851948646, 14.659842788287818, 16.70854992537986, 17.501001896867486, 18.454436268304335, 16.78139335464008, 19.673149004632148, 19.454844867812835, 22.330809858370063, 18.55502302097234, 13.664904692502542, 20.320426205360853, 18.716052681572062, 17.80441648766608, 19.962290753098497, 19.44707999818486, 17.22997666243683, 15.627559691735627, 18.642061255102956, 18.142908074435724, 26.239262090055472, 18.426689741862262, 17.268899238931468, 12.107348760168275, 11.236210334264603, 14.875857900593008, 12.951061154039516, 11.625278255217854, 12.428443376556652, 19.76356994024061, 15.300937179489589, 17.49778925548201]
2022-12-17 19:46:30,370 Train INFO: mean test reward3: [15.097328330353628, 19.708277228888033, 23.212987549561102, 26.77612576884506, 20.812217912769363, 17.472605245984948, 20.107705662156953, 21.799677824640465, 13.123864040226977, 30.86511878458859, 24.980714418966386, 18.365969887834808, 18.469310096998093, 19.55242550668412, 16.65348353851764, 27.775809628942195, 23.5423339476946, 19.921179750883585, 15.284524203959363, 9.396954477155468, 16.872297551659713, 18.432922294963465, 22.0224740305686, 17.847800994001567, 29.214190100213987, 24.269971593435216, 19.137596822014174, 20.074652300660542, 20.36672739368142, 27.020147713422407, 21.658777830153422, 24.822917345539526, 18.392573822109618, 24.067267141567996, 22.19089830806243, 21.375940851884252, 12.494142815265572, 8.372256674522035, 17.32891656396781, 22.884255779429665, 22.523475085895807, 22.889583926974087, 17.198078110331043, 13.668103888359, 23.238058295912257, 23.49239983933638, 12.170627182833812, 25.839460268029786, 23.378933431549434, 21.655333573442437]
2022-12-17 19:46:30,370 Train INFO: mean test reward4: [23.290096018908336, 15.658850269059874, 16.7419656787459, 15.645945660298786, 18.959871178743914, 20.90281527326953, 18.568437458383666, 17.675831812639746, 19.704894178648473, 20.427345216794414, 16.86941254030664, 15.744353193885871, 19.716359654420213, 18.48564216872016, 15.579373173103022, 18.47988570681172, 21.81396102531649, 13.003539646146521, 25.183710766671616, 21.222367115283486, 20.31767454213297, 22.31513295070017, 24.8146491693688, 17.312873104120992, 20.087437756971866, 25.081141523738108, 17.610354860344213, 15.847693403049158, 17.195846340707554, 28.03746455901105, 18.470853711128818, 21.22236711528349, 19.50328062611066, 22.720203729214525, 22.898662298548093, 25.244778292619507, 24.459586720480726, 23.433879923743124, 29.07978102101746, 23.081166014257057, 25.16334358133792, 23.290096018908333, 21.354076529032536, 22.89866229854809, 27.941613040102872, 22.05605555138868, 13.472988669700044, 15.154335931681928, 18.382301959556873, 21.22236711528349]
2022-12-17 19:46:30,370 Train INFO: mean test reward: 0.0000,16.7706,20.3564,20.4669
2022-12-17 19:46:30,371 Train INFO: test seed: 3************************************
2022-12-17 20:07:06,704 Train INFO: mean test reward1: [0.0, 0.0, 0.0, 0.0, 0.0, 0.0, 0.0, 0.0, 0.0, 0.0, 0.0, 0.0, 0.0, 0.0, 0.0, 0.0, 0.0, 0.0, 0.0, 0.0, 0.0, 0.0, 0.0, 0.0, 0.0, 0.0, 0.0, 0.0, 0.0, 0.0, 0.0, 0.0, 0.0, 0.0, 0.0, 0.0, 0.0, 0.0, 0.0, 0.0, 0.0, 0.0, 0.0, 0.0, 0.0, 0.0, 0.0, 0.0, 0.0, 0.0]
2022-12-17 20:07:06,704 Train INFO: mean test reward2: [14.797060025039613, 12.871743022629017, 19.97922436514695, 15.848117259392266, 13.689540548633497, 15.719468825809402, 15.825648082679098, 15.019137782335967, 15.002341212998143, 18.14332808848817, 16.56739994579811, 17.520477165716162, 11.541967005062991, 16.132300214331046, 18.34191238924935, 12.705801432810668, 15.765081124361455, 17.69324709509564, 15.014792639291334, 11.572973781429411, 13.679766963942601, 13.736109486143382, 13.94778394707926, 17.335385801000307, 13.082110319359868, 20.631675383155283, 17.34354943694737, 13.363886563973484, 13.526797703067231, 18.56170752217537, 13.297665699454, 11.39995559974133, 13.376329916698053, 12.687515414299286, 17.167663215647657, 17.600158483500383, 17.753545614851486, 14.437089446843547, 14.3667899813207, 19.175375608504268, 17.534446954742975, 21.464367354334264, 17.71555594820751, 17.51877804053288, 16.302266034276848, 15.334275829259754, 19.31414253329009, 16.811708880057296, 18.018685995049363, 15.776862851606182]
2022-12-17 20:07:06,704 Train INFO: mean test reward3: [20.151433344607458, 17.701070295819825, 17.252491376440986, 29.465291166304233, 18.917227847743238, 21.74279922783972, 23.069598672945748, 16.956047295915265, 21.967608809391706, 22.866642420874253, 17.219901014668547, 20.66615798172971, 20.44774889226571, 18.25283931468247, 16.5014819490388, 22.17599134940399, 26.881537353245452, 18.192062525926417, 22.16365355240153, 23.37390967020076, 23.640203545206596, 21.926645130348124, 20.44774889226571, 21.97157630460128, 25.373912277316546, 18.432922294963465, 20.028634983899952, 25.032379947503713, 21.131435868682818, 13.491769294793412, 14.680863406107864, 12.435725208212983, 18.392573822109615, 17.285281709805975, 26.188179881878217, 18.98407950317878, 22.493035296007697, 16.42587763833355, 16.362885902024114, 17.70107029581982, 22.99530651112715, 21.6957203191255, 23.176228979682215, 16.51461467697051, 17.511420279676777, 24.6368312032904, 26.933202881782783, 21.65533357344244, 19.65474869079362, 20.472322211304107]
2022-12-17 20:07:06,704 Train INFO: mean test reward4: [23.73162386067074, 12.885292478324795, 18.382301959556873, 13.32672509726955, 19.31346045828823, 18.518438559799154, 17.637278959652313, 11.781016507216528, 21.50413016098228, 22.24732908207616, 20.97866120592266, 11.823691460034455, 16.23745134136795, 24.95833785138595, 19.574318172181226, 16.690300150208568, 21.054544048215924, 18.53564106730467, 22.558984025221054, 17.339535022724696, 16.23745134136795, 21.458646677854848, 17.675831812639746, 19.503280626110655, 17.777496239761586, 23.25223214791774, 19.17732385804594, 16.237451341367954, 25.59761183290694, 19.428424924136188, 20.690567694725704, 24.651587125150748, 20.37732688803524, 21.222367115283486, 20.411364325565604, 20.538731110829367, 19.70489417864847, 20.427345216794418, 22.898662298548096, 23.042350980565235, 16.237451341367954, 20.76077379103054, 20.411364325565597, 20.902815273269532, 17.084326131570577, 16.930808812735187, 20.47119186096836, 12.940868191791033, 21.422527304956247, 18.68340192423163]
2022-12-17 20:07:06,704 Train INFO: mean test reward: 0.0000,15.8403,20.4728,19.3047
2022-12-17 20:07:06,705 Train INFO: test seed: 4************************************
2022-12-17 20:26:44,945 Train INFO: mean test reward1: [0.0, 0.0, 0.0, 0.0, 0.0, 0.0, 0.0, 0.0, 0.0, 0.0, 0.0, 0.0, 0.0, 0.0, 0.0, 0.0, 0.0, 0.0, 0.0, 0.0, 0.0, 0.0, 0.0, 0.0, 0.0, 0.0, 0.0, 0.0, 0.0, 0.0, 0.0, 0.0, 0.0, 0.0, 0.0, 0.0, 0.0, 0.0, 0.0, 0.0, 0.0, 0.0, 0.0, 0.0, 0.0, 0.0, 0.0, 0.0, 0.0, 0.0]
2022-12-17 20:26:44,945 Train INFO: mean test reward2: [12.947406813518405, 18.625076422323694, 14.851235197664879, 17.220874438194027, 16.691416853093227, 15.298936524744938, 11.268604803167381, 14.589848828165454, 17.255248597357024, 17.51508447590537, 15.592997755607684, 18.737459641039116, 19.452974888406057, 23.282941531977407, 16.20817026715217, 14.791419768939226, 18.713972867984243, 12.423812854293221, 12.83046591725792, 12.475327770835733, 17.218907340469084, 15.172783218003216, 14.372890089933897, 18.798643961962757, 17.753935546434015, 17.912962131049397, 21.17378180578021, 18.300688265054994, 20.087503251410737, 12.208865329538414, 18.98188722143227, 12.816817464603764, 21.40030051981613, 11.875218044639896, 12.827468849619482, 17.509756495585503, 13.949630829016234, 14.059116904726649, 17.974378655433178, 16.71352748055462, 12.043273775969377, 12.569841985137085, 19.083487239541856, 20.234468122430787, 16.31125688604501, 14.92327020372827, 12.332130070244135, 17.509720163366918, 13.956588672370696, 15.476348952665292]
2022-12-17 20:26:44,945 Train INFO: mean test reward3: [21.763545127332804, 19.484825453779017, 20.453300228792592, 22.4482790745597, 20.408821984290874, 24.104025711446877, 21.28752234917419, 15.684815309248211, 17.36358969668569, 16.09324014056472, 20.361211761733326, 16.730219813406123, 17.701070295819825, 20.05014937529564, 22.12161942096969, 22.300125333667758, 18.392573822109615, 10.93909266040467, 18.14317368190667, 22.050739811146958, 25.89112579656711, 17.46778542551494, 19.287669884138587, 21.88107167885933, 23.053293700355702, 20.701167181071877, 21.048920933714832, 13.357082801683127, 22.478092991876576, 20.128530936352256, 18.66138734479834, 21.12665735224442, 11.690702208308423, 19.92529477473666, 22.081859233728753, 22.250283511222584, 21.380070623532117, 21.361196169664108, 19.4064103447029, 18.432922294963465, 21.876458868587378, 21.73995192511799, 21.576926387770765, 16.51461467697051, 20.592738197021852, 8.619285565702464, 12.293569965357868, 17.474931725949027, 22.022474030568596, 22.579944782174643]
2022-12-17 20:26:44,945 Train INFO: mean test reward4: [27.446584533120873, 18.518438559799158, 20.62750540646718, 6.34224253168924, 18.912286330073574, 15.154335931681928, 16.237451341367954, 15.740577986627569, 21.42009382486741, 18.464978748153285, 19.425068896389043, 16.930808812735183, 17.03589471684421, 26.194887591637425, 20.9204433642765, 17.080058088527363, 20.267675643548458, 12.775730165492535, 20.855230424599192, 22.31513295070017, 14.678160736901711, 22.58362587199121, 17.43532315011313, 19.22490870671628, 20.27219105900553, 21.61380083564373, 19.66634132566104, 22.656567772475906, 19.224908706716285, 21.9455822101017, 15.949357830171, 22.24732908207616, 16.930808812735187, 18.269240158591, 22.247329082076163, 23.253843531206392, 20.4113643255656, 19.704894178648473, 21.50864557643936, 16.494220640402798, 15.210281214810724, 18.38230195955687, 24.576644657744318, 22.297327980660672, 24.526645759159813, 12.900199436983232, 18.382301959556873, 18.620102986920998, 21.074765039269458, 21.702352587215675]
2022-12-17 20:26:44,945 Train INFO: mean test reward: 0.0000,16.1265,19.4957,19.3331
2022-12-17 20:26:44,946 Train INFO: test seed: 5************************************
2022-12-17 20:48:20,096 Train INFO: mean test reward1: [0.0, 0.0, 0.0, 0.0, 0.0, 0.0, 0.0, 0.0, 0.0, 0.0, 0.0, 0.0, 0.0, 0.0, 0.0, 0.0, 0.0, 0.0, 0.0, 0.0, 0.0, 0.0, 0.0, 0.0, 0.0, 0.0, 0.0, 0.0, 0.0, 0.0, 0.0, 0.0, 0.0, 0.0, 0.0, 0.0, 0.0, 0.0, 0.0, 0.0, 0.0, 0.0, 0.0, 0.0, 0.0, 0.0, 0.0, 0.0, 0.0, 0.0]
2022-12-17 20:48:20,096 Train INFO: mean test reward2: [18.810322479344524, 17.60309206658775, 18.33161301784713, 18.297661497267914, 17.72587866756772, 16.98444242766766, 14.841527156339248, 18.23185204199472, 18.888644634920094, 22.41763036904914, 17.56603595253827, 18.494366775362213, 18.582080011090326, 18.211368045898134, 18.283935916375597, 19.584156558843347, 17.580800259349306, 16.79624914160726, 13.901019177059041, 15.073583131189945, 14.56292106863323, 14.669648438527387, 17.339722383546583, 19.01344303780858, 11.969995247905906, 13.21742656678098, 14.380266817392425, 14.775506234498467, 15.719519982573955, 13.576006825431076, 11.1318701673681, 12.646165602507843, 11.656168722671453, 17.232708466452422, 18.475323213507643, 16.29420201526891, 14.470562882308544, 15.483935377829788, 17.151218224007835, 20.576508546233338, 17.49118733807762, 17.409381423567574, 21.727514444312455, 21.157760707651466, 17.485815327498212, 19.372431618872128, 19.365200041990583, 12.61743351394798, 9.42722593125399, 18.87825406340735]
2022-12-17 20:48:20,096 Train INFO: mean test reward3: [23.06483380866916, 19.552425506684116, 22.96301419830477, 23.62927877933423, 17.913275944602887, 24.732847466687105, 21.93053798013093, 17.198078110331043, 19.76945097593719, 18.268798800814896, 15.614002982993451, 18.24651389106996, 16.49515652542629, 23.22311599178114, 21.226553304696722, 28.311902624195476, 22.418707788716425, 20.3206081841525, 18.99153689097452, 21.871680352148978, 26.31724309994011, 24.631304953501445, 22.695774030310538, 22.294761755724313, 24.704670177717798, 22.29079426051474, 18.79200225537853, 27.493662502289524, 24.133839628763763, 25.67407189033362, 20.958233074750584, 26.18817988187822, 12.755748483795708, 21.41863055249697, 23.342790247618964, 23.045492772887883, 20.56075546180896, 11.472121777926485, 21.13143586868282, 18.872699201086235, 20.88895418765784, 23.15796005194592, 22.290794260514733, 17.567410655072166, 22.052602820704042, 22.039112409406155, 21.589005650318096, 23.25839529488344, 22.782403989131595, 21.22880791315612]
2022-12-17 20:48:20,096 Train INFO: mean test reward4: [17.29918654987085, 24.326400709192985, 25.15615978378752, 11.23218577896529, 17.474218260101928, 21.420093824867415, 21.566215986973393, 14.678160736901715, 17.777496239761586, 19.224908706716285, 18.959871178743914, 17.541267331826436, 17.675831812639746, 19.56875757840619, 21.81396102531649, 16.237451341367954, 22.16511682477197, 18.581550133933565, 25.59761183290694, 20.427345216794414, 17.738943386774153, 21.813961025316498, 27.237654528469594, 20.363779476895257, 15.154335931681926, 20.759126591252386, 8.44373032039619, 17.78652823544449, 22.656567772475903, 23.747184288528867, 16.23745134136795, 21.613800835643733, 21.1223498879398, 20.36377947689526, 21.024766140684946, 25.647610731491454, 21.927022212159535, 24.70325265368808, 22.960138723261046, 22.047246637223548, 20.71154174258205, 21.571776580748427, 18.58322591597501, 23.04235098056523, 21.06269754203753, 22.265134052115666, 16.39096866020335, 20.747661115480646, 19.17732385804594, 19.985893167674995]
2022-12-17 20:48:20,097 Train INFO: mean test reward: 0.0000,16.7096,21.4274,20.1122
2022-12-17 20:48:20,097 Train INFO: test seed: 6************************************
2022-12-17 21:09:16,680 Train INFO: mean test reward1: [0.0, 0.0, 0.0, 0.0, 0.0, 0.0, 0.0, 0.0, 0.0, 0.0, 0.0, 0.0, 0.0, 0.0, 0.0, 0.0, 0.0, 0.0, 0.0, 0.0, 0.0, 0.0, 0.0, 0.0, 0.0, 0.0, 0.0, 0.0, 0.0, 0.0, 0.0, 0.0, 0.0, 0.0, 0.0, 0.0, 0.0, 0.0, 0.0, 0.0, 0.0, 0.0, 0.0, 0.0, 0.0, 0.0, 0.0, 0.0, 0.0, 0.0]
2022-12-17 21:09:16,680 Train INFO: mean test reward2: [19.864467518260472, 21.086738702199437, 14.011400353338452, 22.582456656297026, 18.57437715536017, 20.425516189937028, 11.100608789374661, 22.606572156698398, 18.264043772806712, 14.62599141511825, 23.055052625705763, 19.103721574289267, 17.452164961741424, 16.59743538255598, 21.33386747983293, 16.374381129847652, 16.45362716341007, 9.716530988701205, 16.59751498890557, 19.685453446599713, 17.9537644162839, 19.55511303315338, 15.118022685590411, 15.08550928657778, 17.518894161175687, 19.881201218020546, 20.11395037671987, 15.060666009472198, 13.99075987400697, 15.257451757051081, 14.713070496928657, 15.567505761584545, 20.074654260447307, 18.749698693377148, 16.527253907837125, 21.237247889696537, 12.566950324251211, 16.209874083655958, 19.629052546163507, 18.67397537137163, 17.10158417639995, 14.516704462599153, 18.960487816945655, 16.2507078476375, 13.515335913081422, 22.353303521818695, 15.21378489965619, 16.429796941586613, 21.68812145076281, 12.61273067756957]
2022-12-17 21:09:16,680 Train INFO: mean test reward3: [17.56741065507217, 28.371583353054575, 24.812290141472555, 28.724536209442885, 18.878412814051412, 22.175991349403994, 18.79200225537853, 18.83235072823238, 28.421582251639087, 22.659468709805083, 22.351763304992204, 17.65500821000079, 19.196014429066764, 26.562319397331997, 19.329629300755986, 27.626560353150012, 20.635047623627557, 18.143218450965108, 21.703256074655144, 22.772510305199017, 21.578714931659764, 22.221027098197876, 24.540770218886856, 11.307687196416257, 23.74602403952247, 22.950828266625432, 23.350571572712916, 17.405652838856287, 23.5423339476946, 22.50369678251029, 18.35882358740072, 25.86896192596477, 14.789816476543214, 19.176156750979022, 20.898847871590423, 23.535146663658985, 19.214333096902656, 14.46521907170364, 19.915466137918408, 19.323960456849242, 22.995306511127154, 17.47260524598495, 22.61397971163776, 16.65258974602247, 26.983389143543523, 12.494142815265576, 21.018522127428252, 24.38202145386161, 19.024590252470926, 21.12321309553343]
2022-12-17 21:09:16,680 Train INFO: mean test reward4: [22.165116824771975, 15.847693403049158, 17.68894448818964, 20.902815273269532, 16.170878854172184, 10.149070369279265, 15.74435319388587, 19.11184690575041, 24.085117917397405, 28.486265919154413, 17.38198183953435, 16.930808812735187, 18.47988570681172, 26.44263262998053, 19.666341325661033, 16.690300150208568, 20.90281527326953, 16.237451341367954, 22.99235208198072, 21.47011215362659, 14.28729055669734, 19.955053266905743, 22.117531976101635, 19.22490870671628, 14.450351256247723, 20.220090794878114, 24.905159177351376, 20.9204433642765, 23.290096018908336, 15.014389068181172, 18.439537233957868, 22.407211350844165, 20.377326888035242, 20.379760368124074, 23.290096018908336, 24.367714653093042, 16.930808812735183, 19.718006854198368, 25.019654899320777, 23.042350980565235, 20.411364325565597, 16.769463656754247, 17.888380025742553, 24.399757495545924, 18.38230195955687, 17.396770297125695, 18.43230085814138, 19.01153670728124, 21.566215986973393, 21.917371786428873]
2022-12-17 21:09:16,680 Train INFO: mean test reward: 0.0000,17.4328,21.1733,19.8416
2022-12-17 21:09:16,681 Train INFO: test seed: 7************************************
2022-12-17 21:28:58,514 Train INFO: mean test reward1: [0.0, 0.0, 0.0, 0.0, 0.0, 0.0, 0.0, 0.0, 0.0, 0.0, 0.0, 0.0, 0.0, 0.0, 0.0, 0.0, 0.0, 0.0, 0.0, 0.0, 0.0, 0.0, 0.0, 0.0, 0.0, 0.0, 0.0, 0.0, 0.0, 0.0, 0.0, 0.0, 0.0, 0.0, 0.0, 0.0, 0.0, 0.0, 0.0, 0.0, 0.0, 0.0, 0.0, 0.0, 0.0, 0.0, 0.0, 0.0, 0.0, 0.0]
2022-12-17 21:28:58,515 Train INFO: mean test reward2: [16.678983806271635, 16.18796772262476, 18.508583439949632, 15.233159256017448, 15.876996228201863, 13.069747472827473, 12.543558116017566, 17.255949780935328, 16.32486865750651, 18.91456463288155, 13.172408811351145, 18.55454103039485, 15.316529487830584, 16.522234445417887, 18.517178842748915, 20.87339765216032, 13.609199644366491, 15.704267959160564, 16.091323371271272, 20.992174341932063, 13.968898783937462, 17.07717607663215, 21.871325580491384, 14.198185626175828, 15.76829485583499, 16.254133964232835, 18.45240625921901, 14.2551031312288, 11.616046045817322, 16.204418677149096, 13.21580047129346, 10.693456777958332, 16.078766160450535, 14.996849508391815, 15.439638340355941, 23.23692068387424, 14.337539328722167, 13.143795334210012, 20.453561933196585, 16.50355438791143, 15.315065455002118, 16.129744691322276, 19.821617500578327, 23.09242968572217, 16.289645553051663, 17.613302323590972, 21.994170790557224, 16.781710727192475, 12.599917437783, 17.560045832139018]
2022-12-17 21:28:58,515 Train INFO: mean test reward3: [20.107798490445628, 21.703256074655148, 18.325722166674073, 26.44231311365506, 18.47173732865529, 23.51252003037772, 20.25247696934437, 17.847085457801047, 27.67822588168734, 23.8459243286544, 20.833947036482176, 19.56221729784838, 17.989701132129714, 22.418707788716425, 19.805838777971818, 26.933202881782783, 23.050724219077736, 15.95281092897544, 22.275887301856297, 24.841791799407535, 27.096668188154236, 18.059291106584105, 23.035817260419297, 20.10779849044563, 19.927940265466837, 22.124325820866666, 22.131701056173927, 21.791810907911167, 22.418707788716425, 20.900772746025392, 19.954281171610237, 25.428249923315224, 16.432203061946062, 22.857011023768763, 24.057723760853005, 18.392573822109615, 17.24017952533085, 14.608907753720779, 25.262861545619057, 16.49911719624551, 17.359691504730378, 15.429784597967737, 23.210848970650378, 21.48045986872701, 29.53090230881232, 16.6179548861338, 14.433872787756645, 23.616940982331762, 20.718989646611636, 19.295582994676092]
2022-12-17 21:28:58,515 Train INFO: mean test reward4: [28.7655134111684, 13.737407866805903, 15.899358931586487, 13.010147078883772, 24.461059889824487, 19.666341325661037, 23.290096018908333, 15.581292494335486, 20.356227395120403, 23.48387882232764, 18.028597305851832, 16.698660584667024, 16.02272511328024, 18.38230195955687, 23.859820794754718, 15.154335931681928, 18.97725189733702, 23.34009491749285, 24.995531219658304, 13.727737371855781, 18.382301959556873, 19.526733323510882, 17.541267331826436, 23.88737177763882, 18.141793297030254, 21.078678433266344, 9.526845730082217, 24.135116815981917, 20.267675643548458, 21.97120658155991, 20.369340070670297, 18.992760478648123, 17.68894448818964, 21.470112153626587, 21.35654751514292, 20.05874563889718, 19.90841039606838, 20.411364325565604, 21.917371786428873, 20.51302875268744, 20.037558696212326, 21.471759353404742, 23.03826638930351, 19.22490870671628, 17.63727895965231, 20.233638206018096, 17.777496239761586, 20.267675643548458, 18.862287431489058, 18.479885706811718]
2022-12-17 21:28:58,516 Train INFO: mean test reward: 0.0000,16.4982,21.0375,19.6323
2022-12-17 21:28:58,516 Train INFO: test seed: 8************************************
2022-12-17 21:47:13,348 Train INFO: mean test reward1: [0.0, 0.0, 0.0, 0.0, 0.0, 0.0, 0.0, 0.0, 0.0, 0.0, 0.0, 0.0, 0.0, 0.0, 0.0, 0.0, 0.0, 0.0, 0.0, 0.0, 0.0, 0.0, 0.0, 0.0, 0.0, 0.0, 0.0, 0.0, 0.0, 0.0, 0.0, 0.0, 0.0, 0.0, 0.0, 0.0, 0.0, 0.0, 0.0, 0.0, 0.0, 0.0, 0.0, 0.0, 0.0, 0.0, 0.0, 0.0, 0.0, 0.0]
2022-12-17 21:47:13,348 Train INFO: mean test reward2: [19.82130310850116, 16.4571117029179, 14.379853005570835, 13.331768711611444, 15.464869526930002, 16.233739217861274, 18.76468160074891, 14.000101289477401, 14.30911086431414, 11.694025318314797, 18.303342708602532, 18.677933983327176, 16.577006729110273, 20.634321581745077, 17.27116575099978, 18.287957640264533, 16.090855457745935, 14.078012898838004, 10.426907033734292, 14.675522329126764, 13.945872948556056, 12.027554027872062, 19.969377549854652, 18.579727050943305, 14.665049693688331, 12.220937712348183, 17.494648463356846, 15.918701270208345, 13.576435625666404, 14.833902254462128, 12.248480461900042, 9.356751342385929, 14.244209279706364, 12.258574753296232, 19.87202163934335, 21.17107899153032, 11.853742800453842, 13.433273340324124, 13.221474470092629, 14.13854143366588, 16.58645683247481, 10.849188705358008, 17.753205145774444, 22.259614171207694, 15.523611404183645, 12.488608399860684, 13.638047755492769, 19.614498648513425, 14.996203462192504, 16.428839052142433]
2022-12-17 21:47:13,348 Train INFO: mean test reward3: [23.688663982494383, 17.684024758250658, 24.200726988778094, 25.168511912175166, 22.059790104739655, 21.643870871494983, 20.46662334613372, 16.575853471133993, 27.04277434670368, 19.666365871500876, 18.592108457705603, 19.29349660344833, 24.06456074167102, 20.36672739368142, 18.400031209905354, 25.572220100035555, 21.167168101536564, 19.96178332846441, 11.68323020283054, 21.108306136874994, 22.265505342699594, 20.767739668267648, 22.597828898185526, 20.178708046024365, 26.75290754542818, 20.53993018761365, 22.49235566331401, 17.21367634274916, 18.54847360354377, 16.43852848555857, 19.180271774832104, 19.805838777971818, 10.607586798622398, 21.97157630460128, 18.734724132034273, 23.703570941152815, 18.661387344798342, 8.074512737594418, 21.7453506652646, 14.65272603267103, 20.074652300660542, 17.32087647103855, 17.578271935112316, 19.775119819843933, 16.68007285511031, 9.364308565607022, 21.2314246494238, 19.252893025867504, 21.530864301951738, 19.771777455901265]
2022-12-17 21:47:13,348 Train INFO: mean test reward4: [17.825081088431926, 14.505649090127342, 18.382301959556877, 15.926856909594836, 17.637278959652313, 16.58695994104528, 14.85331503200009, 17.637278959652313, 19.522652643643895, 18.479885706811725, 16.692892411210337, 17.888380025742556, 20.3562273951204, 22.40721135084416, 20.759126591252386, 14.071220521995905, 19.22490870671628, 12.342538043928263, 20.70910826249321, 20.233638206018096, 19.224908706716285, 16.930808812735183, 16.982474341272514, 21.222367115283486, 17.675831812639746, 20.411364325565597, 10.320712804948085, 18.382301959556873, 20.878606472557426, 18.72195477721906, 21.573452362789876, 20.730916167579558, 14.404049305653842, 19.935894269090486, 18.531551235349053, 24.085117917397405, 21.963210301108674, 20.611524515238354, 22.898662298548096, 21.206386224054672, 21.945582210101705, 18.53155123534905, 20.4113643255656, 17.080058088527363, 22.758232199597742, 20.3297420393649, 17.976931777314505, 19.935894269090483, 21.91737178642887, 22.253668576343916]
2022-12-17 21:47:13,349 Train INFO: mean test reward: 0.0000,15.4930,19.7184,18.9175
2022-12-17 21:47:13,349 Train INFO: test seed: 9************************************
2022-12-17 22:06:49,045 Train INFO: mean test reward1: [0.0, 0.0, 0.0, 0.0, 0.0, 0.0, 0.0, 0.0, 0.0, 0.0, 0.0, 0.0, 0.0, 0.0, 0.0, 0.0, 0.0, 0.0, 0.0, 0.0, 0.0, 0.0, 0.0, 0.0, 0.0, 0.0, 0.0, 0.0, 0.0, 0.0, 0.0, 0.0, 0.0, 0.0, 0.0, 0.0, 0.0, 0.0, 0.0, 0.0, 0.0, 0.0, 0.0, 0.0, 0.0, 0.0, 0.0, 0.0, 0.0, 0.0]
2022-12-17 22:06:49,046 Train INFO: mean test reward2: [12.39765035130846, 14.786758493509113, 19.563379837059777, 14.954222166587261, 17.88575796750709, 18.281911090003632, 13.493358827073187, 19.2881839039626, 12.187502479690135, 16.98385686100463, 21.179918899772577, 15.640315982087058, 16.99589627737856, 22.810664520380485, 15.156705750775515, 15.010345929446016, 12.640947619454073, 19.69852243234882, 15.729886150312717, 19.902810054963435, 15.554773026304039, 18.181763758230495, 18.126650438092234, 13.657584397116507, 13.417412835272424, 19.132011889606666, 15.068483827153088, 17.327650915196326, 17.36367103367235, 14.446836618769265, 17.424194642875154, 16.91523154238712, 13.649482898863925, 16.14621234294332, 21.565581848035336, 23.05157961263153, 11.433303357181195, 16.345022980640724, 20.109889510347674, 17.45703001839462, 21.05397351466569, 20.592063939249076, 17.50780861891881, 15.976789730489271, 20.684775297457826, 12.902971873894481, 11.59318936315644, 14.88346014733064, 12.003198886287553, 20.097761413735387]
2022-12-17 22:06:49,046 Train INFO: mean test reward3: [18.592108457705603, 18.51537218281712, 17.58069916676951, 30.566432869828002, 15.952095392774917, 20.88895418765784, 20.220712231700197, 18.661387344798335, 18.985868047067772, 20.380814335094094, 15.138509041978143, 17.163398481383936, 22.63638882715038, 21.886587310807414, 23.76295614431298, 21.724730093640986, 17.770349182912565, 22.585491101183063, 19.067141201679767, 29.2641889987985, 19.07074516657863, 21.26341644911633, 21.38484913997052, 9.038116167880917, 26.59939022659278, 24.67135586454989, 24.235691419061826, 17.65743544165799, 24.23569141906183, 20.107798490445628, 22.24309622718698, 24.295076622221988, 17.97770036838123, 20.08960402837742, 25.520554571498224, 22.35213530152066, 14.530887573307425, 12.414979308719897, 25.13119583800411, 20.958233074750584, 19.293496603448332, 22.12161942096969, 15.614002982993451, 10.523849162819873, 23.344653257176052, 21.447606728336982, 21.123213095533433, 15.176430283174797, 24.269971593435216, 23.762956144312977]
2022-12-17 22:06:49,046 Train INFO: mean test reward4: [27.955085421215006, 17.825081088431926, 17.892460705609547, 21.47011215362659, 17.672370899578386, 17.675831812639746, 14.023825595961407, 24.969656000736265, 19.522652643643895, 21.22236711528349, 17.9769317773145, 15.744353193885868, 18.47988570681172, 18.949598839913936, 17.825081088431922, 15.32936764191301, 18.875400107038956, 21.623610042287318, 23.985195912871365, 18.47988570681172, 20.037558696212326, 23.501588569549487, 18.479885706811725, 23.01013762184556, 21.17234878652431, 22.656567772475903, 19.32657313383812, 18.620102986920998, 21.470112153626587, 25.081141523738108, 17.435323150113128, 21.22236711528349, 19.224908706716285, 24.651587125150748, 25.30617590971572, 25.20608288972905, 24.29809306842408, 21.96321030110867, 25.647610731491458, 23.374132355023207, 22.740604108590777, 19.935894269090483, 20.902815273269532, 22.745119524047844, 23.593666969693476, 21.420093824867415, 21.773683104411727, 19.666341325661033, 26.206110518170092, 20.279743140780386]
2022-12-17 22:06:49,046 Train INFO: mean test reward: 0.0000,16.7652,20.4360,20.9690
2022-12-17 22:06:49,046 Train INFO: test seed: 10************************************
2022-12-17 22:24:53,129 Train INFO: mean test reward1: [0.0, 0.0, 0.0, 0.0, 0.0, 0.0, 0.0, 0.0, 0.0, 0.0, 0.0, 0.0, 0.0, 0.0, 0.0, 0.0, 0.0, 0.0, 0.0, 0.0, 0.0, 0.0, 0.0, 0.0, 0.0, 0.0, 0.0, 0.0, 0.0, 0.0, 0.0, 0.0, 0.0, 0.0, 0.0, 0.0, 0.0, 0.0, 0.0, 0.0, 0.0, 0.0, 0.0, 0.0, 0.0, 0.0, 0.0, 0.0, 0.0, 0.0]
2022-12-17 22:24:53,129 Train INFO: mean test reward2: [15.87343683374299, 16.772480190508208, 15.460108980107854, 18.12399517187685, 13.240939550560462, 19.034557574286683, 16.373476520624322, 11.983312909953462, 17.66936681484562, 17.891514142662686, 14.924268031713408, 13.28238328799617, 17.740517360960762, 19.134178055189107, 15.084147192831331, 17.228697405420082, 14.018520435281445, 15.359542646859815, 16.60017534794084, 13.77870010507657, 18.564827471680083, 11.110454117952248, 19.060858149649263, 17.22289912901783, 16.601963173731225, 17.27225769640184, 11.504252100923784, 13.979830314113979, 16.376163694522116, 15.324593849858793, 13.784939788918232, 13.75386992709179, 17.527233992777855, 15.277380870541807, 17.585760551395563, 12.285209110576796, 14.681769711653013, 13.112096059986113, 16.28071547189277, 22.177713607951507, 16.92766961057296, 11.382378676537215, 18.120341561988774, 15.12129941037185, 16.169436191567833, 18.20545162300982, 12.851029638017145, 15.849652439303705, 16.434182615677496, 10.440861773696152]
2022-12-17 22:24:53,129 Train INFO: mean test reward3: [24.980714418966386, 15.62032840660596, 23.98782446678254, 28.486547818902533, 17.321770263533722, 19.049999267085546, 23.17145046324381, 20.75691088780829, 22.482871508314982, 19.999704569661063, 10.121231577566943, 17.655008210000798, 21.68438162078713, 21.49035355265959, 16.766397279772214, 23.680944307871545, 16.45876872339166, 16.01739765817141, 10.666004405674988, 21.653662662659247, 19.177945294868024, 17.467785425514943, 12.57194188475224, 13.713026490469698, 24.433686982398942, 21.299860146176655, 21.90654288966439, 29.187265013330105, 20.898847871590423, 20.29744850658868, 15.762445376631865, 22.089361390582933, 11.690702208308423, 19.475689231795638, 16.95676283211579, 19.47568923179564, 15.421925735193202, 10.407075502439199, 14.909328455942742, 19.475689231795638, 19.04995449802711, 21.221530965491223, 17.2805279981847, 12.437258647375009, 29.907547571581222, 17.511420279676774, 19.7314849656821, 18.51537218281712, 21.22813714601403, 20.36672739368142]
2022-12-17 22:24:53,129 Train INFO: mean test reward4: [16.7419656787459, 17.43532315011313, 18.38230195955687, 17.78652823544449, 16.7677481131848, 17.435323150113128, 19.475067794973555, 14.302197515355779, 23.485627108495336, 21.61380083564373, 11.60433951081731, 18.89312733225831, 15.346413179482177, 14.112258846466258, 18.479885706811725, 15.154335931681928, 18.382301959556873, 13.85884557517856, 19.56875757840619, 18.401254797578957, 21.206386224054672, 16.982474341272514, 19.56875757840619, 18.936815195519326, 19.273111985434376, 17.68894448818964, 12.34936251072187, 16.648661686082516, 23.54366807110896, 20.51138155290928, 16.69030015020857, 17.92693287872999, 21.122349887939798, 19.425068896389046, 22.265134052115663, 21.22236711528349, 18.518438559799154, 19.568757578406185, 25.93813576398674, 22.36847426127895, 17.675831812639746, 17.50438110879182, 22.688856923838568, 18.518438559799154, 17.68894448818964, 19.522652643643895, 18.432300858141385, 13.367235846561698, 21.566215986973393, 23.731623860670737]
2022-12-17 22:24:53,129 Train INFO: mean test reward: 0.0000,15.6912,19.1184,18.5936
2022-12-17 22:24:53,130 Train INFO: test seed: 11************************************
2022-12-17 22:43:16,611 Train INFO: mean test reward1: [0.0, 0.0, 0.0, 0.0, 0.0, 0.0, 0.0, 0.0, 0.0, 0.0, 0.0, 0.0, 0.0, 0.0, 0.0, 0.0, 0.0, 0.0, 0.0, 0.0, 0.0, 0.0, 0.0, 0.0, 0.0, 0.0, 0.0, 0.0, 0.0, 0.0, 0.0, 0.0, 0.0, 0.0, 0.0, 0.0, 0.0, 0.0, 0.0, 0.0, 0.0, 0.0, 0.0, 0.0, 0.0, 0.0, 0.0, 0.0, 0.0, 0.0]
2022-12-17 22:43:16,611 Train INFO: mean test reward2: [14.232352824880406, 15.72721999843676, 17.47838318735122, 17.194574722265017, 12.955690632348915, 15.192250148861724, 15.452247779420423, 12.44695732359216, 14.456541492502495, 16.835984602368214, 15.09691553224245, 17.675645968659126, 14.699849182339051, 13.376721793758122, 17.483536532001402, 15.555139171611161, 23.185883538932483, 12.471766092314681, 20.766101654582606, 15.145297220926023, 15.544634081248706, 12.16576359365085, 17.261495627605594, 11.810386423076483, 13.045513476558034, 17.17706942289628, 16.02665697819494, 15.942769141844975, 12.261223474447975, 22.724525760584942, 10.700829394999635, 14.287674037487317, 13.188719323397699, 12.734919102415567, 11.940650081091203, 16.63870158730567, 12.191285078202768, 15.363219437977678, 19.276919370540764, 17.49976590673255, 13.874831618052035, 13.524076338370186, 19.097570220230807, 14.369494245590566, 15.104837471127015, 14.108271129460924, 15.713419937804826, 15.12538179839596, 20.997386634250052, 17.349724856744228]
2022-12-17 22:43:16,611 Train INFO: mean test reward3: [23.20964527322743, 16.219197220006972, 22.09437466530879, 26.059550074060944, 16.67637249318639, 14.395057754064819, 15.760018144974667, 16.956047295915265, 20.084052691850534, 19.751214789630474, 17.219901014668547, 14.595630603972523, 14.67690273528864, 15.684815309248213, 18.32329493501687, 25.90603275522555, 25.266301465650418, 19.997916025772067, 18.66138734479834, 20.081101727882142, 27.010600571307343, 20.675396096481403, 17.578271935112316, 21.825561142620064, 21.61752996535159, 21.950751030405975, 24.049653783012577, 20.29744850658868, 20.898847871590426, 21.087995530511243, 16.576747263629162, 14.870513422250916, 18.246558660128397, 18.093041341293002, 23.64418573799266, 20.599315390773814, 17.24017952533085, 9.584422435150989, 19.475689231795638, 19.47568923179564, 20.88895418765784, 20.090457475739644, 16.389489836298925, 18.438591138870205, 26.599390226592785, 18.83806434119756, 15.215245316866623, 17.70107029581982, 18.09936676490551, 19.92185051802568]
2022-12-17 22:43:16,611 Train INFO: mean test reward4: [23.73162386067074, 9.993481675206764, 15.387016757063002, 9.526845730082215, 15.32936764191301, 12.140269478420235, 22.408822734132805, 24.196612670869534, 22.706566671060415, 22.265134052115663, 21.470112153626587, 17.29343008796241, 10.341147617079512, 16.69030015020857, 19.22490870671628, 16.690300150208568, 22.165116824771975, 19.66634132566104, 23.73162386067074, 22.89866229854809, 19.985893167675, 19.90505436832123, 15.329367641913013, 23.290096018908333, 20.379760368124078, 19.274907605300793, 18.531551235349053, 14.127165805124699, 20.267675643548454, 16.930808812735183, 15.888041875903008, 19.22490870671628, 19.704894178648473, 22.656567772475906, 21.322510077612563, 12.190664847165323, 19.70489417864847, 24.98355777648326, 17.72583071122426, 19.28622466098427, 24.67830908486616, 17.637278959652313, 14.764577993363133, 17.080058088527366, 19.22490870671628, 14.18506258941963, 17.032473239857026, 20.499916077137545, 23.042350980565235, 16.07439064181757]
2022-12-17 22:43:16,612 Train INFO: mean test reward: 0.0000,15.4895,19.3720,18.6557
2022-12-17 22:43:16,612 Train INFO: test seed: 12************************************
2022-12-17 23:01:37,260 Train INFO: mean test reward1: [0.0, 0.0, 0.0, 0.0, 0.0, 0.0, 0.0, 0.0, 0.0, 0.0, 0.0, 0.0, 0.0, 0.0, 0.0, 0.0, 0.0, 0.0, 0.0, 0.0, 0.0, 0.0, 0.0, 0.0, 0.0, 0.0, 0.0, 0.0, 0.0, 0.0, 0.0, 0.0, 0.0, 0.0, 0.0, 0.0, 0.0, 0.0, 0.0, 0.0, 0.0, 0.0, 0.0, 0.0, 0.0, 0.0, 0.0, 0.0, 0.0, 0.0]
2022-12-17 23:01:37,260 Train INFO: mean test reward2: [13.894599482200514, 15.936824022097547, 16.336255697148093, 17.550768380132403, 13.3419510939723, 11.046793431108926, 16.67763611262904, 15.016981505283747, 18.31606988201259, 15.33556695539554, 18.869907463229442, 20.26243950146325, 12.778650150422996, 17.043564020054497, 14.39429127466824, 15.303109876789213, 17.50049820329283, 18.194287392613106, 15.755021816273782, 19.494653943969656, 15.995508035295408, 15.761163189371445, 16.848733359759464, 17.030187981709798, 18.931397206788724, 16.8063906102915, 18.58546130717357, 15.59342841488221, 11.362153519671399, 13.882554719393145, 13.761795682292759, 13.333246215803975, 22.25027276305137, 16.72519634725694, 10.503505250429193, 17.650650469126173, 13.108140388646579, 18.762834331947076, 19.19520550481999, 19.506649361399575, 13.307771540200022, 12.547021324850792, 20.174726393373156, 13.618497822856623, 16.727985342728687, 15.367079532314408, 13.180850669622682, 15.01857418551439, 14.480046165837662, 14.442733270721725]
2022-12-17 23:01:37,260 Train INFO: mean test reward3: [20.468207187451036, 21.572147871332362, 16.4686533428446, 17.70107029581982, 18.325722166674073, 13.362728388751318, 18.98407950317878, 16.383776223333744, 22.05634584802867, 19.922968294772584, 21.392661642882025, 14.948143489634566, 17.432256773131098, 17.36358969668569, 17.508993048019576, 21.633977187562405, 20.34785293981341, 17.362977886038358, 23.629278779334225, 29.17971792709354, 22.880273586643597, 13.832538469869226, 23.268498085800367, 7.209977758290331, 26.495214519549005, 15.779620718335433, 16.57432003197197, 26.31724309994011, 18.661387344798342, 22.56878085084083, 12.575232251935937, 19.180271774832104, 16.6179548861338, 24.280169663563548, 26.401082403873776, 18.98407950317878, 9.038116167880917, 9.519897259679523, 18.151458948345592, 18.137504837999927, 21.421074665566852, 23.195942011991935, 18.133389814146852, 21.853329136779553, 16.51461467697051, 10.368260468747373, 15.67242059004604, 17.474931725949023, 21.722941549751983, 23.70357094115282]
2022-12-17 23:01:37,261 Train INFO: mean test reward4: [27.920492614094815, 17.43532315011313, 18.83356321531988, 21.613800835643733, 16.930808812735183, 17.773415559894595, 20.42734521679441, 17.50438110879182, 20.759126591252386, 21.122349887939798, 16.48937619379043, 17.88838002574256, 21.42009382486741, 29.344759097340116, 16.922980975589642, 23.290171811551318, 19.224908706716285, 14.127165805124697, 16.886458077875808, 18.479885706811718, 19.66634132566104, 24.83014091730196, 13.542267556792781, 19.177323858045945, 17.72583071122426, 21.206386224054665, 17.675831812639746, 15.210281214810722, 20.427345216794414, 20.379760368124078, 20.427345216794418, 17.579815549243037, 19.704894178648473, 21.61380083564373, 21.222367115283486, 19.216138891737767, 13.74856264605108, 22.992352081980723, 21.85589536171592, 22.205304827180864, 21.52586751411954, 23.627704407223835, 21.613800835643733, 17.773415559894598, 18.38230195955687, 21.47011215362659, 17.283574305947273, 15.194684404535778, 18.470853711128818, 20.356227395120403]
2022-12-17 23:01:37,261 Train INFO: mean test reward: 0.0000,15.9502,18.8516,19.6100
2022-12-17 23:01:37,261 Train INFO: test seed: 13************************************
2022-12-17 23:20:19,981 Train INFO: mean test reward1: [0.0, 0.0, 0.0, 0.0, 0.0, 0.0, 0.0, 0.0, 0.0, 0.0, 0.0, 0.0, 0.0, 0.0, 0.0, 0.0, 0.0, 0.0, 0.0, 0.0, 0.0, 0.0, 0.0, 0.0, 0.0, 0.0, 0.0, 0.0, 0.0, 0.0, 0.0, 0.0, 0.0, 0.0, 0.0, 0.0, 0.0, 0.0, 0.0, 0.0, 0.0, 0.0, 0.0, 0.0, 0.0, 0.0, 0.0, 0.0, 0.0, 0.0]
2022-12-17 23:20:19,982 Train INFO: mean test reward2: [13.576345128503863, 17.841663856590618, 13.107463232926909, 19.438678647618996, 11.362459366351487, 13.586077140806227, 16.54478123802289, 15.627689877316223, 19.773054016836557, 10.230225853885411, 14.644790756554434, 19.228630031862828, 20.139717037959773, 14.429446473715043, 20.599501529236555, 14.188154187879617, 22.25119231427297, 14.509690345619523, 17.329290580141407, 17.18142080582528, 16.895730841434194, 17.04298995323397, 14.738477597081646, 16.04044726826493, 13.69878182162304, 15.891447948329873, 16.631285825340413, 13.777080848920017, 14.308161976120365, 16.568259982600395, 12.654683169704462, 15.486004085910814, 20.52743214196849, 13.008660922545973, 22.52136377311057, 19.387895810246405, 22.337364879728696, 15.070851357003193, 18.420038450767713, 19.78413653211279, 17.836134156505455, 12.326288631308113, 15.453619585254938, 13.672360224402459, 15.906203113174344, 14.4601281281522, 18.88577808620233, 13.955365138518115, 18.695888717907145, 13.91865868330917]
2022-12-17 23:20:19,982 Train INFO: mean test reward3: [15.769591677065948, 22.841789192291756, 25.040099622126544, 23.67375702383594, 20.599315390773814, 14.433872787756645, 16.43220306194606, 17.618620407966166, 21.279647095901602, 19.65706494972414, 17.24017952533085, 17.97770036838123, 23.542333947694594, 22.23537655256415, 23.755236469690146, 24.878862628668323, 21.658777830153426, 20.93452298073429, 17.77034918291256, 21.935844071747542, 21.578714931659764, 21.299860146176652, 20.00976053003194, 21.211646346038286, 21.557240912673926, 22.58472329861305, 26.16140186435901, 23.62657237943725, 20.366727393681415, 15.255164673718898, 13.761687870785252, 13.050336675848657, 15.534839476447774, 20.366727393681415, 24.97352713493078, 14.927397590141483, 16.42587763833355, 14.354709281210967, 19.106877863886286, 23.936158938245217, 27.44626501679541, 19.76945097593719, 17.578271935112316, 19.183614138774765, 22.7280320606973, 18.668396208909925, 23.317964387071964, 8.333441640830209, 20.83190338786621, 21.490353552659588]
2022-12-17 23:20:19,982 Train INFO: mean test reward4: [18.479885706811725, 11.34491731483893, 14.657462576941544, 10.228233875824941, 16.767748113184805, 19.61120439521584, 17.637278959652313, 20.93107635725232, 19.522652643643895, 17.556895048698344, 17.940045554279887, 18.479885706811725, 21.950097625558776, 24.13511681598192, 20.759126591252386, 16.237451341367954, 17.623467535894108, 13.367235846561698, 24.763081878622877, 13.19561689394677, 17.777496239761586, 19.513620647960987, 21.47011215362659, 19.224908706716285, 19.985893167675, 18.53155123534905, 21.06269754203753, 23.290096018908336, 21.86737288784436, 17.675831812639746, 20.054303644113414, 21.47011215362659, 15.74435319388587, 20.90281527326953, 19.935894269090486, 21.374095890229885, 20.747661115480643, 16.982474341272514, 20.730916167579554, 20.51302875268744, 24.79343607457138, 19.526733323510886, 23.390189038895006, 17.43532315011313, 22.25366857634392, 20.797660014065155, 17.032473239857026, 17.080058088527366, 21.074765039269458, 13.163664397719163]
2022-12-17 23:20:19,982 Train INFO: mean test reward: 0.0000,16.3098,19.9743,19.0118
2022-12-17 23:20:19,982 Train INFO: test seed: 14************************************
2022-12-17 23:39:46,428 Train INFO: mean test reward1: [0.0, 0.0, 0.0, 0.0, 0.0, 0.0, 0.0, 0.0, 0.0, 0.0, 0.0, 0.0, 0.0, 0.0, 0.0, 0.0, 0.0, 0.0, 0.0, 0.0, 0.0, 0.0, 0.0, 0.0, 0.0, 0.0, 0.0, 0.0, 0.0, 0.0, 0.0, 0.0, 0.0, 0.0, 0.0, 0.0, 0.0, 0.0, 0.0, 0.0, 0.0, 0.0, 0.0, 0.0, 0.0, 0.0, 0.0, 0.0, 0.0, 0.0]
2022-12-17 23:39:46,429 Train INFO: mean test reward2: [13.802188509806541, 16.04453285518026, 18.074376596508614, 18.85267321149054, 13.06865706804723, 13.120698063303704, 14.522030680868202, 13.423345198606134, 16.70722923130646, 12.732066786266843, 10.546936339611355, 18.096793863249324, 17.532127159707397, 18.971904675636093, 16.624320502690733, 13.874891881808669, 19.046772292664798, 14.6306991283563, 9.37723624997722, 13.04524946199952, 17.543039052001735, 15.501538894767412, 15.210916721027495, 12.491837938920751, 17.05628236377745, 16.277391741152773, 9.672129896696193, 14.828912110917202, 18.549148618938442, 16.28710328120075, 19.598366368111325, 8.032021659469052, 17.80822513357394, 15.725267662547628, 18.357341954133872, 14.018524209713856, 15.875994568866224, 17.003397648429324, 15.029621414169375, 14.458681472628122, 15.97046008646747, 13.623698282467421, 16.066828818043117, 17.129336255278975, 19.663478513394836, 16.398076356407422, 13.83686150047382, 12.613576923422983, 13.445813240118298, 15.06341582604911]
2022-12-17 23:39:46,429 Train INFO: mean test reward3: [15.413491686810252, 20.39391502563244, 27.49366250228952, 26.007884545523616, 20.067194912864803, 9.039649607042943, 18.392573822109615, 16.956047295915265, 12.61205980177857, 22.676992404731205, 19.283611983995392, 16.660629838951728, 20.767739668267648, 22.782403989131602, 18.43859113887021, 21.34433839067837, 20.59931539077381, 13.72019607179908, 22.695774030310535, 21.95319514347586, 14.984453787067668, 21.52766962683064, 21.852805898280963, 16.84384909086122, 23.53312151752692, 18.984079503178783, 18.250729666616156, 23.35900271154232, 26.6493891251773, 26.059550074060944, 15.839181651520345, 24.887173893426763, 15.656677935811379, 24.235691419061826, 24.133839628763763, 23.535146663658985, 17.31691580021933, 16.434630293603256, 18.665445244941534, 18.058397314088936, 17.11023538189275, 19.143922245626683, 20.675558372919703, 14.251369072047678, 27.292747697960017, 24.003046298259548, 19.216760328559854, 17.102777994097007, 20.83190338786621, 21.86823609543799]
2022-12-17 23:39:46,429 Train INFO: mean test reward4: [21.945582210101705, 16.7419656787459, 17.790796278487708, 21.61380083564373, 17.610354860344213, 18.518438559799154, 25.08114152373811, 21.122349887939798, 22.706566671060415, 21.222367115283486, 17.68894448818964, 18.479885706811718, 16.170878854172187, 10.84391625951172, 19.718006854198364, 18.68004589648448, 16.98247434127251, 23.90656412524619, 16.915901854076747, 19.224908706716285, 22.629109355118647, 22.047246637223544, 25.64761073149145, 19.04015540468262, 16.915901854076747, 22.26513405211566, 14.008918637302969, 18.47988570681172, 20.427345216794414, 19.274907605300793, 16.690300150208568, 20.511381552909285, 17.345095616499734, 19.568757578406185, 21.062697542037526, 22.19974423340582, 23.290096018908336, 22.656567772475903, 21.773683104411734, 21.22236711528349, 21.55414848974146, 19.624317070765738, 26.651562634631805, 21.222367115283486, 19.224908706716285, 20.709108262493213, 16.899762752172762, 17.875079987016438, 19.177323858045945, 11.306595573889695]
2022-12-17 23:39:46,429 Train INFO: mean test reward: 0.0000,15.3046,19.9921,19.6853
2022-12-17 23:39:46,430 Train INFO: test seed: 15************************************
2022-12-17 23:59:03,439 Train INFO: mean test reward1: [0.0, 0.0, 0.0, 0.0, 0.0, 0.0, 0.0, 0.0, 0.0, 0.0, 0.0, 0.0, 0.0, 0.0, 0.0, 0.0, 0.0, 0.0, 0.0, 0.0, 0.0, 0.0, 0.0, 0.0, 0.0, 0.0, 0.0, 0.0, 0.0, 0.0, 0.0, 0.0, 0.0, 0.0, 0.0, 0.0, 0.0, 0.0, 0.0, 0.0, 0.0, 0.0, 0.0, 0.0, 0.0, 0.0, 0.0, 0.0, 0.0, 0.0]
2022-12-17 23:59:03,440 Train INFO: mean test reward2: [15.01442102475915, 16.264783367487496, 13.125007004382777, 12.666738344346768, 14.442685466948237, 18.20204263633172, 15.715993262679007, 16.75470886722946, 11.916873537727312, 11.936591580926027, 16.413767729178097, 14.437576374286422, 17.39692627377723, 13.298043638171594, 14.405340272643151, 11.979329500888253, 17.084441267388243, 18.64286702025745, 17.914258137536102, 16.644054903092023, 12.933184106743205, 15.16188413783639, 15.463612270106823, 16.056338928841708, 11.03579634768366, 12.726583869391488, 19.113449804415882, 12.873655605710322, 16.16742076904598, 16.835321532797888, 18.4730394472816, 17.76008427837787, 15.277705369225131, 14.06602604717912, 15.346555823192935, 15.706314712913809, 13.501672907830278, 11.373320801943608, 20.298878697565485, 18.46124890549153, 18.95591136863297, 14.339842040571897, 19.62310944503231, 11.25895425604557, 18.338623439934334, 19.886345306245843, 13.831745819892651, 16.590804387839125, 13.539189414331679, 17.770303337247945]
2022-12-17 23:59:03,440 Train INFO: mean test reward3: [21.444327171419353, 21.40372359383853, 23.987824466782545, 21.793943933619392, 22.463186033218143, 18.59282399390613, 17.578271935112316, 21.74465032702528, 27.837796245192752, 24.272449988940714, 22.0224740305686, 15.61400298299345, 19.936086709542025, 23.01021346978559, 18.950329268469883, 15.762267120337217, 21.186946404922086, 20.655140799831642, 22.490328896110725, 26.173272923219784, 22.08936139058293, 20.366727393681415, 18.392573822109615, 17.319343031876524, 27.626560353150015, 17.989701132129714, 21.200305226842005, 18.88819668181123, 20.767739668267648, 27.344413226497345, 19.252893025867508, 26.584483267934342, 18.379556033307345, 21.572147871332362, 22.88425577942966, 24.228504135026217, 20.245782978051352, 9.22215332275191, 23.010528342604154, 19.063243009724456, 18.440379682759204, 24.980714418966386, 26.881537353245456, 11.42081219847877, 17.77034918291256, 18.066793263438285, 18.54847360354377, 16.727582246080388, 17.126761145712152, 21.718163033313584]
2022-12-17 23:59:03,440 Train INFO: mean test reward4: [21.182018642429636, 16.592716402953716, 14.359846630505768, 16.237451341367954, 16.539375092374943, 18.479885706811725, 24.80500398433204, 23.451684893782623, 21.420093824867415, 20.97866120592266, 17.181909878825433, 19.666341325661037, 20.415879741022668, 19.888309420420146, 16.48937619379043, 15.154335931681928, 15.462206067233197, 18.581550133933565, 20.61152451523836, 19.27490760530079, 21.80772054194209, 20.27219105900553, 14.977480515358684, 21.3410694614319, 15.899358931586487, 19.70489417864847, 19.472745950580315, 24.085117917397408, 21.47011215362659, 17.773415559894595, 24.85258883300238, 25.206082889729046, 24.29809306842408, 20.161872953231956, 29.470814401312495, 16.489376193790427, 14.780012527199778, 24.035119018812896, 19.985893167675, 20.123270814368645, 18.470853711128818, 25.27166875906437, 24.85258883300238, 21.57177658074843, 22.656567772475903, 21.47011215362659, 20.019930605205353, 18.95987117874391, 19.56875757840619, 23.451589670964978]
2022-12-17 23:59:03,440 Train INFO: mean test reward: 0.0000,15.5405,20.7006,20.1855
2022-12-17 23:59:03,441 Train INFO: test seed: 16************************************
2022-12-18 00:19:31,637 Train INFO: mean test reward1: [0.0, 0.0, 0.0, 0.0, 0.0, 0.0, 0.0, 0.0, 0.0, 0.0, 0.0, 0.0, 0.0, 0.0, 0.0, 0.0, 0.0, 0.0, 0.0, 0.0, 0.0, 0.0, 0.0, 0.0, 0.0, 0.0, 0.0, 0.0, 0.0, 0.0, 0.0, 0.0, 0.0, 0.0, 0.0, 0.0, 0.0, 0.0, 0.0, 0.0, 0.0, 0.0, 0.0, 0.0, 0.0, 0.0, 0.0, 0.0, 0.0, 0.0]
2022-12-18 00:19:31,637 Train INFO: mean test reward2: [18.571119339992528, 12.270387412879249, 15.355840914888253, 17.885810292282258, 20.583623148642335, 16.873732519635382, 15.353665955658242, 16.98193168840288, 22.7860264872317, 15.84347298588065, 16.11294662886415, 16.57900840098848, 15.333772367200648, 14.604797606411358, 16.658402462222263, 12.034228208015646, 20.312225953502058, 15.928292322390243, 19.04941156121965, 18.673353938531182, 17.18699502248983, 14.522760946820693, 13.82485799502382, 17.658505130416906, 14.711881645208786, 14.14841507229188, 13.915434765375801, 14.434843485851411, 14.198297454581734, 15.863913781920262, 13.19400126406947, 11.403783465991042, 18.602782416930662, 14.088364445441018, 21.515773811886167, 14.216776571183162, 15.681819234517647, 17.02355464916916, 11.554409524609254, 20.720680183224793, 15.82515342911844, 17.587824440609303, 10.188692953651978, 20.060374020774713, 16.688268386802758, 20.480795659634406, 13.375042218104566, 16.888192114109355, 21.967838117139788, 13.883101406395205]
2022-12-18 00:19:31,638 Train INFO: mean test reward3: [23.268498085800367, 19.69838354495545, 21.00032766536004, 26.776125768845063, 18.325722166674073, 17.069987660732018, 17.319343031876528, 13.78739801256489, 26.315576469987295, 16.506574584041253, 18.365969887834805, 14.765639773925601, 18.984079503178776, 22.250283511222587, 16.617954886133802, 26.599390226592785, 26.881537353245452, 18.917227847743238, 26.918295923124344, 27.626560353150015, 19.61772220099079, 16.76639727977221, 22.804813104644207, 22.482150892019774, 21.808850892277835, 16.727582246080388, 22.597828898185526, 19.329629300755986, 17.46778542551494, 23.248719782414845, 17.46689163301977, 17.17718778902141, 12.37730760116039, 21.19082107184298, 21.950751030405982, 24.295076622221988, 17.655008210000798, 13.491769294793412, 21.876458868587378, 20.240397706797044, 19.04995449802711, 27.480545191168794, 25.094437268125226, 17.43375101432451, 18.592108457705606, 17.955140146813292, 22.7512845665498, 16.58389356406325, 20.99874382404273, 21.54973875581975]
2022-12-18 00:19:31,638 Train INFO: mean test reward4: [27.463634473511068, 14.083191532676604, 18.38230195955687, 11.23218577896529, 24.46105988982449, 23.771904944614686, 16.930808812735183, 16.648661686082512, 18.95987117874391, 17.773415559894598, 17.2843980922795, 19.666341325661037, 17.68894448818964, 22.948661197132598, 17.688944488189637, 13.367235846561696, 18.77530316377526, 11.112729782200448, 24.852588833002386, 16.730648623062418, 25.901182783692082, 20.61152451523836, 23.290096018908333, 23.695371372968793, 19.51362064796099, 22.745119524047848, 20.20243432091432, 16.170878854172187, 18.518438559799154, 19.22490870671628, 13.595045327215688, 23.04235098056523, 21.613800835643733, 18.38230195955687, 20.411364325565593, 22.26513405211566, 18.56843745838367, 16.982474341272514, 26.206110518170096, 22.740604108590773, 25.51275304680286, 18.19773858015905, 21.613800835643733, 20.776754682259355, 21.897997361431365, 17.637278959652313, 18.43230085814138, 17.080058088527366, 18.518438559799154, 22.408822734132805]
2022-12-18 00:19:31,638 Train INFO: mean test reward: 0.0000,16.2641,20.3212,19.7116
2022-12-18 00:19:31,639 Train INFO: test seed: 17************************************
2022-12-18 00:39:34,828 Train INFO: mean test reward1: [0.0, 0.0, 0.0, 0.0, 0.0, 0.0, 0.0, 0.0, 0.0, 0.0, 0.0, 0.0, 0.0, 0.0, 0.0, 0.0, 0.0, 0.0, 0.0, 0.0, 0.0, 0.0, 0.0, 0.0, 0.0, 0.0, 0.0, 0.0, 0.0, 0.0, 0.0, 0.0, 0.0, 0.0, 0.0, 0.0, 0.0, 0.0, 0.0, 0.0, 0.0, 0.0, 0.0, 0.0, 0.0, 0.0, 0.0, 0.0, 0.0, 0.0]
2022-12-18 00:39:34,829 Train INFO: mean test reward2: [15.985092449401677, 15.57414098644647, 7.621094680581591, 15.906821486915069, 16.37233789720613, 18.10157597730955, 8.67934540737745, 19.708351734431847, 18.89412386732904, 16.625802405287818, 11.779880713488527, 11.861880656924802, 13.539798536986478, 16.737942166325244, 13.0936336967505, 22.051263893999185, 13.22299915243334, 16.234906939777293, 18.23651146348802, 10.736801751903137, 16.194918268096135, 13.953408434418021, 22.675881802420207, 8.43934754874019, 15.550978476584806, 16.63809102679928, 11.97887043792429, 13.089559259088704, 16.538159258942148, 17.741979278431018, 14.673720706965907, 15.636566120910587, 17.959685128031335, 11.02414743444972, 17.530670463844828, 16.684240850160183, 19.618701161371437, 17.389195557299608, 18.377677150706724, 15.970981892015056, 11.63910800944807, 13.716341412988475, 16.540689510561307, 16.781929504223413, 14.295269149608048, 13.641591667352085, 12.32049783005556, 21.056051332367815, 20.018006663325608, 19.46042087778699]
2022-12-18 00:39:34,829 Train INFO: mean test reward3: [24.123092550625827, 17.541884133077687, 21.57214787133236, 26.220787067519165, 17.321770263533722, 20.37078529382461, 18.469310096998093, 19.996325360064407, 23.542333947694598, 21.34612693456737, 18.775327709615095, 16.730219813406123, 17.501535660223833, 24.401079796757994, 15.839181651520345, 21.95319514347586, 18.392573822109615, 14.309630377631139, 21.93584407174754, 20.61322220579115, 24.768126769789404, 18.58465106990986, 23.586812192196316, 19.831345892283718, 23.081879346238324, 16.53550499828014, 26.317243099940114, 18.323294935016875, 21.430968349499434, 25.520554571498227, 20.24578297805135, 22.99530651112715, 18.27966008085504, 21.651590546117813, 22.250283511222587, 20.00780970970465, 14.537212996919934, 11.731050681162273, 18.95336054505089, 14.765639773925601, 22.995306511127147, 19.885002284517494, 20.599315390773814, 19.031885363828373, 25.364713335917127, 21.198323228697156, 23.641149838194995, 19.252893025867504, 20.2997829099572, 22.56159356680522]
2022-12-18 00:39:34,829 Train INFO: mean test reward4: [26.39263373139601, 12.12105973732529, 18.93522764244172, 21.613800835643733, 14.023825595961407, 14.991275232131542, 15.204513041354033, 22.03413396167365, 18.479885706811718, 18.19773858015905, 21.47011215362659, 17.63727895965231, 15.00832076970071, 16.690300150208568, 18.53155123534905, 17.63727895965231, 19.224908706716285, 16.005303113299796, 21.613800835643737, 21.470112153626584, 25.242635175794753, 21.4110618291845, 24.210154506205996, 19.224908706716285, 18.470853711128814, 19.274907605300793, 17.491268433241924, 21.122349887939798, 20.427345216794418, 21.25703312531703, 18.141793297030254, 22.165116824771975, 20.37732688803524, 20.411364325565597, 19.935894269090483, 22.758232199597746, 17.825081088431926, 23.341761547445664, 25.093114966913156, 16.750326113204355, 20.794218531178462, 16.823011355090628, 20.136054458763248, 21.702352587215678, 21.22236711528349, 21.422527304956255, 13.135184912665048, 13.446399353107374, 23.48387882232764, 18.31682500726134]
2022-12-18 00:39:34,829 Train INFO: mean test reward: 0.0000,15.5620,20.3837,19.4540
2022-12-18 00:39:34,830 Train INFO: test seed: 18************************************
2022-12-18 01:00:29,783 Train INFO: mean test reward1: [0.0, 0.0, 0.0, 0.0, 0.0, 0.0, 0.0, 0.0, 0.0, 0.0, 0.0, 0.0, 0.0, 0.0, 0.0, 0.0, 0.0, 0.0, 0.0, 0.0, 0.0, 0.0, 0.0, 0.0, 0.0, 0.0, 0.0, 0.0, 0.0, 0.0, 0.0, 0.0, 0.0, 0.0, 0.0, 0.0, 0.0, 0.0, 0.0, 0.0, 0.0, 0.0, 0.0, 0.0, 0.0, 0.0, 0.0, 0.0, 0.0, 0.0]
2022-12-18 01:00:29,784 Train INFO: mean test reward2: [22.45757526376552, 22.51843988950428, 16.971091273007293, 20.383952437399643, 16.126258305894126, 16.155810273539874, 15.001822282598706, 21.588921152400133, 17.793160289910777, 16.44429894647123, 19.851260114999437, 17.667198778902538, 14.613699306537875, 19.074124128886446, 22.01359718482065, 15.77295262279102, 13.389201383118037, 18.24839631383563, 17.080112931985425, 13.341456878615984, 15.301296090815361, 14.572929104304606, 15.393798333651874, 17.54488864400193, 12.147244875813659, 15.34673106725874, 15.722975454763844, 16.683446880145, 17.77328880556033, 15.064087050075637, 17.868788564221994, 14.86786637824136, 13.37523674447658, 15.973636791037727, 10.69894314672732, 17.103075585635196, 15.761958074169627, 17.160250717927873, 16.12579048128806, 15.18524138874403, 18.172037599115804, 14.551048506428284, 20.935707949082193, 19.988451930091966, 13.524902780073466, 17.27267272688851, 13.448982960224441, 14.439663790634562, 15.481405920773652, 17.63499019196598]
2022-12-18 01:00:29,784 Train INFO: mean test reward3: [18.256443279581333, 21.213230187355595, 17.39015535813129, 19.21676032855985, 18.325722166674073, 17.70107029581982, 22.71068098896898, 16.956047295915265, 24.863265818393376, 27.697366082885654, 15.467027919668327, 16.687233773226538, 22.351763304992204, 23.542333947694598, 19.252893025867504, 22.235376552564148, 23.542333947694598, 13.834136436615832, 26.86663039458702, 17.474931725949027, 25.360731143131062, 17.46778542551494, 22.469753093545545, 15.61400298299345, 26.933202881782783, 21.82479334005005, 22.415381165111242, 19.147481441467114, 25.854367226688225, 17.68978506827187, 17.580699166769513, 21.27261539051575, 14.796141900155723, 21.12665735224442, 30.57546486551091, 19.063243009724456, 19.214333096902653, 7.473178419707, 20.985420706701603, 20.53993018761365, 19.0707003975202, 19.76945097593719, 21.530864301951734, 16.65830335898765, 17.770349182912565, 9.702400975388493, 17.65743544165799, 16.583893564063246, 21.19082107184298, 23.644185737992657]
2022-12-18 01:00:29,784 Train INFO: mean test reward4: [25.08114152373811, 15.607184740522545, 14.603868575083117, 16.237451341367954, 13.857021869086397, 24.00665714523286, 23.290096018908333, 17.14371133473073, 22.16511682477197, 24.050348030080983, 23.04235098056523, 18.479885706811725, 20.730916167579554, 17.299186549870846, 21.813961025316488, 15.154335931681928, 21.96321030110867, 23.340094917492845, 21.917371786428873, 21.32236491245251, 17.622372000993874, 21.813961025316495, 25.75335974987502, 23.48387882232764, 17.773415559894595, 23.451589670964978, 23.59366696969347, 19.22490870671629, 22.656567772475906, 24.035119018812892, 17.825081088431922, 22.007624136662315, 20.37732688803524, 20.019930605205353, 20.97866120592266, 10.506605795219315, 22.656567772475906, 19.718006854198368, 26.317605271642222, 22.047246637223544, 21.55414848974146, 25.69927626002878, 22.656567772475903, 18.127004839438914, 21.917371786428873, 8.50214792744878, 17.57981554924304, 15.047220515260339, 19.313460458288226, 20.037558696212326]
2022-12-18 01:00:29,784 Train INFO: mean test reward: 0.0000,16.6323,19.9314,20.2681
2022-12-18 01:00:29,785 Train INFO: test seed: 19************************************
2022-12-18 01:21:06,072 Train INFO: mean test reward1: [0.0, 0.0, 0.0, 0.0, 0.0, 0.0, 0.0, 0.0, 0.0, 0.0, 0.0, 0.0, 0.0, 0.0, 0.0, 0.0, 0.0, 0.0, 0.0, 0.0, 0.0, 0.0, 0.0, 0.0, 0.0, 0.0, 0.0, 0.0, 0.0, 0.0, 0.0, 0.0, 0.0, 0.0, 0.0, 0.0, 0.0, 0.0, 0.0, 0.0, 0.0, 0.0, 0.0, 0.0, 0.0, 0.0, 0.0, 0.0, 0.0, 0.0]
2022-12-18 01:21:06,072 Train INFO: mean test reward2: [16.928921373304767, 13.266877194025138, 11.942232371305801, 15.674049071200919, 16.613531465481678, 16.413713116318245, 12.295669428235996, 16.89858366337256, 12.328095380250371, 19.983463283692736, 20.035822089924523, 15.905656285779346, 15.299995445936844, 13.656543522230281, 18.365771582074657, 17.53048157734733, 19.708527835489235, 13.62871125050705, 16.57102239294356, 14.761349242934598, 13.260517682445435, 17.12223706084628, 17.35100086456859, 15.756073788826093, 16.86888761861276, 17.169742375219457, 18.237386934286167, 11.408511778168227, 17.338325311847612, 20.539616242310462, 13.745856079055118, 16.036886158031812, 19.301832962012128, 18.17139903176439, 18.070251844083835, 17.330266923274124, 17.715627578022428, 14.652840257806604, 16.303629956891584, 22.028546194878274, 20.83839182170808, 17.82766072146104, 21.407785458637875, 18.891837626061026, 16.743212280745286, 13.011049564995743, 9.778662943171252, 17.84495892814356, 15.362254531584957, 19.860618887237187]
2022-12-18 01:21:06,073 Train INFO: mean test reward3: [21.018522127428252, 18.734724132034273, 17.21367634274916, 28.52083262884675, 18.471737328655294, 21.937632615636534, 26.01560422014645, 14.870513422250916, 26.18817988187822, 26.263066291480854, 19.21676032855985, 16.660629838951728, 17.465358193857746, 22.146608014832363, 19.252893025867508, 23.6587804372692, 21.69928857944557, 21.42613270935115, 16.956047295915262, 25.413342964656785, 25.659164931675182, 17.58069916676951, 22.526105898022905, 22.59076319690109, 23.100901328749842, 21.233287658980892, 17.196544671169015, 18.592108457705603, 20.606075905357066, 28.469167100309424, 19.362775490541072, 27.559987865954245, 18.533073352142743, 21.200329290354805, 19.116771547818864, 16.766397279772214, 20.620140664969117, 8.619285565702464, 19.04171400064662, 20.007809709704645, 24.34674215075931, 9.3254935319152, 22.817683292233895, 27.07953291658257, 24.235691419061826, 15.62032840660596, 21.111750393585975, 16.51461467697051, 17.507861083836342, 23.76295614431298]
2022-12-18 01:21:06,073 Train INFO: mean test reward4: [20.76077379103054, 17.43532315011313, 12.193615811133716, 15.210281214810724, 20.220090794878114, 18.5646853482075, 16.930808812735183, 17.618033253579704, 23.593666969693473, 18.382301959556873, 19.716359654420216, 20.37732688803524, 16.170878854172187, 16.59271640295372, 17.786528235444493, 14.820523276491926, 18.518438559799158, 20.089233376838287, 20.747661115480643, 22.26513405211566, 16.116541208173505, 20.611524515238358, 26.442632629980523, 20.019930605205353, 18.56843745838367, 22.960138723261046, 10.310828185495145, 18.47988570681172, 19.935894269090483, 24.46105988982449, 19.625992852807183, 24.65158712515075, 21.61380083564373, 21.613800835643733, 19.328248915879573, 23.37413235502321, 23.290096018908333, 16.638625469582607, 15.796018722423199, 13.773476585068288, 20.511381552909288, 18.150153731488714, 21.122349887939798, 21.702352587215678, 17.299186549870846, 22.848643969788917, 15.141002327717985, 13.636049369250426, 21.406546413727433, 22.70656667106042]
2022-12-18 01:21:06,073 Train INFO: mean test reward: 0.0000,16.5557,20.6767,19.2026
