2022-12-18 17:42:36,990 Train INFO: Namespace(logger=<Logger Train (INFO)>, name='A2C2022-12-18-17-42-36', gpu='0', device=device(type='cuda', index=0), gamma=1, epoch_num=3000, train_episode=2000, test_episode=50, val_episode=50, test_size=0.02, val_size=0.5, batch_size=50, train_batch_size=50, num_steps=10, h=1, w=[120, 50], nn_out=40, share_lr=0.0001, actor_lr=0.0001, critic_lr=0.01, step=20, lr_min=1e-05, e_rate=0.001, a_rate=1, c_rate=1, lr_decay_lambda=0.99, duse_T=True, est_T=False, use_pref=False, same_price=False, use_price=True, only_test=True, test_benchmark=True, no_cus=True, change_T=True, num='0', print_grad=False, max_norm=10, seed_range=20, net_seed=47, info=True, selling_length=200, cardinality=4, ini_inv=2, num_products=57, number_samples=10000, num_cus_types=4, seg_prob=[0.25, 0.256, 0.244, 0.25], num_cus_features=4, p_file='../Gene_databeta/save/expedia_prop_features.npy')
2022-12-18 17:42:36,990 Train INFO: log/A2C2022-12-18-17-42-36
2022-12-18 17:42:39,245 Train INFO: products price: [142.19711247 151.98599171 102.64709491 178.20763238 141.29402938
 126.70564929 113.29384155 110.89915292 139.93040185 104.78139591
 215.35799721  88.30556835 168.52134943 208.55338737 118.30113621
 200.79038063  98.29018954 106.42409558 230.43245826 181.61673989
 216.62308194 111.69995734 205.43402531  77.75741491  97.80493605
  74.52117468 204.93956053  75.80048576  92.69885696  69.67685107
  74.58481392  69.59005217  99.66155186 162.8603774  237.29112377
 122.2126781  169.00415941  79.00614196 148.2546165  149.00459998
  89.00592168  71.00631819  74.0062521  138.67149427  62.00651644
  59.00658253 117.00530489  43.00693498 109.00548111  73.00627413
 164.00426956  59.00658253 139.00482026  79.33946795 112.00541503
 159.0043797  109.00548111]
2022-12-18 17:42:39,245 Train INFO: Load Factor 1.7543859649122806
2022-12-18 17:42:39,245 Train INFO: test seed: 0************************************
2022-12-18 18:05:20,610 Train INFO: mean test reward1: [0.0, 0.0, 0.0, 0.0, 0.0, 0.0, 0.0, 0.0, 0.0, 0.0, 0.0, 0.0, 0.0, 0.0, 0.0, 0.0, 0.0, 0.0, 0.0, 0.0, 0.0, 0.0, 0.0, 0.0, 0.0, 0.0, 0.0, 0.0, 0.0, 0.0, 0.0, 0.0, 0.0, 0.0, 0.0, 0.0, 0.0, 0.0, 0.0, 0.0, 0.0, 0.0, 0.0, 0.0, 0.0, 0.0, 0.0, 0.0, 0.0, 0.0]
2022-12-18 18:05:20,611 Train INFO: mean test reward2: [18.60372160666582, 21.403188852040802, 20.91678742709237, 16.869777452742294, 14.341761915592505, 16.28292771335185, 12.925103415685326, 16.131003121982875, 15.236285219204445, 17.12420182566465, 18.983915620806453, 18.73861171273648, 16.711005811994603, 17.609656742528575, 16.153316805701177, 14.415341454955522, 15.565336571804588, 16.511056840821908, 15.594120524190693, 14.562909778610228, 8.811153606829714, 15.748550911261653, 10.694536659297889, 9.697514088298204, 10.885110414881884, 19.861919917636563, 15.51462148376332, 17.296590676224106, 14.506784423149368, 18.166027434059576, 16.68864581696009, 16.75552730516693, 17.99133448850025, 18.62965231237802, 14.309765452881894, 17.495549419492157, 18.82644523169308, 14.378432755626234, 20.032544124073713, 24.76618279299692, 18.163068800706142, 12.731395937885418, 20.02426961702355, 14.982818837273564, 14.571188072731704, 13.83319941641923, 10.618461535834962, 13.06677963931909, 12.368115261284997, 15.471309702912281]
2022-12-18 18:05:20,611 Train INFO: mean test reward3: [13.320251094022149, 12.683636555326176, 17.636053210217376, 15.114797020819335, 12.382479040332374, 16.290000079415645, 12.455187168145443, 18.263110574073472, 16.115975074255992, 13.172661235562028, 16.83406295908979, 15.408822886115901, 16.5440620688839, 14.925765732090559, 15.200988616165649, 16.886924199226396, 15.800975399179794, 13.17747198762993, 14.736734443361776, 16.891030210312817, 16.115975074255992, 16.835027484982156, 10.398340108242106, 10.643374122301546, 16.315813934730652, 17.62356221474686, 13.486654205566797, 15.101890093161833, 15.92101878077173, 13.53571752945046, 14.01768203263561, 14.956487919056803, 12.745535334220808, 17.274053266633494, 14.448640932164825, 14.71790216867283, 12.217092555533004, 14.206713321364392, 15.996010514654717, 15.77078652916414, 14.925765732090555, 13.23456001445666, 14.806700104378539, 10.533094511691258, 15.625985868127774, 12.162557445964232, 17.88004387639379, 14.436741051854705, 16.346002804746302, 15.946910890235415]
2022-12-18 18:05:20,611 Train INFO: mean test reward4: [13.70478171347104, 12.620573652944817, 13.752581506695044, 15.099128823832444, 13.373189595272867, 15.835386623488247, 13.704781713471036, 11.434977242425479, 16.58682983966985, 17.327399303817987, 8.351080442352645, 18.233584331480664, 16.539333001196397, 14.317675424142685, 15.0991538959691, 12.381514514440008, 13.999814626114992, 10.991466311799915, 11.181462126421062, 14.905798627382353, 16.852258392497625, 18.068920537087468, 14.472747721285646, 12.398612770806466, 16.61580943206601, 18.72733737467054, 14.312714945279566, 15.564745227769272, 13.04863512898689, 13.941207707594288, 13.153125210552215, 14.017682032635612, 15.484754372623001, 15.21401691626959, 11.610530273764391, 8.45356144318596, 13.752581506695044, 13.409591724687742, 14.85579972879784, 16.697711616204487, 14.506706712871466, 12.026482923494644, 16.362269186369407, 16.479334322894985, 15.711240156887722, 14.301604865232312, 13.464629924126033, 14.125505576297687, 10.533094511691258, 11.481455517928133]
2022-12-18 18:05:20,611 Train INFO: mean test reward: 0.0000,16.0314,14.8414,14.1817
2022-12-18 18:05:20,612 Train INFO: test seed: 1************************************
2022-12-18 18:28:25,666 Train INFO: mean test reward1: [0.0, 0.0, 0.0, 0.0, 0.0, 0.0, 0.0, 0.0, 0.0, 0.0, 0.0, 0.0, 0.0, 0.0, 0.0, 0.0, 0.0, 0.0, 0.0, 0.0, 0.0, 0.0, 0.0, 0.0, 0.0, 0.0, 0.0, 0.0, 0.0, 0.0, 0.0, 0.0, 0.0, 0.0, 0.0, 0.0, 0.0, 0.0, 0.0, 0.0, 0.0, 0.0, 0.0, 0.0, 0.0, 0.0, 0.0, 0.0, 0.0, 0.0]
2022-12-18 18:28:25,666 Train INFO: mean test reward2: [19.3348779019365, 16.140337379214404, 16.4250121556132, 15.776228630554423, 16.87237338340713, 14.44310023263395, 9.893945345192915, 18.804851043665852, 17.503901459442073, 13.364062884629952, 14.315809317796738, 11.494346878662414, 15.963941890180694, 15.962259090329745, 14.96591309364708, 14.149187654780194, 18.770642792599524, 15.396512518629628, 20.41020036188602, 12.329549545656382, 9.618730703441091, 14.743099102097451, 15.68558623875759, 18.90829145169484, 16.920864494308486, 16.120338220061424, 16.023262309616587, 12.53164781158897, 13.602843355562037, 15.081629245414867, 14.777808532619856, 14.62783302143404, 18.196520777251123, 18.91017258940278, 15.235234969648399, 16.57184279861468, 16.502751643275854, 14.27772015915302, 16.95476020245115, 18.307460498330755, 18.399944403767716, 18.5370802009983, 18.13140942269677, 17.383709173886444, 13.363811855996302, 14.582793330586346, 18.185358508108557, 11.986784809094864, 13.787875939634237, 17.221882182185436]
2022-12-18 18:28:25,666 Train INFO: mean test reward3: [18.905129221695482, 13.8022155972073, 17.98508097441659, 14.925765732090555, 14.743673844808773, 14.1836823348522, 12.703532187387845, 16.351042105600087, 15.946910890235415, 11.230525450304722, 17.085021977904713, 12.208574810776426, 15.936103764938721, 16.04504488734687, 10.454342833572765, 18.560097410467023, 13.961679307304953, 17.50073913670735, 15.268854921270785, 16.729025861066987, 14.073684757966275, 17.702140261261402, 17.06177250933606, 13.59172025478112, 18.665639003492288, 18.523455812192566, 18.235362300995618, 17.642956311128735, 18.377574443486854, 15.80598574884206, 10.533094511691258, 12.978816272246418, 19.131138510880277, 13.000214573711954, 14.142643713911605, 16.79103241314379, 17.110835833219724, 14.221274616426392, 16.046009413239233, 11.68504810171891, 15.959817817892919, 14.436741051854703, 17.32921619165876, 14.436741051854703, 14.925765732090555, 17.76922026963776, 17.574046658140567, 11.719550130540576, 14.988671216056616, 16.25981120939999]
2022-12-18 18:28:25,666 Train INFO: mean test reward4: [14.98328449633972, 12.101445706186121, 12.559610448751037, 14.27119714864003, 13.954619130254255, 14.563399279714256, 17.885992282105974, 11.481455517928135, 14.415809421254135, 11.53745824325879, 15.454185486914465, 8.651073833859718, 14.301604865232312, 12.326476315001717, 15.565709753661636, 14.06077783030877, 15.209713636823906, 15.338316087285081, 14.017682032635612, 12.871503720568228, 14.382275518466791, 19.972016789484535, 15.333860103424426, 12.043528461063808, 14.418566915701886, 16.25720701620995, 12.55961044875104, 13.109598333180669, 12.810540516374449, 14.010778931724255, 11.18146212642106, 14.241606186930895, 14.960658597657062, 13.285722694251948, 11.507574608920688, 12.381514514440008, 9.640017062035273, 13.752581506695046, 14.54980251054462, 13.158490777244872, 11.776488430572083, 11.776488430572083, 16.362269186369407, 15.396218913208958, 17.250952484345667, 14.301604865232312, 13.172661235562028, 16.92390634850681, 12.264577536107087, 15.194846569726932]
2022-12-18 18:28:25,666 Train INFO: mean test reward: 0.0000,15.7499,15.5049,13.8706
2022-12-18 18:28:25,667 Train INFO: test seed: 2************************************
2022-12-18 18:53:14,904 Train INFO: mean test reward1: [0.0, 0.0, 0.0, 0.0, 0.0, 0.0, 0.0, 0.0, 0.0, 0.0, 0.0, 0.0, 0.0, 0.0, 0.0, 0.0, 0.0, 0.0, 0.0, 0.0, 0.0, 0.0, 0.0, 0.0, 0.0, 0.0, 0.0, 0.0, 0.0, 0.0, 0.0, 0.0, 0.0, 0.0, 0.0, 0.0, 0.0, 0.0, 0.0, 0.0, 0.0, 0.0, 0.0, 0.0, 0.0, 0.0, 0.0, 0.0, 0.0, 0.0]
2022-12-18 18:53:14,904 Train INFO: mean test reward2: [15.158678878305718, 17.030828280334056, 16.915724561890297, 13.921582213717338, 14.03700560639408, 16.698068923613295, 11.362778567264122, 14.68832694423581, 14.905393875431105, 20.460654374194537, 11.673852792767564, 18.946240718982747, 18.18804283037023, 21.449219451408577, 16.07006979783157, 16.137506525053652, 10.407210546945002, 14.113510156006091, 8.37822508898877, 16.755332146193897, 12.3097677017258, 13.80012477151983, 22.941704427947442, 14.17009476725626, 17.472297361544907, 17.93152846517333, 17.865982845855495, 15.714298642847577, 21.33994275162907, 15.479548280037681, 14.627407061094999, 9.898363311554613, 20.898529438759645, 16.712578342825946, 17.55873381976167, 26.48321345001364, 12.926975959876353, 21.442212547515506, 15.645140480829903, 20.383663126186008, 14.955370298337323, 15.252123862082941, 22.184917972400118, 18.508556636730894, 18.153158443677675, 13.79731747616713, 16.85918098861442, 14.48412511064195, 13.787907878386394, 17.64430513469816]
2022-12-18 18:53:14,904 Train INFO: mean test reward3: [11.797174327983933, 16.645031670361014, 17.232560254906197, 15.583854596346985, 17.33255805207522, 17.274053266633498, 12.878563897618927, 18.12911748478299, 12.104515432863366, 14.080744935016972, 15.800975399179794, 11.734111425602574, 15.890944465440398, 14.506706712871463, 14.436741051854703, 16.38597997096981, 14.9317695588367, 15.184582751952345, 12.775223688455638, 17.48186468283934, 15.757879601506636, 16.595997297668866, 14.679646416535046, 14.080744935016973, 18.47164723590039, 18.384561362993413, 15.408822886115901, 17.274053266633494, 15.762761826221075, 15.79904634739506, 14.924801206198188, 16.04457149922603, 11.53745824325879, 13.841714747703682, 15.407730235275706, 14.480814603407778, 18.04262123396595, 11.4557395062082, 11.134124642588429, 14.30965072119962, 15.946910890235417, 16.47903136814443, 15.538695743297847, 11.860237230365293, 14.869763006759898, 20.02795897326103, 17.141024703235377, 15.934003962577918, 16.891030210312813, 13.187222530624028]
2022-12-18 18:53:14,905 Train INFO: mean test reward4: [12.881148945999936, 13.275427755577796, 10.840027304645329, 12.176657830335772, 11.776488430572085, 18.12492326241813, 13.727250536014353, 12.223581060575386, 17.20728998344299, 17.62355835775429, 17.815425297466426, 10.836117906316296, 16.29920628398805, 15.705115554537874, 16.60472231832712, 12.381514514440008, 12.753602216342937, 12.559610448751037, 14.388101116049349, 14.657600982070042, 9.584014336704614, 20.0657709513831, 16.852258392497625, 15.038827190780475, 16.319173388696253, 18.196303649523966, 8.249968859395176, 12.264577536107087, 12.176891272845992, 14.84929140704923, 13.159754307904526, 16.851293866605257, 14.246566665794017, 12.568420216023885, 16.478369797002618, 17.401281751034894, 15.296184815504292, 15.381254808818897, 18.213877931987223, 15.726047185138441, 13.928705867766324, 15.320770962419846, 12.934566622949585, 15.920741344607004, 16.708931633892682, 12.342201733550445, 13.941213024643185, 16.556260953961306, 13.172661235562032, 15.5881535040683]
2022-12-18 18:53:14,905 Train INFO: mean test reward: 0.0000,16.3705,15.2691,14.5838
2022-12-18 18:53:14,905 Train INFO: test seed: 3************************************
2022-12-18 19:17:24,217 Train INFO: mean test reward1: [0.0, 0.0, 0.0, 0.0, 0.0, 0.0, 0.0, 0.0, 0.0, 0.0, 0.0, 0.0, 0.0, 0.0, 0.0, 0.0, 0.0, 0.0, 0.0, 0.0, 0.0, 0.0, 0.0, 0.0, 0.0, 0.0, 0.0, 0.0, 0.0, 0.0, 0.0, 0.0, 0.0, 0.0, 0.0, 0.0, 0.0, 0.0, 0.0, 0.0, 0.0, 0.0, 0.0, 0.0, 0.0, 0.0, 0.0, 0.0, 0.0, 0.0]
2022-12-18 19:17:24,218 Train INFO: mean test reward2: [19.58588850251938, 14.644417373701193, 11.9214923045701, 18.263476434342945, 20.20073336357371, 17.138114133926805, 12.44793190002074, 15.867723994856627, 16.04208142620918, 15.265434208006953, 22.594919795597235, 20.53150795091949, 18.57812676636167, 20.00967461318322, 21.117492919594383, 13.357431433079325, 16.46892262920398, 14.551246288689903, 16.512047317337974, 13.023263214792735, 12.834569293863789, 13.35013177926509, 19.59971914365579, 14.662239153548718, 15.612231706138342, 15.35199817468715, 19.660031695826607, 15.406017458539091, 16.41180311413877, 12.574973352915576, 12.879046234000695, 11.124261941958883, 15.432428017313093, 19.042331283946158, 19.35499729473157, 19.724493211404962, 18.794019969240694, 16.255520167358902, 21.573576188994505, 20.094798590929646, 13.038709091661776, 19.317927523607707, 23.331600607359256, 17.504505874296537, 17.13957701540994, 18.675004164270884, 15.347229185281451, 11.236388791521366, 12.256972798431871, 24.446644445550866]
2022-12-18 19:17:24,218 Train INFO: mean test reward3: [15.580790714542994, 14.017682032635612, 17.675087803192614, 14.569769615252824, 16.847934412639663, 15.592569140802185, 15.71478380383348, 17.821582732311075, 16.410684325574326, 15.690013296401501, 20.06137486276983, 12.878563897618928, 18.555641426606364, 16.0476280316859, 14.08074493501697, 15.407730235275707, 14.073684757966271, 19.448035776050176, 13.891713646288192, 16.444441115052527, 16.83502748498216, 14.506706712871466, 17.244431184024798, 12.578570506111856, 12.620573652944817, 13.165601058511328, 12.703532187387845, 17.07405767229545, 14.813639505825535, 17.184134071172036, 15.406765709383341, 12.885503299065924, 10.692437446185206, 15.934003962577917, 18.116615644955022, 13.841714747703683, 15.513888935330224, 19.20790905884182, 12.138609149759665, 17.75935249392355, 19.54811239520986, 17.15278887583693, 16.358909732403806, 16.620565818399758, 14.017682032635614, 12.277412991118055, 15.720787630579629, 10.044069831455406, 16.835027484982152, 16.847934412639656]
2022-12-18 19:17:24,218 Train INFO: mean test reward4: [13.472654627069101, 14.20836768876889, 14.059813304416405, 14.373678149473346, 11.126466072391661, 17.696314663678844, 16.478369797002618, 9.094989656468762, 15.69985599997906, 14.125505576297684, 14.316710898250319, 14.941331453722514, 17.69631466367884, 12.38151451444001, 17.45728447636555, 13.416688202274084, 13.229599535593538, 15.59817835592185, 12.026482923494644, 14.616562361129445, 15.606045982725572, 18.727337374670537, 14.10761309764041, 13.091730926660047, 13.348628520493962, 16.520823350438796, 10.533094511691258, 14.01768203263561, 17.20728998344299, 12.581155554492863, 11.006430416189978, 17.66389004755759, 14.96065859765706, 16.47933432289499, 17.396003075977756, 14.904834101489989, 12.515507603730496, 13.404631245824621, 18.06738300286877, 12.131520021517451, 14.789292728747816, 13.53141484684751, 14.844835423188574, 18.068920537087468, 15.640983462969997, 12.026482923494642, 14.388101116049349, 14.506706712871468, 14.452306773486661, 19.4182149020474]
2022-12-18 19:17:24,218 Train INFO: mean test reward: 0.0000,16.8031,15.5291,14.6391
2022-12-18 19:17:24,218 Train INFO: test seed: 4************************************
2022-12-18 19:40:07,759 Train INFO: mean test reward1: [0.0, 0.0, 0.0, 0.0, 0.0, 0.0, 0.0, 0.0, 0.0, 0.0, 0.0, 0.0, 0.0, 0.0, 0.0, 0.0, 0.0, 0.0, 0.0, 0.0, 0.0, 0.0, 0.0, 0.0, 0.0, 0.0, 0.0, 0.0, 0.0, 0.0, 0.0, 0.0, 0.0, 0.0, 0.0, 0.0, 0.0, 0.0, 0.0, 0.0, 0.0, 0.0, 0.0, 0.0, 0.0, 0.0, 0.0, 0.0, 0.0, 0.0]
2022-12-18 19:40:07,759 Train INFO: mean test reward2: [18.465328483105697, 21.297167949968742, 13.178535057426696, 16.518470981752372, 20.49605406384566, 15.456455038483178, 16.29794738543489, 17.12172998883213, 18.453667307465718, 14.191754168185147, 14.03658846950784, 13.3076324111446, 17.90034336430036, 18.106254916270636, 19.745749424180747, 17.564199231289958, 20.04177566097971, 12.005066179978025, 12.181314944612941, 16.75574194258794, 14.020491647743194, 17.881954263693807, 17.29450959354256, 15.721958671418456, 15.938419382791658, 15.009742946706947, 14.785466888129182, 17.83358626447501, 14.075101918366904, 17.234808842121772, 19.56090901791556, 15.32316450154416, 21.58761640684577, 20.303813241484328, 16.059562493999113, 18.62324849169092, 10.648623517432695, 10.742233234341008, 17.98765616003272, 22.804791855295903, 16.888795605590715, 13.420343091712958, 21.8246736664777, 16.105031636659692, 10.468400671619541, 17.241732860065113, 15.158283582703643, 21.0258098404277, 17.12525134821113, 20.74948020163381]
2022-12-18 19:40:07,759 Train INFO: mean test reward3: [15.757879601506637, 17.126975020521925, 14.868706656455343, 15.351727509945048, 16.479031368144426, 14.183682334852199, 15.401883484668906, 19.05008661659524, 13.409591724687742, 17.710620629532784, 13.10959833318067, 11.719550130540576, 17.024058773710937, 12.56457092761416, 12.683636555326176, 13.598623013416521, 14.436741051854703, 11.637710617886281, 12.286199008219786, 16.44093234987003, 16.687532849339686, 16.835027484982156, 12.214507507151993, 15.181764051759265, 14.41902044961037, 18.927093013545672, 13.060535009297007, 13.300207965219027, 16.30290700707315, 16.82910248022667, 11.181462126421058, 13.360528400804078, 13.535717529450459, 14.0952298637081, 16.847934412639656, 16.535034093475083, 14.925765732090555, 13.11766518153263, 13.71768864112854, 16.125818120109503, 16.535034093475087, 16.346002804746306, 16.835027484982156, 14.380738326524044, 16.04504488734687, 11.140020696152401, 16.59599729766887, 11.37811530876484, 16.346002804746306, 15.757879601506637]
2022-12-18 19:40:07,759 Train INFO: mean test reward4: [13.704781713471037, 13.024497687954387, 13.418225736492783, 15.099128823832448, 13.159754307904526, 14.956751957114491, 13.268072225271364, 12.026482923494642, 12.278174305276721, 15.454185486914463, 11.581707892555626, 11.923142714331354, 14.80331762654904, 11.837451634765864, 15.033589275752629, 12.089545825876003, 17.879216788331718, 10.147410040618697, 13.10959833318067, 12.871503720568228, 13.77958742002317, 18.068920537087468, 19.611985308680715, 10.646420081373012, 14.960658597657062, 16.91225707079904, 12.264577536107089, 14.016717506743245, 15.480355032542876, 16.506262055376794, 14.108705748480606, 15.50168232538791, 12.98362994683325, 14.947846892817209, 13.109598333180667, 12.87053919467586, 13.109598333180669, 15.039130145531033, 16.134302511666522, 12.026482923494644, 13.159754307904528, 13.363346891695308, 13.956718828441831, 18.301486937121446, 15.517248389295823, 9.797252145927102, 15.194846569726932, 14.548837984652256, 13.17266123556203, 12.264577536107087]
2022-12-18 19:40:07,760 Train INFO: mean test reward: 0.0000,16.7313,14.8680,13.9805
2022-12-18 19:40:07,760 Train INFO: test seed: 5************************************
2022-12-18 20:02:52,168 Train INFO: mean test reward1: [0.0, 0.0, 0.0, 0.0, 0.0, 0.0, 0.0, 0.0, 0.0, 0.0, 0.0, 0.0, 0.0, 0.0, 0.0, 0.0, 0.0, 0.0, 0.0, 0.0, 0.0, 0.0, 0.0, 0.0, 0.0, 0.0, 0.0, 0.0, 0.0, 0.0, 0.0, 0.0, 0.0, 0.0, 0.0, 0.0, 0.0, 0.0, 0.0, 0.0, 0.0, 0.0, 0.0, 0.0, 0.0, 0.0, 0.0, 0.0, 0.0, 0.0]
2022-12-18 20:02:52,169 Train INFO: mean test reward2: [18.540636089618918, 16.60022450404067, 19.855925993548244, 21.283073517631312, 20.27719180104103, 7.677663884424845, 17.861292353442536, 16.461871265432, 12.297182491981467, 17.84241727035375, 14.74898526509874, 13.837908426469118, 15.61582183203343, 20.929262139677025, 15.42301470525345, 21.905038868730998, 19.076790138758764, 11.62924578580425, 17.760874233262125, 22.034051784072613, 18.11970014908638, 13.491685906917594, 17.35477923875065, 12.34862485444697, 15.84729623340696, 18.6942166917009, 12.692847753158185, 19.59198769353796, 14.358905513369896, 15.744234005698015, 12.45023664463034, 21.786126723499795, 14.60580167632441, 16.148968263281912, 16.83732077309274, 17.392723220822564, 18.19175311951524, 18.511458235699354, 21.54443727612282, 15.770712022240872, 21.35558846125105, 17.94360870888926, 16.5302092415469, 23.04753355868558, 16.978048340685604, 14.56097108527183, 17.357580821191732, 20.341566062826807, 14.458218968391696, 17.323165623908857]
2022-12-18 20:02:52,169 Train INFO: mean test reward3: [14.017682032635614, 14.438683331626986, 17.141024703235377, 15.351727509945048, 17.90711445723575, 17.454779490176644, 14.875766833506043, 14.017682032635612, 15.036044768426844, 15.420794239072556, 15.864571618511743, 15.414790412326408, 17.819080672200013, 16.65793859801851, 15.401883484668907, 15.41479041232641, 15.800975399179794, 18.614102570689084, 16.046009413239233, 17.82158273231107, 13.115602159926816, 18.530108379983105, 14.078616285637878, 15.621725408111452, 18.079706899796154, 17.7498124028206, 10.636434720854547, 16.28903555352328, 17.33005599196415, 13.66168591579788, 15.470793137657068, 14.594516926664443, 14.01768203263561, 15.934003962577915, 16.358909732403806, 14.016717506743245, 16.13845180009302, 13.828650743906836, 13.046692849214608, 17.327692427875355, 16.535034093475083, 14.791594071360532, 19.210402212334, 17.6740880966686, 12.320580261437742, 18.125077890453227, 18.819102285249254, 11.775552855871235, 16.290000079415645, 14.165271891095733]
2022-12-18 20:02:52,169 Train INFO: mean test reward4: [14.789292728747819, 14.867026809567161, 13.752581506695044, 7.862055762116793, 12.85960384025811, 19.611152956195053, 15.584314627236887, 12.026482923494646, 14.052574898202119, 15.711240156887722, 13.804874733457714, 15.344824409033693, 15.346361943252393, 12.326476315001717, 13.268072225271368, 13.17266123556203, 16.968359003130836, 11.831526630010378, 12.515507603730496, 14.549802510544621, 18.136304971222547, 20.36080386402705, 17.3233905940762, 12.389539217383074, 12.286199008219787, 16.38013659289003, 6.206768406221526, 12.871503720568226, 13.752581506695046, 12.581155554492863, 13.215757033235185, 15.8286111742417, 13.61806451536295, 14.370233709528724, 12.026482923494646, 16.556260953961306, 17.150969061918314, 16.66226257787648, 10.692437446185208, 18.585545084352315, 14.854656973741886, 15.920741344607004, 14.559243972102685, 16.299206283988045, 14.010778931724259, 16.18333688435867, 15.588178576204948, 13.704781713471037, 11.497180936476862, 12.515507603730494]
2022-12-18 20:02:52,169 Train INFO: mean test reward: 0.0000,17.0608,15.7210,14.3275
2022-12-18 20:02:52,169 Train INFO: test seed: 6************************************
2022-12-18 20:24:06,737 Train INFO: mean test reward1: [0.0, 0.0, 0.0, 0.0, 0.0, 0.0, 0.0, 0.0, 0.0, 0.0, 0.0, 0.0, 0.0, 0.0, 0.0, 0.0, 0.0, 0.0, 0.0, 0.0, 0.0, 0.0, 0.0, 0.0, 0.0, 0.0, 0.0, 0.0, 0.0, 0.0, 0.0, 0.0, 0.0, 0.0, 0.0, 0.0, 0.0, 0.0, 0.0, 0.0, 0.0, 0.0, 0.0, 0.0, 0.0, 0.0, 0.0, 0.0, 0.0, 0.0]
2022-12-18 20:24:06,737 Train INFO: mean test reward2: [19.126099358974365, 22.351106703640344, 17.715826195322798, 15.242016433326254, 20.55463588892918, 20.31992093729293, 16.557963519603643, 15.221695673741111, 14.152153813422641, 17.591299449169036, 20.23681679763648, 14.275927438763581, 16.04961239472112, 16.7548450181615, 21.77561010873254, 17.150412664844414, 11.28201616829685, 15.882462977346727, 12.811439092657132, 17.418876421303878, 15.713489151575798, 15.099231280821755, 13.934068744981236, 19.512245037468784, 16.604630485293008, 16.29660867936522, 14.878180925657446, 15.253927056619121, 17.47628912123658, 15.12191795590785, 18.379258992401223, 12.391882109721928, 19.60474972019522, 13.704290783962609, 18.80273596871967, 18.799045577510224, 11.733927561130594, 18.96361563161591, 16.03288807861419, 14.404803658544806, 15.148821073059407, 14.481825495843786, 19.452460490976982, 18.324743466135665, 15.802410803664472, 20.472406016614162, 15.385544475544078, 17.943485719275763, 16.631529820368687, 16.508306415921325]
2022-12-18 20:24:06,738 Train INFO: mean test reward3: [18.180101428886847, 16.835027484982156, 17.886983277840788, 17.024058773710934, 14.981768457421214, 12.753602216342937, 13.535717529450459, 17.774085893837622, 17.440053568850086, 13.59172025478112, 18.04108369974725, 12.075546247378306, 19.68000871239061, 14.506706712871464, 13.046692849214608, 15.099431332133822, 18.019952686958863, 16.592655437252407, 13.891713646288194, 18.312151896129098, 14.380738326524046, 17.260612419498994, 14.638607795594453, 9.449979102005233, 14.017682032635612, 19.28887234471675, 14.857827954338886, 14.165271891095733, 16.02081732262234, 14.206713321364392, 15.40676570938334, 15.864571618511746, 14.66886813825664, 14.024742209686313, 16.32081071412941, 18.873175958795184, 18.437978209617807, 13.67624721085988, 13.59172025478112, 16.70103439569167, 15.346767031081932, 15.268854921270785, 17.332558052075225, 14.080744935016972, 16.26581503614614, 16.046009413239233, 14.317675424142687, 12.264577536107087, 13.10959833318067, 15.757879601506637]
2022-12-18 20:24:06,738 Train INFO: mean test reward4: [11.481455517928133, 14.294981514581993, 14.627032096361503, 12.4122095399761, 13.704624637331694, 17.09309224724978, 14.43023238783014, 12.026482923494644, 17.22389974001388, 14.567033418060088, 15.799949019965732, 16.546654457178438, 19.082368965615906, 11.575213445845582, 14.904834101489987, 12.381514514440008, 16.037806481132584, 20.50306786354442, 13.172661235562028, 14.743132706994714, 11.435438153115937, 20.490761589351447, 17.15729108485848, 13.188081738954004, 12.881148945999936, 16.49319805157995, 14.017682032635612, 13.956313740612297, 15.584314627236889, 12.87581921961936, 13.766175997363206, 15.302878483762571, 16.85129386660526, 14.947846892817207, 16.83436591384035, 16.12027398197731, 11.481455517928133, 15.555863130971673, 15.8283052934133, 15.416050168104427, 13.091730926660048, 13.759662836769987, 13.66168591579788, 19.07456976458817, 12.497640197209874, 13.363346891695306, 13.109598333180667, 14.983284496339717, 18.22193710604062, 13.752581506695044]
2022-12-18 20:24:06,738 Train INFO: mean test reward: 0.0000,16.7066,15.4983,14.8462
2022-12-18 20:24:06,738 Train INFO: test seed: 7************************************
2022-12-18 20:45:44,720 Train INFO: mean test reward1: [0.0, 0.0, 0.0, 0.0, 0.0, 0.0, 0.0, 0.0, 0.0, 0.0, 0.0, 0.0, 0.0, 0.0, 0.0, 0.0, 0.0, 0.0, 0.0, 0.0, 0.0, 0.0, 0.0, 0.0, 0.0, 0.0, 0.0, 0.0, 0.0, 0.0, 0.0, 0.0, 0.0, 0.0, 0.0, 0.0, 0.0, 0.0, 0.0, 0.0, 0.0, 0.0, 0.0, 0.0, 0.0, 0.0, 0.0, 0.0, 0.0, 0.0]
2022-12-18 20:45:44,721 Train INFO: mean test reward2: [16.364477413069732, 17.17404841308603, 16.20048616425981, 10.883090489295594, 17.865232657885112, 21.560030288975096, 16.992675792971827, 12.311833207698326, 18.850535378267956, 17.856638684433488, 17.06206084006338, 19.790744994394412, 12.970600388473356, 21.22710804598214, 21.86677828210182, 15.786354119895456, 18.166458774952904, 16.915786438234477, 16.282374089874747, 16.974327417232413, 19.41586525998322, 17.36128853211679, 13.742611887597121, 22.39706628030874, 13.815021740840171, 16.965705764867543, 13.20964285001942, 18.72214309188441, 19.83469455232472, 16.924604934548388, 15.21924663314087, 16.434148389716775, 16.681204971953484, 20.35691620062545, 16.010177875269115, 20.375587579790494, 13.54541985493039, 16.848350666100636, 21.32201645860797, 19.711728374045975, 16.25568037220129, 11.729422222859107, 20.028944558816125, 14.675313428602296, 19.08251174839928, 14.665810694647998, 15.466172775308328, 14.810116335614612, 14.612109471657467, 16.875693413960125]
2022-12-18 20:45:44,721 Train INFO: mean test reward3: [17.401941421284743, 16.04504488734687, 16.73502968781313, 14.143650418983032, 18.315191048072396, 17.124151793697607, 11.732385585551544, 13.65462573874718, 17.82995687233771, 11.07812191725777, 11.68504810171891, 14.869763006759895, 17.389214869960174, 13.472654627069105, 15.414790412326406, 16.535034093475083, 14.686735544777264, 13.954619130254253, 15.225759123597628, 16.411007986899946, 15.670788731995115, 15.281761848928289, 14.649572101203718, 13.22866396089269, 14.925765732090557, 16.88768834989636, 11.142599802865751, 17.893673610101246, 16.951028888614236, 16.344073752961577, 12.683636555326176, 11.788388310882201, 13.52865735239976, 13.535717529450462, 16.346002804746306, 14.080744935016972, 14.743673844808775, 15.813882326837296, 14.080744935016973, 17.01261112612345, 16.78697120844588, 15.770786529164141, 14.499646535820764, 16.485035194890575, 14.506706712871466, 18.0601084246219, 12.92056704445189, 14.024742209686314, 13.52865735239976, 12.326476315001717]
2022-12-18 20:45:44,721 Train INFO: mean test reward4: [12.881148945999938, 14.317675424142688, 14.508280547625807, 14.302569391124674, 13.954619130254255, 11.853585365239955, 13.70478171347104, 11.481455517928133, 16.794234790970048, 14.017682032635612, 14.753318727964528, 7.658463178326013, 16.120273981977313, 12.761669064694898, 20.360803864027048, 10.147410040618695, 14.56703341806009, 17.695996467484825, 14.549802510544621, 14.791594071360528, 16.16579175949343, 18.462933703866252, 18.118412492565273, 15.994710683459427, 19.340985267168936, 16.091896555505496, 7.908534037619447, 14.06077783030877, 16.00723759542404, 13.215757033235185, 9.822108949317055, 18.9354626435711, 13.818471502627347, 13.46343991168198, 11.434977242425477, 16.0112335483948, 12.279998039499063, 11.776488430572085, 14.877962163984913, 16.409766024842853, 10.533094511691258, 12.321515836138596, 15.140994477124876, 14.052574898202117, 16.3788789429403, 14.051610372309753, 12.398612770806466, 16.3788789429403, 14.983284496339717, 12.026482923494644]
2022-12-18 20:45:44,721 Train INFO: mean test reward: 0.0000,17.0039,14.9841,14.2737
2022-12-18 20:45:44,722 Train INFO: test seed: 8************************************
2022-12-18 21:05:34,926 Train INFO: mean test reward1: [0.0, 0.0, 0.0, 0.0, 0.0, 0.0, 0.0, 0.0, 0.0, 0.0, 0.0, 0.0, 0.0, 0.0, 0.0, 0.0, 0.0, 0.0, 0.0, 0.0, 0.0, 0.0, 0.0, 0.0, 0.0, 0.0, 0.0, 0.0, 0.0, 0.0, 0.0, 0.0, 0.0, 0.0, 0.0, 0.0, 0.0, 0.0, 0.0, 0.0, 0.0, 0.0, 0.0, 0.0, 0.0, 0.0, 0.0, 0.0, 0.0, 0.0]
2022-12-18 21:05:34,926 Train INFO: mean test reward2: [18.14741876738422, 15.861959647573775, 15.356189240118354, 15.69851413398768, 20.917696104714086, 15.201866751826593, 18.175448897699017, 13.264950374297888, 16.682488432674916, 16.154940796582874, 15.0788471215457, 13.103986860341603, 13.456959788574352, 17.161941280952217, 14.72111508178938, 11.457031053320284, 17.47806782160422, 18.275793929148946, 17.34236090465341, 13.554763278646726, 12.911593943757524, 8.569843404522576, 18.036033510984403, 16.963978645108437, 9.68296556794504, 13.887308457985316, 18.675052122836732, 13.168425053324667, 17.707034385184073, 15.983034142174528, 15.860896049756455, 12.224876888192107, 19.4817101608503, 21.898910342527, 19.54191647065453, 17.27140365396557, 14.778672050556263, 15.774430711008804, 21.452020517456933, 14.675528188377958, 19.50563330140674, 13.344268991487933, 17.571549411164806, 16.10351650873081, 19.251268159863915, 17.550945001987575, 19.8139595929123, 17.25501005743896, 13.759132477811981, 13.309907198541989]
2022-12-18 21:05:34,927 Train INFO: mean test reward3: [17.02711571937516, 13.828650743906834, 19.38105764358068, 15.71478380383348, 17.024058773710937, 15.161731695323903, 14.380738326524044, 15.273737145985221, 16.28903555352328, 13.046692849214608, 17.735086481494033, 12.578570506111854, 17.97012071583657, 17.985080974416597, 14.436741051854703, 18.5360368465071, 13.891713646288192, 14.317675424142687, 15.35172750994505, 14.095306230078972, 13.109598333180669, 16.965579506855047, 13.248559592954356, 11.49718093647686, 15.273737145985221, 16.637006967417946, 15.721723205280476, 16.891030210312813, 12.878563897618927, 14.924801206198188, 13.109598333180669, 12.983629946833249, 14.19864643924226, 13.53571752945046, 16.417623727021326, 13.165601058511328, 14.687671119478114, 11.37811530876484, 13.228663960892687, 17.139881948179426, 15.513888935330227, 15.896754915511563, 15.407730235275709, 12.831226413786295, 14.512710539617611, 12.815500995237567, 15.800975399179796, 14.317675424142685, 15.8138823268373, 15.699677770815471]
2022-12-18 21:05:34,927 Train INFO: mean test reward4: [13.727250536014353, 13.521568224157546, 13.929542235466034, 12.68150790594708, 12.559610448751037, 17.091299808209907, 17.62355835775429, 12.934566622949587, 13.363346891695308, 16.761927804109813, 11.378115308764844, 11.441178211146202, 17.207289983442994, 13.472654627069101, 19.661984207265228, 15.645277831430665, 8.94191535627972, 10.636434720854549, 13.109598333180669, 13.109598333180669, 13.598623013416523, 17.7523173890095, 16.134302511666522, 13.752581506695046, 12.138609149759668, 14.79159407136053, 11.481455517928135, 11.497180936476862, 12.95985393638413, 9.75300249663027, 11.476495039065012, 14.849291407049233, 15.449683277892913, 16.791270116167198, 13.091730926660047, 14.302569391124678, 10.99243083769228, 14.554101418265937, 12.515507603730494, 17.953248558048397, 13.92870586776632, 10.492098036159557, 15.244845468311446, 17.579895856851614, 15.075720547533418, 15.296184815504294, 13.426176351566447, 14.193806393706891, 13.533258768422455, 15.79286768989079]
2022-12-18 21:05:34,927 Train INFO: mean test reward: 0.0000,16.0621,14.9926,13.9840
2022-12-18 21:05:34,927 Train INFO: test seed: 9************************************
2022-12-18 21:26:29,259 Train INFO: mean test reward1: [0.0, 0.0, 0.0, 0.0, 0.0, 0.0, 0.0, 0.0, 0.0, 0.0, 0.0, 0.0, 0.0, 0.0, 0.0, 0.0, 0.0, 0.0, 0.0, 0.0, 0.0, 0.0, 0.0, 0.0, 0.0, 0.0, 0.0, 0.0, 0.0, 0.0, 0.0, 0.0, 0.0, 0.0, 0.0, 0.0, 0.0, 0.0, 0.0, 0.0, 0.0, 0.0, 0.0, 0.0, 0.0, 0.0, 0.0, 0.0, 0.0, 0.0]
2022-12-18 21:26:29,259 Train INFO: mean test reward2: [23.42801049067691, 18.74554065639033, 15.154782703280798, 19.217280072363497, 13.860651130365715, 12.258825100979395, 14.729050516734866, 16.90592853144254, 19.197849403474272, 15.838617180167764, 14.737517366039645, 22.034856027689987, 16.77103102068741, 19.615050041097977, 15.096651979592279, 13.729431806917983, 18.200252235602434, 19.15945840041549, 16.41332726285203, 14.524969393635423, 17.70583915999034, 19.929961975599646, 18.282439294481485, 16.80212053165395, 16.82633212885709, 16.62833136486926, 17.016824729554962, 14.740592398823924, 15.568231650326565, 17.9385975082012, 19.504047595214637, 11.694032828032599, 23.87525382664485, 14.339730239774076, 19.346413081773864, 22.19471502648484, 13.129546748214196, 16.547746620057907, 17.827974168698532, 18.72269173242997, 18.92775134742949, 16.68754365784238, 24.01079160997827, 21.391102602642327, 15.848088276647331, 12.993129978132014, 17.847256595666718, 13.638790498678278, 13.188099506577727, 15.829050909031334]
2022-12-18 21:26:29,259 Train INFO: mean test reward3: [15.946910890235415, 18.5120627442989, 16.727969510762435, 16.30194248118078, 15.77078652916414, 15.98668598051636, 14.380738326524044, 13.898616404923596, 15.502600626119381, 14.738833799273403, 16.71394132334917, 10.992430837692279, 18.860013005169318, 14.07368475796627, 15.401883484668906, 15.407730235275709, 13.11665851023137, 15.77078652916414, 13.059528304225577, 16.75483971638199, 14.584330910314826, 15.800975399179794, 13.009529405641066, 10.743747272532739, 16.670845525676015, 19.60811107351127, 13.548552984461429, 14.806700104378539, 18.263110574073472, 11.719550130540574, 14.017682032635614, 14.867952459642757, 12.026482923494644, 13.250209066634516, 13.931719772223978, 19.710150899901464, 16.31581393473065, 15.27095427718241, 13.59172025478112, 15.179280848094974, 16.535034093475083, 18.17507678903774, 17.770744033421167, 13.52865735239976, 14.080744935016973, 16.264807988798758, 17.88004387639379, 12.76816351140494, 16.835027484982156, 18.315191048072396]
2022-12-18 21:26:29,259 Train INFO: mean test reward4: [14.98328449633972, 12.85960384025811, 16.624163559602085, 15.591217728148248, 13.562585692073903, 14.486739608163264, 16.017237375140944, 11.481455517928133, 10.636434720854549, 18.0789597277997, 8.992508655635449, 13.472654627069103, 14.983127420200374, 13.131219805293373, 18.273916021283963, 11.18146212642106, 13.467694148205982, 15.453715531399311, 15.25278436236041, 11.481455517928133, 15.565709753661638, 19.27236478023705, 20.85911162331802, 12.326476315001717, 15.749854898563571, 15.83635114938061, 11.378115308764844, 10.826472680884587, 13.752581506695044, 14.84929140704923, 9.75300249663027, 14.193806393706891, 12.919602518559525, 13.109598333180667, 15.039130145531034, 16.097805159433996, 11.537458243258792, 17.207289983442994, 14.422807744983139, 16.31917338869625, 11.00856456816637, 13.413441013097469, 15.278317408983668, 15.402186439419467, 13.285722694251948, 14.107613097640412, 14.38810111604935, 18.816963410191647, 15.644313305538303, 13.528657352399762]
2022-12-18 21:26:29,260 Train INFO: mean test reward: 0.0000,17.1720,15.3398,14.3180
2022-12-18 21:26:29,260 Train INFO: test seed: 10************************************
2022-12-18 21:45:48,166 Train INFO: mean test reward1: [0.0, 0.0, 0.0, 0.0, 0.0, 0.0, 0.0, 0.0, 0.0, 0.0, 0.0, 0.0, 0.0, 0.0, 0.0, 0.0, 0.0, 0.0, 0.0, 0.0, 0.0, 0.0, 0.0, 0.0, 0.0, 0.0, 0.0, 0.0, 0.0, 0.0, 0.0, 0.0, 0.0, 0.0, 0.0, 0.0, 0.0, 0.0, 0.0, 0.0, 0.0, 0.0, 0.0, 0.0, 0.0, 0.0, 0.0, 0.0, 0.0, 0.0]
2022-12-18 21:45:48,166 Train INFO: mean test reward2: [19.594748008914163, 18.464787659858178, 12.306207420214983, 23.2176466161433, 15.928300503939784, 13.21618210824963, 13.280222665861759, 15.587973448704103, 17.92992620171374, 17.74223812222276, 16.264882820512508, 15.075044605095076, 14.503151505227725, 19.241201391461388, 13.32627315008015, 13.25913220861151, 10.525648637377557, 12.727695785592905, 16.03263409841034, 12.679549437238126, 16.204735192821012, 12.42381201168396, 18.88000780860037, 14.502801092350165, 14.425173348856985, 17.34802277092777, 20.866142430606196, 21.902710372231773, 12.124364508865114, 12.786997256808826, 18.36991136860113, 17.766369985533565, 13.648161916340456, 13.15216830159919, 13.515784456993137, 14.838175371041922, 10.931980883246457, 12.101332800010297, 16.56886458164835, 17.624448486970827, 17.5665520238357, 16.632521418055234, 21.841858499803166, 21.211601203794334, 19.410024653924584, 18.21222074788561, 15.563591877781281, 13.811673024287598, 11.642601378876751, 16.655515976049468]
2022-12-18 21:45:48,166 Train INFO: mean test reward3: [14.308686195307253, 15.470793137657067, 14.925765732090555, 15.414790412326408, 12.571510329061153, 11.970480198163985, 12.45518716814544, 17.496056294180743, 14.317675424142687, 15.6900132964015, 19.66975069677429, 12.033543100545346, 17.139881948179426, 14.185781690763823, 13.59172025478112, 14.562709438202123, 12.138609149759665, 16.410684325574326, 12.326476315001717, 18.778707753821635, 16.346002804746306, 17.141024703235377, 11.970480198163983, 10.643374122301545, 16.657938598018514, 15.273737145985221, 14.093580390027942, 15.351727509945052, 17.98661850863529, 12.627633829995515, 13.4655944500184, 14.309650721199617, 13.891713646288192, 12.455187168145443, 11.140020696152401, 14.66886813825664, 15.513888935330227, 10.99243083769228, 13.59172025478112, 16.34974227440479, 15.946910890235419, 15.95981781789292, 15.200988616165649, 14.925765732090555, 15.625985868127778, 13.046692849214608, 16.835027484982152, 10.639019769235556, 15.946910890235417, 16.0574958074001]
2022-12-18 21:45:48,166 Train INFO: mean test reward4: [12.026482923494644, 12.621509227645669, 12.264577536107087, 13.290562739787317, 12.57816769678379, 16.496237203523243, 13.812580184996456, 10.833532857935289, 14.506706712871466, 16.227864704152573, 10.485037859108857, 13.99981462611499, 14.10761309764041, 13.172661235562032, 17.041289681226402, 11.18146212642106, 12.620573652944817, 16.48933410261189, 13.946573274286946, 14.85465697374189, 17.466834055885744, 17.829890349774175, 11.095167454826935, 11.476495039065012, 14.309807797338966, 16.423232390563186, 9.689939594248912, 13.215757033235183, 15.651241478586307, 15.296363044667878, 12.363647107919387, 17.22389974001388, 12.919602518559525, 14.258461810171053, 14.733311156441403, 11.553591973732882, 14.06077783030877, 15.565684681524985, 16.490298628504252, 17.090051398820705, 11.078121917257773, 15.386777451650898, 14.836789567221265, 14.795494663140186, 14.60916468984088, 13.51352236819024, 16.48600426004358, 13.66168591579788, 14.396304048156003, 13.752581506695043]
2022-12-18 21:45:48,167 Train INFO: mean test reward: 0.0000,15.8687,14.6023,14.0758
2022-12-18 21:45:48,167 Train INFO: test seed: 11************************************
2022-12-18 22:07:15,043 Train INFO: mean test reward1: [0.0, 0.0, 0.0, 0.0, 0.0, 0.0, 0.0, 0.0, 0.0, 0.0, 0.0, 0.0, 0.0, 0.0, 0.0, 0.0, 0.0, 0.0, 0.0, 0.0, 0.0, 0.0, 0.0, 0.0, 0.0, 0.0, 0.0, 0.0, 0.0, 0.0, 0.0, 0.0, 0.0, 0.0, 0.0, 0.0, 0.0, 0.0, 0.0, 0.0, 0.0, 0.0, 0.0, 0.0, 0.0, 0.0, 0.0, 0.0, 0.0, 0.0]
2022-12-18 22:07:15,044 Train INFO: mean test reward2: [12.04820662172328, 12.016416525251262, 22.379753839770583, 22.51119488677133, 14.164026821900809, 18.31031595322654, 15.360203065014433, 16.10932673247254, 12.434718148931694, 14.893136639894376, 19.502201460664537, 14.456484111210488, 15.34358875035884, 12.06092068034054, 18.16023398276028, 12.679964266094357, 18.724142651756015, 13.814486071276923, 15.68989804122961, 14.913538068801092, 16.947163565532676, 16.663761629657944, 13.72824228125292, 18.176073720254227, 11.679337484589654, 18.28949466445322, 19.756188876141792, 12.663207290384566, 16.941288804174683, 14.427123576326439, 17.589972505811243, 13.977258311780826, 15.62696003618038, 13.836276836717389, 14.847622237556639, 16.137650473529725, 14.187309096287077, 22.907676114083326, 20.138157633652824, 19.48189021923136, 16.74464008264303, 16.19671374690681, 12.859107469061588, 16.962257407021927, 17.566040580715935, 21.297877147608354, 13.386518843909204, 18.5108059359824, 15.287439675373399, 13.289247079037533]
2022-12-18 22:07:15,044 Train INFO: mean test reward3: [17.907114457235746, 17.795772049351303, 19.055630412451485, 14.869763006759895, 14.562709438202123, 16.712798568293223, 15.75787960150664, 15.414790412326408, 13.116658510231368, 9.939003782241086, 16.847934412639656, 12.208574810776426, 17.319091686354888, 14.736734443361778, 14.080744935016973, 12.753602216342939, 13.472654627069103, 13.360528400804082, 11.53745824325879, 19.960931689552798, 16.49193829580193, 16.346002804746306, 13.480529603216949, 10.398340108242106, 17.26602856369043, 16.35890973240381, 13.42359130318544, 15.390798403455937, 19.565979801730485, 16.889101158528085, 13.717688641128543, 12.753602216342937, 12.570503623989723, 15.896911991650905, 13.110533907881521, 16.115975074255992, 13.891713646288196, 13.187222530624028, 13.59172025478112, 16.05470936176084, 15.41479041232641, 12.761669064694901, 16.535034093475083, 13.10959833318067, 15.99601051465472, 14.085555687084875, 11.734111425602574, 15.684571737797464, 14.373678149473344, 10.88909062852899]
2022-12-18 22:07:15,044 Train INFO: mean test reward4: [13.215757033235187, 13.16653663321218, 14.616562361129446, 13.645594330732683, 12.920567044451891, 16.459860146245017, 14.017682032635612, 10.943367513808619, 17.573385086998762, 17.27990246534454, 13.300283989313948, 10.388757826996267, 12.286199008219787, 12.138609149759665, 12.286199008219787, 11.481455517928131, 14.354846217060356, 12.825182521204919, 14.06077783030877, 15.116056776597354, 13.727250536014353, 16.362269186369407, 10.66712974639064, 12.976697894730378, 13.886446437792877, 15.652180932342024, 16.36226918636941, 12.431670489163867, 13.70478171347104, 14.059813304416402, 14.108705748480608, 13.759662836769985, 13.696620926773278, 13.88675282514912, 17.329394420822354, 13.768472604042836, 12.627633829995517, 14.06077783030877, 11.481455517928133, 15.209688564687255, 11.481455517928133, 14.614530256533538, 11.536493717366424, 15.454185486914465, 15.22221547665187, 10.294999899078816, 13.10959833318067, 14.059813304416403, 14.796374058822764, 12.620573652944817]
2022-12-18 22:07:15,044 Train INFO: mean test reward: 0.0000,16.1135,14.7699,13.7005
2022-12-18 22:07:15,044 Train INFO: test seed: 12************************************
2022-12-18 22:28:45,020 Train INFO: mean test reward1: [0.0, 0.0, 0.0, 0.0, 0.0, 0.0, 0.0, 0.0, 0.0, 0.0, 0.0, 0.0, 0.0, 0.0, 0.0, 0.0, 0.0, 0.0, 0.0, 0.0, 0.0, 0.0, 0.0, 0.0, 0.0, 0.0, 0.0, 0.0, 0.0, 0.0, 0.0, 0.0, 0.0, 0.0, 0.0, 0.0, 0.0, 0.0, 0.0, 0.0, 0.0, 0.0, 0.0, 0.0, 0.0, 0.0, 0.0, 0.0, 0.0, 0.0]
2022-12-18 22:28:45,021 Train INFO: mean test reward2: [17.683778653109215, 17.563483224629064, 19.598964610617895, 18.619017027952953, 14.44884772631508, 16.564115928164483, 14.584681206537844, 17.50753825189273, 21.629709397223024, 20.758350299685475, 15.974231046369678, 14.781753305043532, 15.727548775260477, 20.104534458145693, 16.16291413382378, 10.509287068014542, 11.294027051106662, 10.002298927980073, 14.7397253434641, 13.327887521686382, 12.124758712749848, 11.84176397882245, 23.579502676569554, 16.792617895503696, 13.792202089532763, 16.609686924907145, 14.694076342314002, 12.136618708968163, 15.47919077217139, 16.2074256451327, 14.862281016822806, 12.666192749575078, 15.521565157427744, 15.798493396112896, 19.54890026391546, 17.658520287343244, 15.165547568963508, 13.666859255060574, 17.794804938312417, 20.688180343821966, 14.364917530866098, 15.57161472605828, 15.374697771426751, 13.209762384218838, 17.586445216191656, 17.876452753696647, 16.067119956832983, 15.205123883313245, 11.414836073841585, 15.642133420697201]
2022-12-18 22:28:45,021 Train INFO: mean test reward3: [15.580790714542994, 16.83502748498216, 16.841031311728305, 14.016717506743246, 14.562709438202123, 12.578570506111852, 15.456921684107199, 17.87366320630999, 14.949548517609806, 12.455187168145443, 13.187222530624028, 12.217092555533, 17.32405216521801, 15.580790714542996, 10.398340108242108, 14.206713321364392, 14.569769615252824, 15.813882326837298, 13.891713646288192, 15.414790412326408, 13.046692849214608, 17.380054890548664, 14.637672220893604, 10.673781611515977, 15.185284674841121, 16.645031670361014, 12.571510329061157, 17.630049383471228, 17.38005489054867, 11.07812191725777, 11.629045376388252, 11.970480198163983, 13.828650743906831, 13.472654627069101, 18.25506471810617, 15.88294871368885, 11.734111425602574, 16.154009960707217, 13.046692849214608, 17.97067560138973, 16.479031368144426, 18.079706899796147, 16.535034093475083, 14.875766833506043, 14.340263877767537, 17.17398851701715, 16.29000007941565, 13.053595607850012, 15.800975399179798, 16.0696734661509]
2022-12-18 22:28:45,021 Train INFO: mean test reward4: [10.636434720854549, 13.884624518045978, 14.71580281276121, 12.326476315001717, 12.209581482077688, 13.89811190992113, 12.218560171294891, 11.181462126421062, 12.94433001788511, 14.060777830308767, 16.131384062024562, 9.837529452709033, 19.21232669094031, 14.060777830308771, 12.264577536107089, 13.15849077724487, 10.470476564046857, 14.501341146178806, 15.038827190780474, 14.443643810490105, 14.052574898202117, 14.059813304416403, 15.7863522507961, 14.395325103065202, 16.985805127401438, 16.120273981977306, 13.27173080737433, 14.415809421254135, 14.844835423188576, 14.033247754267574, 11.986205616712715, 18.48994622415076, 12.85960384025811, 13.81258018499646, 14.370233709528726, 12.381514514440008, 8.992508655635449, 12.620573652944817, 14.302569391124678, 14.08140273127714, 12.810540516374447, 13.048635128986891, 14.059813304416405, 16.85225839249762, 11.18146212642106, 13.218489455546285, 12.026482923494644, 14.241606186930897, 13.60876545007433, 10.351002624409476]
2022-12-18 22:28:45,021 Train INFO: mean test reward: 0.0000,15.8105,14.8525,13.6091
2022-12-18 22:28:45,021 Train INFO: test seed: 13************************************
2022-12-18 22:50:15,465 Train INFO: mean test reward1: [0.0, 0.0, 0.0, 0.0, 0.0, 0.0, 0.0, 0.0, 0.0, 0.0, 0.0, 0.0, 0.0, 0.0, 0.0, 0.0, 0.0, 0.0, 0.0, 0.0, 0.0, 0.0, 0.0, 0.0, 0.0, 0.0, 0.0, 0.0, 0.0, 0.0, 0.0, 0.0, 0.0, 0.0, 0.0, 0.0, 0.0, 0.0, 0.0, 0.0, 0.0, 0.0, 0.0, 0.0, 0.0, 0.0, 0.0, 0.0, 0.0, 0.0]
2022-12-18 22:50:15,465 Train INFO: mean test reward2: [19.468967248348832, 15.989686651703126, 16.72098941945769, 17.97575999133212, 12.932904214221445, 12.515152273153761, 15.866243598399448, 11.691916141446555, 19.406345270773983, 19.038793183398717, 15.606905701140086, 13.606549315603766, 14.658633475790154, 17.377656864356954, 11.890425089540763, 16.98887769866668, 12.884199363810504, 13.78934121886255, 16.04688632979834, 13.510473129907538, 9.605123207582835, 11.42862953425008, 22.52309451760664, 11.65063055931596, 15.25068371983221, 14.978221146594382, 14.449740254198252, 13.751164559044167, 19.3994248484323, 15.153431461822283, 11.789833787970489, 18.206295887319914, 17.576553812147978, 16.610936118340483, 15.290591831643763, 13.965755059883323, 16.48611296915052, 13.308290976141006, 17.67491177495777, 18.924906280024143, 18.05643538044647, 11.797365883476854, 16.771523355318532, 20.464185646766925, 15.607373175175997, 14.806132728434727, 13.842258137095007, 15.609600136789735, 12.609195433594763, 14.302894775868543]
2022-12-18 22:50:15,466 Train INFO: mean test reward3: [17.91829619592589, 14.862702829709196, 13.10959833318067, 14.86173830381683, 14.862702829709196, 14.22833479347709, 14.736734443361776, 17.687589643020587, 17.46558661547334, 12.138609149759665, 15.482693017967184, 9.553319311168522, 18.11411358484396, 14.869763006759896, 14.875766833506045, 16.999030757780805, 16.34600280474631, 11.821122624188499, 14.736734443361776, 17.024058773710937, 16.046009413239233, 15.876105086637308, 14.601456328111434, 14.931769558836704, 16.84793441263966, 18.926872401132876, 14.876702408206892, 16.411007986899943, 17.024058773710934, 18.362222667340795, 12.264577536107085, 14.268612100259025, 16.26581503614614, 13.683307387910581, 12.572445903762004, 14.017682032635612, 13.486654205566799, 13.73224993619054, 15.20098861616565, 14.861738303816832, 14.981768457421214, 17.380054890548667, 15.407730235275707, 16.485035194890575, 12.683636555326176, 15.712482118944816, 16.15600699012516, 12.62057365294482, 17.380054890548664, 16.062734064703903]
2022-12-18 22:50:15,466 Train INFO: mean test reward4: [14.452306773486661, 13.172703380970923, 11.434118034095501, 13.77958742002317, 12.326476315001717, 12.326476315001717, 18.766964511607135, 9.584014336704616, 13.242669041987684, 17.27990246534454, 12.239720732717135, 16.267422648577057, 18.068920537087465, 14.84177119910863, 13.31807112385588, 12.026482923494644, 14.596637777876262, 16.190276285805666, 15.346361943252392, 15.700820525871425, 14.317675424142687, 19.619597170154677, 14.159906324403076, 14.789292728747817, 12.075546247378306, 15.250092011296736, 7.908534037619446, 13.285722694251948, 15.475117117515033, 15.450556687297837, 9.981451883811003, 16.85129386660526, 10.025701533107835, 14.683134028693301, 12.7546088876442, 15.250345679855688, 12.026482923494646, 13.409591724687742, 14.471269109348952, 13.214635431203476, 12.753602216342935, 12.075546247378306, 13.226535311513594, 14.488135213754017, 15.961234649810285, 14.85733726301654, 13.52865735239976, 17.023397202569132, 13.215757033235183, 14.01768203263561]
2022-12-18 22:50:15,466 Train INFO: mean test reward: 0.0000,15.3972,15.2165,14.0222
2022-12-18 22:50:15,466 Train INFO: test seed: 14************************************
2022-12-18 23:11:15,688 Train INFO: mean test reward1: [0.0, 0.0, 0.0, 0.0, 0.0, 0.0, 0.0, 0.0, 0.0, 0.0, 0.0, 0.0, 0.0, 0.0, 0.0, 0.0, 0.0, 0.0, 0.0, 0.0, 0.0, 0.0, 0.0, 0.0, 0.0, 0.0, 0.0, 0.0, 0.0, 0.0, 0.0, 0.0, 0.0, 0.0, 0.0, 0.0, 0.0, 0.0, 0.0, 0.0, 0.0, 0.0, 0.0, 0.0, 0.0, 0.0, 0.0, 0.0, 0.0, 0.0]
2022-12-18 23:11:15,688 Train INFO: mean test reward2: [12.72900581776832, 13.744126776911333, 14.921031544772072, 16.40670951222876, 14.321819134108228, 23.047941038912413, 13.469074174341772, 18.631025884794195, 15.456480679046448, 17.06102537848386, 15.509966161421225, 16.231052485550496, 24.89621877225687, 14.610984497346395, 18.476548557514633, 15.63722016472028, 13.54550584445697, 15.464542353821033, 15.36754436729869, 19.678206799969114, 19.528840883451366, 14.64439797944484, 21.392060177343097, 13.611459857398895, 16.427434933024447, 22.959093331419325, 13.794664337451975, 19.16066668452712, 16.551881105962053, 16.52563178557355, 16.891773712228133, 13.197718784897598, 13.231005191414301, 20.966014393821798, 20.20620016330976, 16.030847158216357, 14.357343541221292, 16.47033307942331, 16.81733164509788, 15.942742354134062, 16.565272660495985, 10.94557303204451, 15.16361351128322, 16.665640744419253, 15.390901700652645, 9.208960062935372, 17.231173795131422, 16.35758186297625, 14.12225941190254, 12.34318423369783]
2022-12-18 23:11:15,689 Train INFO: mean test reward3: [17.053613291890784, 13.109598333180669, 18.3215717181562, 13.898616404923592, 13.4655944500184, 16.489155873448297, 15.583854596346983, 17.33005599196415, 15.401883484668906, 13.172661235562028, 14.690256167859122, 9.452564150386243, 18.61564010490778, 14.869763006759896, 14.925765732090555, 17.712158163751482, 13.109598333180672, 14.59451692666444, 12.326476315001717, 17.659717263129046, 17.024058773710934, 15.813882326837296, 17.62908485757886, 10.285792147866717, 13.397875291465509, 19.180049597469203, 16.862660333966225, 14.675770896892042, 20.555027450933114, 15.157892818492492, 14.380738326524044, 16.31581393473065, 16.301942481180777, 13.046692849214608, 17.397239572903246, 13.109598333180669, 16.33371764178692, 11.979145439662013, 14.66886813825664, 14.686735544777262, 13.109598333180669, 11.853585365239958, 16.601132372918105, 14.284337518807751, 16.535034093475087, 18.260608513962413, 15.154650365248962, 13.109598333180667, 16.835027484982152, 16.42887539342057]
2022-12-18 23:11:15,689 Train INFO: mean test reward4: [16.55722547985367, 16.86981495216836, 11.18146212642106, 15.659262262416966, 15.444917429020366, 15.643216775643245, 17.97194261311806, 10.636434720854549, 14.854835202905475, 13.363346891695306, 12.618419114608399, 14.299808017622063, 17.254786821916436, 12.476160601878952, 17.40128175103489, 11.536493717366426, 13.42359130318544, 16.415306894621263, 13.464629924126033, 14.616562361129445, 16.470729229036635, 18.589580448318394, 16.134302511666522, 12.026482923494644, 14.672707015088054, 15.030525051672683, 7.317028356550281, 16.018201901033308, 12.321515836138596, 18.39435863819851, 11.536493717366426, 16.054734433897487, 12.881148945999936, 10.636434720854549, 12.160518158194025, 14.79159407136053, 14.660665206149988, 14.715802812761208, 13.926241703782441, 14.522930573039545, 7.586831248343158, 13.363346891695308, 18.723573537608885, 14.060777830308767, 10.636434720854549, 13.598623013416525, 13.752581506695044, 16.862258172214528, 11.230525450304722, 14.983284496339717]
2022-12-18 23:11:15,689 Train INFO: mean test reward: 0.0000,16.2382,15.2552,14.1870
2022-12-18 23:11:15,689 Train INFO: test seed: 15************************************
2022-12-18 23:31:58,744 Train INFO: mean test reward1: [0.0, 0.0, 0.0, 0.0, 0.0, 0.0, 0.0, 0.0, 0.0, 0.0, 0.0, 0.0, 0.0, 0.0, 0.0, 0.0, 0.0, 0.0, 0.0, 0.0, 0.0, 0.0, 0.0, 0.0, 0.0, 0.0, 0.0, 0.0, 0.0, 0.0, 0.0, 0.0, 0.0, 0.0, 0.0, 0.0, 0.0, 0.0, 0.0, 0.0, 0.0, 0.0, 0.0, 0.0, 0.0, 0.0, 0.0, 0.0, 0.0, 0.0]
2022-12-18 23:31:58,744 Train INFO: mean test reward2: [13.743687028990482, 16.837635009992205, 12.459730094076216, 18.83235486641157, 17.627072821740654, 17.876372687275346, 13.132609139717966, 22.21452910295425, 17.818805117876398, 20.505940509351305, 13.679755089518435, 17.850831737964995, 16.519015323111297, 15.970600071811898, 19.686659782291407, 12.738408894925188, 20.074187818595853, 15.864179260151067, 15.009475709448395, 12.000497909533005, 15.697072876062782, 15.338110430072355, 15.463761278166428, 14.97128919194287, 17.279448260315338, 13.80458567942826, 17.568838188109208, 16.75087436465878, 15.964719332681973, 21.48761948365081, 18.467865784533544, 15.717900829210967, 17.832946494266974, 11.927644303474791, 17.580883706320023, 13.662587295165183, 15.845957946175535, 12.952356192819632, 25.75834878486747, 16.723501441190056, 16.8871804352083, 14.89048642239365, 20.405208488922362, 14.189086820187049, 14.070688403073042, 11.629029779678739, 15.839626842050118, 13.397272599050503, 11.834550978139514, 17.32206293847456]
2022-12-18 23:31:58,744 Train INFO: mean test reward3: [16.701034395691675, 12.515507603730494, 17.53255364641327, 12.753602216342937, 18.57788702018287, 13.170532586182933, 14.986699985092821, 18.558143486717427, 12.837567422087227, 17.769081773615497, 17.838767414665647, 11.481455517928133, 15.420794239072555, 18.057044200541956, 15.934003962577917, 12.712160786074278, 14.436741051854703, 17.391272046692738, 15.813882326837296, 16.115975074255992, 17.985080974416594, 17.985080974416594, 15.471728712357919, 14.031681611133308, 15.762761826221073, 14.993668337731334, 11.481455517928131, 15.414790412326408, 15.583854596346983, 14.561744912309756, 13.52865735239976, 14.82789974555876, 14.149583115358599, 14.33073942793953, 15.866628795244306, 16.48503519489057, 14.66886813825664, 13.795312838571899, 17.062093660162162, 16.15600699012516, 15.959817817892919, 17.838767414665647, 14.675770896892042, 11.860237230365293, 15.712482118944813, 17.062093660162162, 13.55027882451246, 13.10959833318067, 15.89675491551156, 14.861738303816834]
2022-12-18 23:31:58,744 Train INFO: mean test reward4: [12.627633829995517, 16.436238525221828, 10.63643472085455, 11.923142714331355, 12.07458172148594, 17.9463091566014, 14.43023238783014, 11.481455517928133, 12.515507603730496, 15.920741344607002, 16.364490257003425, 15.320770962419845, 13.598623013416523, 13.226535311513594, 14.536015990532102, 12.934566622949585, 17.39632127217177, 17.5298969582671, 12.026482923494644, 12.871503720568228, 14.208367688768892, 18.31891503001003, 17.768927145580392, 12.326476315001717, 13.22959953559354, 16.05030832096055, 12.627633829995517, 12.026482923494644, 15.651241478586309, 14.849291407049233, 13.17266123556203, 15.828305293413303, 14.407606489147483, 12.38151451444001, 16.784367015255842, 16.097805159433996, 13.752581506695044, 15.608780479198142, 15.344824409033691, 15.10052735550104, 9.226488244394815, 15.565709753661638, 15.056058098295942, 16.362269186369407, 12.619609127052453, 16.18333688435867, 12.026482923494642, 12.515507603730496, 12.264577536107087, 15.194846569726934]
2022-12-18 23:31:58,745 Train INFO: mean test reward: 0.0000,16.2341,15.3055,14.2870
2022-12-18 23:31:58,745 Train INFO: test seed: 16************************************
2022-12-18 23:55:18,875 Train INFO: mean test reward1: [0.0, 0.0, 0.0, 0.0, 0.0, 0.0, 0.0, 0.0, 0.0, 0.0, 0.0, 0.0, 0.0, 0.0, 0.0, 0.0, 0.0, 0.0, 0.0, 0.0, 0.0, 0.0, 0.0, 0.0, 0.0, 0.0, 0.0, 0.0, 0.0, 0.0, 0.0, 0.0, 0.0, 0.0, 0.0, 0.0, 0.0, 0.0, 0.0, 0.0, 0.0, 0.0, 0.0, 0.0, 0.0, 0.0, 0.0, 0.0, 0.0, 0.0]
2022-12-18 23:55:18,875 Train INFO: mean test reward2: [17.313290578341583, 15.883881371129837, 13.568502769902363, 19.421209897268113, 15.88338927743151, 14.489700745426763, 8.194200799894451, 15.791243972631861, 20.99287588486372, 16.824631832707944, 19.10244828539019, 16.570967441684918, 17.53966479160726, 18.39730750296251, 18.40743281988621, 16.4742821286042, 18.864997689931442, 13.444854286510965, 13.192995012793398, 15.457541293817062, 14.002660815797382, 18.35562177618153, 19.607168597323213, 16.455622356961072, 14.537463276403528, 14.803549211660313, 16.64146542762637, 13.422004330794401, 12.308407530867427, 20.10141861821593, 20.80462217207449, 23.9140285856874, 19.15539351019827, 18.86801137966064, 19.516054600976204, 18.71230918009573, 12.78303190830258, 15.569715035929836, 17.5498745134611, 16.2576364684388, 14.538931192071031, 16.945157567843218, 19.122602902243877, 22.410855930306898, 8.777897620792361, 14.820013358420725, 18.65825767305544, 19.417074004327375, 15.401189776385708, 16.683063883195885]
2022-12-18 23:55:18,875 Train INFO: mean test reward3: [16.15600699012516, 15.296768132497416, 17.64909526137012, 15.769822003271774, 17.821582732311075, 15.804714868838278, 12.808598236602165, 17.774085893837626, 16.645031670361014, 15.157892818492492, 18.360701533949083, 11.5471034686905, 18.176614323256437, 11.481455517928133, 11.481455517928135, 16.509041551652587, 12.983629946833249, 15.979604650441415, 15.813882326837298, 17.7957720493513, 15.200988616165649, 14.380738326524046, 12.520504725405212, 15.670788731995117, 15.073355590550676, 16.776164083149187, 11.481455517928131, 15.414790412326408, 12.564570927614158, 16.344073752961574, 15.769822003271774, 14.33433607511631, 17.330055991964155, 14.686735544777266, 15.971717698203038, 17.770619307834195, 16.315813934730652, 15.502600626119383, 15.513888935330225, 14.686735544777264, 17.43293932670563, 15.051734118437977, 16.56762742132227, 14.875766833506045, 16.797935514055148, 15.701798622027292, 14.541599578437971, 12.620573652944818, 16.346002804746306, 16.791931687309]
2022-12-18 23:55:18,875 Train INFO: mean test reward4: [13.363270525324433, 12.518092652111505, 13.759662836769985, 14.373678149473346, 12.606702199394947, 13.360528400804082, 14.983284496339717, 12.934566622949587, 14.317675424142685, 15.056058098295939, 13.31807112385588, 15.836351149380612, 17.028357681432254, 15.702358060090125, 14.20836768876889, 12.089545825876002, 12.281623073676249, 15.29636304466788, 12.264577536107083, 18.241342069245352, 16.55722547985367, 19.661984207265228, 14.549140939402815, 16.429335424310473, 15.395254387316594, 15.961077573670938, 9.094989656468762, 13.363346891695308, 14.441342467877396, 14.896788245522679, 15.038165619638669, 14.98882829219596, 17.461001644137617, 16.479334322894985, 15.394823307618205, 14.301604865232312, 11.481455517928133, 15.15465036524896, 15.356051489803013, 17.14172502095057, 17.041289681226402, 15.320770962419846, 15.705115554537874, 16.852258392497625, 13.704781713471037, 14.858020799431861, 12.515507603730494, 15.711240156887724, 13.17266123556203, 14.549140939402818]
2022-12-18 23:55:18,876 Train INFO: mean test reward: 0.0000,16.7191,15.4210,14.7224
2022-12-18 23:55:18,876 Train INFO: test seed: 17************************************
2022-12-19 00:17:24,754 Train INFO: mean test reward1: [0.0, 0.0, 0.0, 0.0, 0.0, 0.0, 0.0, 0.0, 0.0, 0.0, 0.0, 0.0, 0.0, 0.0, 0.0, 0.0, 0.0, 0.0, 0.0, 0.0, 0.0, 0.0, 0.0, 0.0, 0.0, 0.0, 0.0, 0.0, 0.0, 0.0, 0.0, 0.0, 0.0, 0.0, 0.0, 0.0, 0.0, 0.0, 0.0, 0.0, 0.0, 0.0, 0.0, 0.0, 0.0, 0.0, 0.0, 0.0, 0.0, 0.0]
2022-12-19 00:17:24,754 Train INFO: mean test reward2: [13.337644319779375, 12.949248567123956, 13.283151182620394, 15.360622280061637, 15.173104018001455, 15.305711964230754, 13.797401794235926, 16.93728031282271, 14.442793058075193, 11.572748863167604, 15.207547933097574, 19.11555938019809, 16.5562924215516, 13.5650663342555, 16.92422183348817, 15.938959817075286, 17.17701250932546, 12.615390036207904, 12.609383558921746, 16.11258609568116, 18.95462661924132, 16.15707171314888, 19.142558762869044, 19.461932953661297, 9.245568784174168, 18.943106073968945, 16.159112290521495, 17.767727477300028, 12.24635746947302, 15.035142637721686, 17.97885782700758, 14.956126445676222, 18.410755672415203, 13.606477030035354, 16.245946233200616, 15.27167044427684, 18.183485990570258, 14.821682391096807, 15.473155208917477, 13.634501620511996, 11.29741111323191, 12.839158351860284, 16.68512519856134, 12.676037822461952, 16.445212409312486, 13.78422073126098, 14.534832115777558, 12.746473652238702, 18.342337951540838, 18.466599947789796]
2022-12-19 00:17:24,755 Train INFO: mean test reward3: [15.21773442065456, 13.472654627069101, 18.913175077662796, 14.675770896892042, 13.248559592954358, 15.592569140802182, 13.300207965219029, 19.3000811095178, 12.476645280175187, 14.875766833506043, 17.687589643020583, 11.719550130540576, 16.479031368144426, 14.569769615252824, 13.891713646288192, 17.32405216521801, 15.200988616165652, 10.495336667346496, 12.745535334220806, 14.506706712871464, 16.046009413239233, 16.289035553523277, 18.31002512073968, 10.589097237021917, 15.776790355910286, 16.18763579207998, 12.990569348280244, 15.381659896648433, 16.557502916018397, 16.889101158528085, 11.481455517928131, 15.27095427718241, 15.281761848928287, 14.380738326524046, 14.142643713911605, 13.59172025478112, 18.176614323256437, 12.642195125057517, 15.200988616165649, 10.191659689915529, 15.946910890235419, 12.454615496137126, 16.84793441263966, 13.52865735239976, 15.99601051465472, 10.541354032158692, 12.745535334220808, 11.230525450304723, 13.954619130254251, 14.221274616426392]
2022-12-19 00:17:24,755 Train INFO: mean test reward4: [11.916648267621314, 13.4655944500184, 13.424193262703291, 14.72870974041871, 11.481455517928131, 17.45728447636555, 13.554803874164277, 12.026482923494644, 14.791594071360526, 14.774563032539618, 14.904834101489985, 14.549802510544621, 13.88976983302907, 12.326476315001717, 16.49626227565989, 11.181462126421058, 11.965519719300865, 10.692437446185208, 13.718624215829392, 15.19986701413394, 18.9773318675931, 15.943210167150315, 15.275253184903724, 11.719550130540576, 11.776488430572085, 14.899890023453857, 13.215757033235185, 10.99243083769228, 15.05605809829594, 13.151729604961462, 11.006430416189977, 19.51578306695346, 11.078121917257771, 15.92628221438541, 11.553591973732882, 13.285722694251948, 15.192785684058997, 14.302569391124676, 15.039130145531033, 12.455551070837977, 11.00856456816637, 9.925449158480346, 13.109598333180669, 16.80225949391311, 11.831526630010377, 13.363346891695306, 14.635334235469292, 15.344824409033695, 14.441342467877396, 13.562585692073899]
2022-12-19 00:17:24,755 Train INFO: mean test reward: 0.0000,15.3499,14.5708,13.7387
2022-12-19 00:17:24,755 Train INFO: test seed: 18************************************
2022-12-19 00:40:54,759 Train INFO: mean test reward1: [0.0, 0.0, 0.0, 0.0, 0.0, 0.0, 0.0, 0.0, 0.0, 0.0, 0.0, 0.0, 0.0, 0.0, 0.0, 0.0, 0.0, 0.0, 0.0, 0.0, 0.0, 0.0, 0.0, 0.0, 0.0, 0.0, 0.0, 0.0, 0.0, 0.0, 0.0, 0.0, 0.0, 0.0, 0.0, 0.0, 0.0, 0.0, 0.0, 0.0, 0.0, 0.0, 0.0, 0.0, 0.0, 0.0, 0.0, 0.0, 0.0, 0.0]
2022-12-19 00:40:54,759 Train INFO: mean test reward2: [18.499196837083307, 17.443463062605563, 13.318418712586299, 20.282936880680353, 20.198454828198404, 16.93889714475027, 10.709004356697491, 15.523800077717112, 15.885322560265271, 18.32168434588753, 15.489451704146349, 19.040555943964115, 19.364682695973798, 12.182396205270102, 19.365073289951393, 18.700274925378395, 17.440244898957996, 16.921516766719023, 15.906184970757481, 16.964878975397983, 19.187995718912823, 22.22602344641439, 15.86480306421772, 12.491815797645428, 17.403465169618553, 14.449260954515465, 13.05236719033573, 14.650019542174181, 14.539029856359814, 20.306691028209315, 17.333726741927617, 16.82902467394065, 19.715357634025853, 16.156303654501407, 16.103755254072382, 19.63740417034971, 15.570152393924399, 12.139123264169136, 20.045732277780047, 20.292513799913408, 20.362307883515754, 21.45721785194612, 26.18356971560815, 14.482633105112104, 13.728025069331165, 12.111344190226317, 14.063849557740474, 17.16859710441881, 16.38168332556494, 10.391335984808231]
2022-12-19 00:40:54,759 Train INFO: mean test reward3: [18.7066559648808, 16.346002804746306, 18.53603684650709, 15.646917498728344, 18.28285410753892, 15.449683277892913, 15.946910890235417, 16.479031368144426, 15.225759123597626, 14.02474220968631, 14.095306230078972, 16.479031368144426, 16.97405987512643, 14.017682032635614, 10.992430837692282, 15.946910890235419, 13.891713646288192, 16.608904225326366, 17.465586615473338, 12.571510329061153, 16.89103021031282, 16.645031670361014, 14.448640932164825, 15.114797020819335, 14.862702829709196, 21.0568853511023, 13.486654205566797, 14.506706712871464, 16.909875712989308, 14.031681611133308, 13.17266123556203, 13.598623013416521, 12.983629946833249, 16.491938295801926, 15.232698525044626, 14.436741051854703, 16.07678374741736, 13.313190916971449, 13.59172025478112, 17.20200147769266, 16.879887218196057, 17.46558661547334, 17.861097092423552, 14.925765732090555, 13.591720254781121, 18.11565111906266, 13.480529603216949, 13.472654627069103, 15.896754915511558, 18.47164723590039]
2022-12-19 00:40:54,759 Train INFO: mean test reward4: [14.789292728747817, 13.77958742002317, 16.24027518439018, 14.72622982636646, 12.92056704445189, 16.622748833513008, 12.753602216342937, 10.840027304645329, 15.987807582548069, 17.933590939973595, 13.446762517605414, 14.941331453722515, 17.696314663678844, 10.281445275318077, 14.688094507556421, 11.536493717366426, 11.18146212642106, 13.642149890788067, 14.19380639370689, 16.537795466977705, 12.815500995237569, 14.616562361129445, 17.702318490424993, 15.21525450660231, 14.107613097640414, 15.575246576410796, 12.627633829995517, 15.038827190780474, 13.109598333180669, 15.711240156887722, 12.138609149759665, 13.045713561847851, 16.33683534674729, 15.48035503254288, 17.396003075977756, 13.593257446723864, 10.973986172973836, 15.754178878421536, 10.147410040618697, 15.705115554537873, 10.724452590741734, 15.65124147858631, 16.006273069531677, 12.515507603730496, 16.006273069531677, 10.003073355923705, 11.524620146489854, 16.48600426004358, 13.17266123556203, 14.218613201674511]
2022-12-19 00:40:54,759 Train INFO: mean test reward: 0.0000,16.8564,15.5581,14.1628
2022-12-19 00:40:54,760 Train INFO: test seed: 19************************************
2022-12-19 01:03:23,381 Train INFO: mean test reward1: [0.0, 0.0, 0.0, 0.0, 0.0, 0.0, 0.0, 0.0, 0.0, 0.0, 0.0, 0.0, 0.0, 0.0, 0.0, 0.0, 0.0, 0.0, 0.0, 0.0, 0.0, 0.0, 0.0, 0.0, 0.0, 0.0, 0.0, 0.0, 0.0, 0.0, 0.0, 0.0, 0.0, 0.0, 0.0, 0.0, 0.0, 0.0, 0.0, 0.0, 0.0, 0.0, 0.0, 0.0, 0.0, 0.0, 0.0, 0.0, 0.0, 0.0]
2022-12-19 01:03:23,381 Train INFO: mean test reward2: [19.513875352085677, 19.467534895094563, 14.106789766953813, 12.68702670708263, 18.815825566542618, 13.486333040739153, 14.031188619985643, 15.41263248156841, 16.34545548284231, 17.738280349526445, 18.649666725523815, 18.848074651847284, 13.452143162867621, 17.286024772157738, 12.5490651412094, 11.2698736987564, 12.750750237717485, 15.250144534069525, 18.53844712512488, 11.834165561795022, 17.978822778310988, 16.842749800845226, 17.005921187022555, 15.48328450671149, 13.5173661920028, 14.308044695003968, 15.53333037523784, 14.938971527959042, 15.448996598037018, 14.463527089766293, 14.824985227746254, 20.968559518801648, 17.914296761283886, 15.58056638491818, 11.020883386369679, 20.649300434608804, 13.086063260822261, 14.81939831282645, 18.0096773436225, 20.25763243573043, 19.019123137309425, 14.347224406295037, 17.171666412837105, 18.949757776543937, 16.75659316583163, 10.98496699836527, 17.85381466258337, 14.7037668442048, 13.409209898038581, 18.83213038380726]
2022-12-19 01:03:23,381 Train INFO: mean test reward3: [15.346767031081928, 14.095306230078972, 14.925765732090555, 15.934003962577915, 17.46558661547334, 15.091766034307142, 16.062734064703903, 18.75213525430933, 16.246904281742488, 12.753602216342937, 16.156006990125157, 12.208574810776428, 16.754839716381994, 13.961679307304955, 12.564570927614158, 16.42887539342057, 15.470793137657067, 17.595712323190085, 16.046009413239233, 11.923142714331355, 17.246061801258183, 14.794679448464718, 18.51060300688497, 15.364791513741897, 16.608904225326366, 17.06768823061064, 16.417623727021326, 14.569769615252822, 14.794679448464718, 12.578570506111856, 14.672707015088054, 18.22411116172989, 13.059528304225575, 14.925765732090555, 11.435438153115939, 15.200988616165649, 15.826789254494798, 16.835027484982156, 14.668868138256641, 13.607140758173095, 14.86173830381683, 16.046009413239233, 16.046009413239233, 14.925765732090555, 14.080744935016973, 16.695915423912297, 15.800975399179798, 12.475230296948565, 13.898616404923594, 15.770786529164138]
2022-12-19 01:03:23,381 Train INFO: mean test reward4: [13.215757033235187, 16.124174573756964, 12.131520021517451, 12.420234242919168, 14.715802812761208, 16.479334322894985, 15.964141797750885, 12.026482923494646, 14.48053716724305, 16.362269186369407, 14.944928443175248, 14.549802510544621, 17.868417999642713, 11.087047973939708, 14.312714945279565, 14.493138214072154, 14.441342467877396, 17.282941275011883, 13.10959833318067, 14.302569391124678, 13.898616404923596, 18.229548967514585, 15.454185486914465, 15.7863522507961, 11.776488430572085, 17.218254289052258, 12.321515836138595, 13.109598333180669, 15.09818937007673, 15.644313305538304, 13.766175997363206, 17.351282852450378, 15.154650365248962, 13.661685915797882, 14.151717267334993, 14.905798627382355, 14.441342467877394, 9.836670244379057, 8.397558717855299, 12.934566622949585, 12.026482923494642, 10.598023293703855, 12.264577536107087, 12.983629946833247, 10.636434720854549, 11.923142714331354, 16.556260953961306, 14.022283448658307, 13.215757033235187, 19.690698772061832]
2022-12-19 01:03:23,382 Train INFO: mean test reward: 0.0000,15.9343,15.2559,14.1474
