2022-12-11 11:00:52,095 Train INFO: Namespace(logger=<Logger Train (INFO)>, name='A2C2022-12-11-11-00-52', gpu='0', device=device(type='cuda', index=0), gamma=1, epoch_num=3000, train_episode=2000, test_episode=50, val_episode=50, test_size=0.1, val_size=0.5, batch_size=50, train_batch_size=50, num_steps=10, h=1, w=[120, 50], nn_out=40, share_lr=0.0001, actor_lr=0.0001, critic_lr=0.01, step=20, lr_min=1e-05, e_rate=0.001, a_rate=1, c_rate=1, lr_decay_lambda=0.99, duse_T=True, est_T=False, use_pref=False, same_price=False, use_price=True, only_test=True, test_benchmark=True, no_cus=True, change_T=True, num='0', print_grad=False, max_norm=10, seed_range=20, net_seed=47, info=True, selling_length=200, cardinality=4, ini_inv=2, num_products=57, number_samples=10000, num_cus_types=4, seg_prob=[0.4, 0.3, 0.1, 0.2], num_cus_features=4, p_file='../Gene_databeta/save/expedia_prop_features.npy')
2022-12-11 11:00:52,095 Train INFO: log/A2C2022-12-11-11-00-52
2022-12-11 11:00:53,987 Train INFO: products price: [142.19711247 151.98599171 102.64709491 178.20763238 141.29402938
 126.70564929 113.29384155 110.89915292 139.93040185 104.78139591
 215.35799721  88.30556835 168.52134943 208.55338737 118.30113621
 200.79038063  98.29018954 106.42409558 230.43245826 181.61673989
 216.62308194 111.69995734 205.43402531  77.75741491  97.80493605
  74.52117468 204.93956053  75.80048576  92.69885696  69.67685107
  74.58481392  69.59005217  99.66155186 162.8603774  237.29112377
 122.2126781  169.00415941  79.00614196 148.2546165  149.00459998
  89.00592168  71.00631819  74.0062521  138.67149427  62.00651644
  59.00658253 117.00530489  43.00693498 109.00548111  73.00627413
 164.00426956  59.00658253 139.00482026  79.33946795 112.00541503
 159.0043797  109.00548111]
2022-12-11 11:00:53,987 Train INFO: Load Factor 1.7543859649122806
2022-12-11 11:00:53,987 Train INFO: test seed: 0************************************
2022-12-11 11:21:08,148 Train INFO: mean test reward1: [0.0, 0.0, 0.0, 0.0, 0.0, 0.0, 0.0, 0.0, 0.0, 0.0, 0.0, 0.0, 0.0, 0.0, 0.0, 0.0, 0.0, 0.0, 0.0, 0.0, 0.0, 0.0, 0.0, 0.0, 0.0, 0.0, 0.0, 0.0, 0.0, 0.0, 0.0, 0.0, 0.0, 0.0, 0.0, 0.0, 0.0, 0.0, 0.0, 0.0, 0.0, 0.0, 0.0, 0.0, 0.0, 0.0, 0.0, 0.0, 0.0, 0.0]
2022-12-11 11:21:08,148 Train INFO: mean test reward2: [11.812458310088596, 14.166794238307777, 14.924229262801264, 14.835264069050272, 15.970638813073986, 11.31844578188322, 13.465667495737357, 16.610231735138374, 12.887027816815236, 15.355163294370172, 16.338582185378982, 14.778704583876392, 18.53167503490865, 12.376706642829326, 14.211631306222719, 16.59688919133732, 13.579356561209183, 10.286076445293396, 14.868073821842746, 14.410789607858215, 16.56656814292044, 9.026305328581655, 15.098417514934875, 15.996155313056338, 8.299069230818677, 9.895266460541958, 14.017961550732817, 13.862324229288042, 12.527285029526807, 14.516825370681968, 8.431065474068687, 16.213885103730306, 16.92707784669378, 15.30101030844172, 11.233626616863313, 13.737690245777747, 12.11701183716951, 10.422248634831938, 20.812229756903285, 19.758353775108986, 16.17530171211282, 16.955226085693365, 19.5092303337724, 14.411280951865283, 12.788641736887717, 14.863712160519476, 16.079411360235564, 13.673766709522486, 13.818096509887546, 13.149977713547791]
2022-12-11 11:21:08,148 Train INFO: mean test reward3: [10.784024579314668, 12.138609149759665, 17.939121670161843, 13.71768864112854, 11.900514537147222, 9.211884489392789, 10.780566077390251, 13.813373831069365, 17.01607629534997, 11.230525450304722, 17.32405216521801, 13.297622916838018, 11.196023421483062, 13.423591303185441, 14.080744935016972, 14.675770896892042, 12.983629946833249, 12.63244458206342, 14.736734443361776, 10.99243083769228, 10.736687095482036, 13.828650743906833, 9.909315428006254, 10.692437446185208, 14.584330910314824, 12.333415716448712, 12.578570506111854, 10.636434720854547, 10.463988059004475, 12.455187168145445, 11.481455517928133, 12.026482923494644, 12.745535334220808, 13.300207965219027, 14.448640932164825, 12.264577536107087, 11.30900885607806, 12.627633829995519, 15.200988616165649, 12.392124265764084, 13.472654627069101, 9.86329806319406, 15.059800966789936, 10.533094511691258, 13.83075009981846, 8.662281149282745, 16.858898718248927, 10.519539887930518, 12.574556288132623, 14.925765732090554]
2022-12-11 11:21:08,149 Train INFO: mean test reward4: [12.92056704445189, 10.826472680884589, 11.006430416189977, 14.30965072119962, 13.373189595272867, 11.481455517928133, 8.73899353963103, 9.878970882977692, 8.397558717855299, 11.18146212642106, 8.589175054965088, 10.138686967702833, 15.631249301741455, 11.393045192192927, 14.54980251054462, 12.381514514440008, 12.089545825876003, 8.353309068558467, 10.147410040618697, 11.688539015527336, 10.429035133778196, 12.681507905947083, 13.4655944500184, 12.871503720568226, 11.378115308764844, 16.852258392497625, 13.467694148205982, 12.28162307367625, 10.636434720854549, 13.285722694251945, 10.692437446185208, 12.934566622949587, 14.720663884451401, 13.327909288172796, 10.933785232562782, 6.472007559476697, 11.553591973732882, 13.131219805293371, 9.09498965646876, 13.574485572384015, 11.719550130540576, 11.644770794936983, 15.830148708460397, 15.34732646914476, 15.711240156887722, 15.038827190780475, 11.553591973732882, 9.609322036499181, 10.533094511691258, 11.481455517928133]
2022-12-11 11:21:08,149 Train INFO: mean test reward: 0.0000,14.2702,12.7238,11.9866
2022-12-11 11:21:08,149 Train INFO: test seed: 1************************************
2022-12-11 11:41:12,128 Train INFO: mean test reward1: [0.0, 0.0, 0.0, 0.0, 0.0, 0.0, 0.0, 0.0, 0.0, 0.0, 0.0, 0.0, 0.0, 0.0, 0.0, 0.0, 0.0, 0.0, 0.0, 0.0, 0.0, 0.0, 0.0, 0.0, 0.0, 0.0, 0.0, 0.0, 0.0, 0.0, 0.0, 0.0, 0.0, 0.0, 0.0, 0.0, 0.0, 0.0, 0.0, 0.0, 0.0, 0.0, 0.0, 0.0, 0.0, 0.0, 0.0, 0.0, 0.0, 0.0]
2022-12-11 11:41:12,128 Train INFO: mean test reward2: [12.537582683443105, 16.96017778719914, 11.297976939298836, 16.436352591697723, 16.135052043873312, 14.366604026853635, 6.252801849921506, 8.619142093416672, 15.332173604736637, 11.728713080696062, 18.62036032469367, 13.769310848031063, 16.304438612899713, 11.605107568795647, 18.827645843607336, 11.023762365219474, 10.40777360650963, 13.414441120648974, 15.519861300647163, 10.427615491246053, 12.388231081364305, 12.311984018713177, 17.399285766458224, 16.28602792762296, 10.863207525987463, 13.607292586277474, 13.910157425822112, 13.941243958953462, 8.335095058903157, 14.42003006074218, 17.639793527233177, 15.602437311831201, 8.811924269730623, 12.095153722155798, 17.434278128475974, 11.47788682766353, 9.283378382247152, 11.37113475946205, 14.486136795568116, 13.027708280051492, 13.87448841123902, 11.905693830079482, 14.040420361210092, 14.123528481635597, 15.59415980343713, 11.002636313314744, 10.772535801261926, 12.557046754729997, 11.340768427934695, 19.658721353793695]
2022-12-11 11:41:12,128 Train INFO: mean test reward3: [16.044929693513666, 12.000766911774713, 13.52865735239976, 12.642195125057519, 14.19864643924226, 12.69860616231354, 10.288956348773391, 14.436741051854703, 14.018617607336461, 11.547103468690501, 12.326476315001715, 9.939003782241087, 17.380054890548667, 12.809604941673596, 9.06429463093267, 13.472654627069101, 11.719550130540574, 13.828650743906833, 11.230525450304722, 9.56788060623052, 11.775552855871235, 16.988621170188427, 13.85455020271465, 13.59172025478112, 16.251786506456927, 15.281761848928287, 9.21188448939279, 14.562709438202125, 12.64219512505752, 11.726489531987571, 9.346638892841943, 10.191659689915527, 12.075546247378306, 12.455187168145443, 13.653619033675751, 13.59172025478112, 14.152168163739608, 6.691383393234038, 14.668868138256641, 10.009567802633743, 14.869763006759896, 9.689939594248912, 11.299363630646349, 12.075546247378306, 14.08074493501697, 10.733431279958939, 16.55290149999571, 12.075546247378309, 13.954619130254253, 12.223136105838424]
2022-12-11 11:41:12,128 Train INFO: mean test reward4: [12.036128148926352, 10.398340108242106, 10.636434720854549, 7.612445813513818, 13.306696470261413, 9.434195852038673, 12.959853936384127, 10.770469955553931, 15.65235916150561, 10.992430837692279, 13.348827742042202, 8.651073833859718, 13.953654604361889, 9.3904071134323, 12.959853936384127, 8.844918797175328, 11.673071855037922, 14.743132706994716, 12.218560171294893, 12.343060941880422, 13.472654627069101, 18.054248498562806, 14.34982577265335, 9.090413721925227, 18.623511199752343, 12.92056704445189, 9.094989656468762, 9.995006507571745, 11.476495039065012, 10.962086292663717, 11.006430416189978, 9.584014336704612, 12.92056704445189, 13.363346891695308, 11.507574608920688, 12.279138831169085, 12.026482923494646, 13.752581506695048, 12.326476315001717, 11.85145121326356, 10.147410040618697, 10.99243083769228, 8.225112056005225, 10.281445275318077, 10.589956445351895, 12.518092652111505, 12.264577536107085, 15.741809042596262, 12.264577536107087, 9.90059235509039]
2022-12-11 11:41:12,128 Train INFO: mean test reward: 0.0000,13.3830,12.6605,11.8702
2022-12-11 11:41:12,129 Train INFO: test seed: 2************************************
2022-12-11 12:02:13,949 Train INFO: mean test reward1: [0.0, 0.0, 0.0, 0.0, 0.0, 0.0, 0.0, 0.0, 0.0, 0.0, 0.0, 0.0, 0.0, 0.0, 0.0, 0.0, 0.0, 0.0, 0.0, 0.0, 0.0, 0.0, 0.0, 0.0, 0.0, 0.0, 0.0, 0.0, 0.0, 0.0, 0.0, 0.0, 0.0, 0.0, 0.0, 0.0, 0.0, 0.0, 0.0, 0.0, 0.0, 0.0, 0.0, 0.0, 0.0, 0.0, 0.0, 0.0, 0.0, 0.0]
2022-12-11 12:02:13,949 Train INFO: mean test reward2: [15.566049546356446, 14.150857168225482, 19.00357679491243, 18.03128445105133, 14.381490027853957, 17.750643139231023, 8.85849900938838, 8.584004516718696, 14.260138570232632, 19.388085366866452, 13.836860682993905, 13.776201307361251, 11.977225182818248, 14.274456020689264, 15.542352638604171, 13.5475862402337, 11.032291972838216, 15.61961260773121, 10.90915547008623, 9.858411465184808, 11.764704965073662, 10.037426196506406, 17.94794629259627, 14.284788041901113, 16.316972887266886, 11.828495342937861, 14.317299291489332, 12.108645996669496, 18.051012364438577, 12.649872620540451, 13.76829869247534, 18.377024715034462, 17.18841024559123, 15.411248462252535, 11.159624077194843, 23.132118626102333, 13.10377473734011, 14.79626271700387, 22.327587340104255, 22.12332183381703, 16.782989232715156, 14.297130121884814, 18.512060630710785, 14.335855325145557, 12.277596398114122, 11.782023234277853, 14.838691395038236, 12.638744615338364, 11.035756826104183, 15.649123703285266]
2022-12-11 12:02:13,949 Train INFO: mean test reward3: [10.889090628528992, 13.891713646288192, 11.537458243258794, 12.753602216342935, 11.299363630646349, 16.047628031685896, 11.900514537147222, 13.52865735239976, 13.062113352606586, 13.535717529450462, 10.547655806753259, 11.734111425602574, 11.670486806656912, 12.515507603730493, 13.591720254781121, 14.970803809535994, 13.22866396089269, 13.723584694692512, 11.588768069606322, 10.650996015916547, 12.983629946833249, 13.553723081223444, 14.448640932164823, 10.044069831455406, 11.615490752627514, 14.743673844808773, 12.578570506111856, 14.569769615252824, 17.630049383471228, 12.627633829995515, 12.515507603730498, 15.53172739065933, 10.636434720854549, 10.519539887930518, 13.4726546270691, 11.547103468690501, 15.826789254494798, 9.125684682004854, 9.402641618172602, 13.820626040963766, 13.598623013416523, 15.401883484668907, 14.198646439242262, 12.564570927614156, 13.84171474770368, 12.518553562801966, 14.993668337731336, 14.380738326524048, 13.31476331861337, 11.196023421483059]
2022-12-11 12:02:13,949 Train INFO: mean test reward4: [10.244612225247133, 9.19832986563205, 10.398340108242106, 11.465672267961569, 13.409591724687743, 16.44771712328193, 9.33394347741118, 8.147487858561867, 8.73899353963103, 11.434118034095501, 7.8060530367861345, 10.836117906316296, 12.934566622949589, 10.294999899078817, 13.24363356788005, 9.925449158480346, 8.284262186956619, 10.006517612634688, 15.64749890206469, 13.645594330732685, 8.692976174818837, 12.27999803949906, 12.871503720568226, 12.515507603730496, 14.513646114318464, 13.23456001445666, 8.503483975399597, 13.285722694251946, 12.03152248501989, 13.172661235562028, 10.63643472085455, 11.00856456816637, 11.378115308764844, 7.908534037619447, 10.590417356042353, 13.593257446723864, 14.549802510544623, 15.878204984996675, 14.458362181691452, 14.48053716724305, 12.55961044875104, 13.363346891695306, 8.442905315525403, 12.81029478318573, 12.773338218786048, 9.048511380966108, 13.941213024643185, 11.181462126421062, 13.172661235562032, 13.159754307904526]
2022-12-11 12:02:13,949 Train INFO: mean test reward: 0.0000,14.6639,12.9174,11.7496
2022-12-11 12:02:13,950 Train INFO: test seed: 3************************************
2022-12-11 12:23:06,165 Train INFO: mean test reward1: [0.0, 0.0, 0.0, 0.0, 0.0, 0.0, 0.0, 0.0, 0.0, 0.0, 0.0, 0.0, 0.0, 0.0, 0.0, 0.0, 0.0, 0.0, 0.0, 0.0, 0.0, 0.0, 0.0, 0.0, 0.0, 0.0, 0.0, 0.0, 0.0, 0.0, 0.0, 0.0, 0.0, 0.0, 0.0, 0.0, 0.0, 0.0, 0.0, 0.0, 0.0, 0.0, 0.0, 0.0, 0.0, 0.0, 0.0, 0.0, 0.0, 0.0]
2022-12-11 12:23:06,165 Train INFO: mean test reward2: [13.302711928610838, 15.468677555807789, 16.014728335087042, 12.408848269921439, 14.21151517521426, 8.958744972898778, 11.388088024154076, 12.217791243368653, 17.397303551370666, 15.517211935937741, 9.681861923635216, 17.960330556736707, 14.95501822169658, 11.798341010313871, 15.158574111848928, 9.93751363174113, 15.251713431278894, 11.782973564429732, 12.699368819472358, 12.6241955893096, 15.708613612487673, 10.982170039821746, 10.019523138358077, 13.80785600137659, 10.490343300441866, 10.131676040431094, 10.708915434699545, 10.348555540275665, 12.851610254916215, 14.062152612418577, 11.48481034490576, 12.210637021297533, 13.59225673213121, 15.359604255810519, 21.550353410426908, 10.924533377564767, 15.24395989366421, 13.77885713276436, 15.845830418505402, 17.554552855371636, 13.130903543535275, 13.441337175919987, 12.867849308766521, 14.182808802131065, 15.261110380107398, 11.570349167728688, 16.608281374392128, 16.200937072518332, 9.272303469345598, 17.365437541658764]
2022-12-11 12:23:06,165 Train INFO: mean test reward3: [13.53571752945046, 10.992430837692279, 15.357731336691195, 13.961679307304953, 14.33472096171185, 9.805975218842963, 10.636434720854549, 11.142599802865751, 13.409591724687742, 15.200988616165649, 18.49382835537777, 8.353309068558467, 14.876702408206892, 9.359474347852911, 10.692437446185206, 13.52865735239976, 13.52865735239976, 13.007578243037816, 10.770469955553931, 15.583854596346985, 13.828650743906831, 13.409591724687743, 10.398340108242104, 11.372071758459416, 10.297584947459825, 11.923142714331355, 9.553319311168522, 15.268854921270785, 13.185496690572997, 17.184134071172036, 11.432392194044471, 9.99632662659218, 10.692437446185206, 11.378115308764844, 18.116615644955022, 13.04669284921461, 14.66886813825664, 14.569769615252826, 10.044069831455406, 16.0264463494317, 12.620573652944818, 12.56457092761416, 14.073684757966271, 15.690013296401501, 11.863681487076278, 11.481455517928133, 13.528657352399762, 10.044069831455406, 12.075546247378307, 11.378115308764844]
2022-12-11 12:23:06,165 Train INFO: mean test reward4: [13.956313740612297, 8.945171171802818, 12.264577536107089, 12.104107120938002, 9.094989656468762, 16.24027518439018, 11.198507663990226, 9.094989656468762, 15.69985599997906, 10.992430837692279, 12.881148945999938, 12.439792693426055, 13.598623013416521, 11.836487108873499, 12.38151451444001, 12.089545825876003, 9.832953518165498, 10.991466311799915, 12.026482923494644, 14.699818062744933, 15.038827190780474, 17.840865115187256, 11.490476352554232, 7.95388063528955, 12.627633829995517, 13.816933968408646, 6.206768406221526, 12.934566622949587, 12.264577536107085, 11.673071855037922, 11.544518420309494, 12.85960384025811, 10.84002730464533, 11.94018825190052, 14.862702829709198, 11.008564568166374, 13.958296829475458, 9.850669822876753, 14.478693752195953, 10.770469955553928, 7.847955377745253, 13.53141484684751, 13.99981462611499, 10.723991680051276, 9.33394347741118, 10.351002624409476, 13.895233927094095, 14.254455883411762, 8.249968859395178, 9.689939594248912]
2022-12-11 12:23:06,166 Train INFO: mean test reward: 0.0000,13.5059,12.7657,11.9642
2022-12-11 12:23:06,166 Train INFO: test seed: 4************************************
2022-12-11 12:43:00,982 Train INFO: mean test reward1: [0.0, 0.0, 0.0, 0.0, 0.0, 0.0, 0.0, 0.0, 0.0, 0.0, 0.0, 0.0, 0.0, 0.0, 0.0, 0.0, 0.0, 0.0, 0.0, 0.0, 0.0, 0.0, 0.0, 0.0, 0.0, 0.0, 0.0, 0.0, 0.0, 0.0, 0.0, 0.0, 0.0, 0.0, 0.0, 0.0, 0.0, 0.0, 0.0, 0.0, 0.0, 0.0, 0.0, 0.0, 0.0, 0.0, 0.0, 0.0, 0.0, 0.0]
2022-12-11 12:43:00,983 Train INFO: mean test reward2: [15.312429652301045, 14.071764160521905, 16.020067723403955, 16.767587687417702, 16.172716867718755, 12.038905649574957, 11.867339016299843, 13.177103801957442, 10.725847967397451, 16.030599894860945, 13.341730975608487, 12.150582943373744, 12.387373385140961, 12.691982212061694, 11.14505054307265, 14.210764452030384, 16.090082547507237, 12.75639375496912, 14.095090635821032, 16.88373723632926, 10.4180441835904, 13.340143333516194, 13.270857410287075, 8.426660048894579, 13.150061719032841, 12.851411417485782, 12.647425221801262, 11.07458882331791, 17.209804028062663, 13.720292166463745, 15.858881264834451, 18.285456184058816, 11.366721378242454, 12.80836905538708, 14.25832603734592, 17.455775777276802, 10.16638868693434, 9.19291774332526, 14.996766561297996, 16.679125719459122, 16.44033602804668, 14.011393846206444, 16.943112085334743, 14.018048675878159, 10.243765110482327, 10.428244963819843, 9.912120482701846, 14.913222991916959, 14.96523231996153, 13.766518634000867]
2022-12-11 12:43:00,983 Train INFO: mean test reward3: [13.891713646288192, 14.317675424142685, 12.62057365294482, 13.300207965219029, 9.909315428006256, 11.37811530876484, 12.349261910601145, 13.891713646288192, 12.92056704445189, 11.134124642588429, 13.10959833318067, 11.230525450304722, 14.340748556063774, 9.909315428006254, 11.309008856078059, 13.598623013416521, 14.145228762292613, 10.009567802633743, 9.972378330387611, 14.143650418983034, 12.138609149759665, 14.14522876229261, 8.72285980915694, 10.463988059004475, 11.455739506208202, 16.84793441263966, 10.692437446185208, 13.300207965219027, 13.954619130254255, 16.344073752961574, 9.909315428006254, 13.954619130254251, 11.481455517928131, 8.85761421260609, 12.745535334220806, 15.690013296401503, 13.842650322404529, 13.237145062837667, 11.134124642588429, 11.434118034095501, 14.380738326524044, 11.44304409077744, 16.835027484982156, 11.230525450304722, 12.9537362982093, 9.229024891168143, 11.734111425602578, 12.075546247378306, 13.891713646288192, 12.223136105838424]
2022-12-11 12:43:00,983 Train INFO: mean test reward4: [10.88994983685897, 12.321515836138596, 11.18146212642106, 5.377168112539919, 11.481455517928133, 12.383571691172572, 12.518326094621722, 9.925449158480346, 12.38151451444001, 13.404631245824621, 10.736687095482038, 8.147487858561865, 14.803317626549042, 11.837451634765864, 12.321515836138596, 12.089545825876003, 12.264577536107087, 10.147410040618697, 13.289598213894953, 13.126643870749835, 14.373678149473344, 15.943210167150315, 15.333860103424426, 11.729535491059037, 15.039564516430707, 11.140020696152401, 14.146309555233444, 10.147410040618697, 10.244612225247131, 12.264577536107085, 11.600521145640151, 14.125505576297687, 12.075546247378306, 11.950768013190201, 11.922705389699484, 13.170532586182933, 11.923142714331355, 12.223136105838426, 9.480674127541324, 12.026482923494644, 13.159754307904528, 12.618419114608397, 13.404631245824623, 9.584014336704614, 10.636434720854549, 9.797252145927102, 11.870169992118662, 14.548837984652256, 14.010778931724257, 12.264577536107087]
2022-12-11 12:43:00,983 Train INFO: mean test reward: 0.0000,13.6151,12.4766,12.0677
2022-12-11 12:43:00,983 Train INFO: test seed: 5************************************
2022-12-11 13:04:16,105 Train INFO: mean test reward1: [0.0, 0.0, 0.0, 0.0, 0.0, 0.0, 0.0, 0.0, 0.0, 0.0, 0.0, 0.0, 0.0, 0.0, 0.0, 0.0, 0.0, 0.0, 0.0, 0.0, 0.0, 0.0, 0.0, 0.0, 0.0, 0.0, 0.0, 0.0, 0.0, 0.0, 0.0, 0.0, 0.0, 0.0, 0.0, 0.0, 0.0, 0.0, 0.0, 0.0, 0.0, 0.0, 0.0, 0.0, 0.0, 0.0, 0.0, 0.0, 0.0, 0.0]
2022-12-11 13:04:16,106 Train INFO: mean test reward2: [11.886614834368164, 12.6406633590449, 17.314697594713873, 14.233271061176351, 14.11708103774696, 13.787106179128992, 11.91925335177515, 14.440088040945692, 15.48771293809287, 15.982367972125122, 16.661276154821234, 16.516890617923618, 16.98312962171137, 14.821604057739318, 16.60863570423305, 15.50465264016668, 13.228604831743539, 10.856041429815832, 17.21107268400704, 13.8326560765256, 13.077732212362678, 17.713834828748485, 17.638342907369996, 10.243246750814576, 10.070542641489054, 15.813863637291362, 18.53159756053454, 15.740751580186407, 16.790530383632095, 11.876660198503513, 12.701161694011617, 14.292543242670865, 14.507296803495308, 8.270106810162638, 16.960962241630508, 14.967697692956914, 16.43098964856715, 11.77857351440769, 14.152845411315154, 16.80849393950963, 13.335704615667721, 17.392825484159317, 11.222263195749626, 14.317925129836249, 11.677467785028803, 15.40290341017886, 14.476044992287727, 6.065107591867851, 11.755548227142418, 16.318127679351015]
2022-12-11 13:04:16,106 Train INFO: mean test reward3: [9.586599385085622, 15.231762950343775, 17.141024703235377, 13.961679307304951, 14.981768457421218, 13.426637262256905, 10.53309451169126, 13.234560014456662, 13.053595607850008, 13.250209066634513, 14.268612100259023, 12.075546247378309, 14.56380208904232, 12.852847885898997, 12.941626800000288, 13.78664759707387, 13.828650743906833, 15.114797020819335, 12.808598236602165, 14.499646535820766, 10.88909062852899, 14.640333635645485, 13.723584694692512, 9.333084269081205, 12.752474735667805, 15.583854596346985, 9.553319311168522, 14.506706712871466, 12.075546247378306, 10.53309451169126, 12.627633829995519, 13.116658510231371, 11.53745824325879, 14.55686268759532, 15.813882326837296, 13.250209066634513, 14.64377789235647, 12.226580362549415, 12.075546247378306, 16.972660836929986, 14.017682032635612, 14.380738326524042, 12.787693291481268, 16.841031311728305, 11.775552855871233, 18.24201486878615, 15.800975399179794, 9.333084269081203, 14.380738326524042, 13.25718819164079]
2022-12-11 13:04:16,106 Train INFO: mean test reward4: [13.159754307904526, 12.621509227645669, 12.683636555326176, 5.342874784978477, 12.85960384025811, 12.264577536107087, 12.384578738519954, 11.748111004100274, 12.286199008219787, 11.18146212642106, 13.10959833318067, 8.503483975399597, 13.109598333180669, 12.92056704445189, 13.021912069919576, 12.38151451444001, 12.934566622949585, 10.533094511691258, 15.334986244716776, 11.298399104753983, 12.815500995237567, 18.258916351708613, 16.7882309642239, 12.389539217383074, 12.286199008219787, 12.223136105838428, 8.79499626496169, 13.172661235562028, 14.855799728797841, 10.071048130777939, 13.215757033235185, 14.549802510544621, 14.112573576503529, 14.370233709528724, 10.992430837692279, 15.564745227769272, 11.481455517928131, 11.481455517928133, 7.658463178326013, 12.026482923494644, 13.42359130318544, 12.03152248501989, 11.60052114564015, 15.099153895969097, 10.692437446185206, 10.129041742271125, 10.417058887097205, 12.264577536107085, 9.008234074184179, 13.528657352399758]
2022-12-11 13:04:16,106 Train INFO: mean test reward: 0.0000,14.2873,13.4474,12.2997
2022-12-11 13:04:16,106 Train INFO: test seed: 6************************************
2022-12-11 13:25:10,286 Train INFO: mean test reward1: [0.0, 0.0, 0.0, 0.0, 0.0, 0.0, 0.0, 0.0, 0.0, 0.0, 0.0, 0.0, 0.0, 0.0, 0.0, 0.0, 0.0, 0.0, 0.0, 0.0, 0.0, 0.0, 0.0, 0.0, 0.0, 0.0, 0.0, 0.0, 0.0, 0.0, 0.0, 0.0, 0.0, 0.0, 0.0, 0.0, 0.0, 0.0, 0.0, 0.0, 0.0, 0.0, 0.0, 0.0, 0.0, 0.0, 0.0, 0.0, 0.0, 0.0]
2022-12-11 13:25:10,286 Train INFO: mean test reward2: [12.347199217030832, 16.9805212806836, 16.056805460354674, 13.921450121933479, 14.942869687706036, 13.52381705728195, 11.64192961350719, 16.715988912140627, 14.985080122719639, 14.870169025372835, 18.6200674129541, 16.21170170580642, 15.264829860072085, 13.850220236985644, 17.64327868197099, 14.394582241714048, 15.762245502892023, 14.427041394855657, 16.71253189998671, 16.432497295889412, 12.851167648993206, 13.733271948350614, 14.196471278154434, 14.535620839758428, 14.639715681977256, 14.172104682832163, 17.45628030299767, 12.721397327186653, 12.518587846057008, 16.102083686863775, 10.134167169120616, 13.446845373936881, 9.493901922649501, 18.91197160630856, 12.319502154933332, 14.770517518287377, 13.388436427346518, 17.588731505717927, 14.984421851327857, 13.588535082065537, 14.03853011099135, 16.82382741121902, 20.058694945419166, 13.9965627360044, 16.315068607359876, 18.437341060133118, 15.893842448367327, 15.970499966821423, 13.521068253423419, 14.045058513073279]
2022-12-11 13:25:10,286 Train INFO: mean test reward3: [14.228334793477094, 16.302907007073145, 10.943367513808617, 14.640257269274608, 11.53745824325879, 11.853585365239955, 9.06429463093267, 16.046009413239233, 17.440053568850086, 11.49718093647686, 17.686052108801885, 9.229024891168143, 14.601456328111436, 11.378115308764842, 12.138609149759667, 14.506706712871463, 13.360528400804078, 10.53309451169126, 12.455187168145443, 16.47903136814443, 14.436741051854705, 18.32789252726031, 13.059528304225578, 9.449979102005233, 11.378115308764842, 14.340263877767537, 14.857827954338886, 12.705258027438877, 14.373678149473346, 11.567146597493622, 11.18146212642106, 10.992430837692279, 13.053632250661604, 14.556862687595322, 13.353625642168677, 18.873175958795187, 16.280299964837265, 11.023125863228373, 11.775552855871231, 16.15600699012516, 13.654625738747184, 9.909315428006256, 16.346002804746302, 13.172661235562027, 13.845235370785538, 8.087915869988931, 13.409591724687743, 11.775552855871233, 10.590417356042355, 13.13121980529337]
2022-12-11 13:25:10,286 Train INFO: mean test reward4: [9.689939594248912, 12.146484125907513, 8.545386316358714, 10.181549322865774, 12.476160601878952, 9.094989656468762, 7.847955377745253, 12.026482923494644, 11.490476352554232, 11.481455517928131, 12.831226413786299, 12.518326094621726, 17.57989585685161, 13.828650743906833, 14.904834101489987, 11.670528952065805, 11.916648267621312, 9.333943477411182, 13.172661235562028, 14.743132706994714, 13.958757740165915, 12.871503720568226, 11.481455517928131, 6.471336792334606, 11.087047973939708, 14.563399279714256, 13.215757033235183, 13.956313740612297, 10.840027304645329, 12.284313538550196, 9.33394347741118, 14.599896631946782, 13.10959833318067, 14.947846892817207, 12.083421223526154, 12.810294783185729, 12.919602518559525, 15.200831540026307, 8.73899353963103, 14.97159395207481, 12.959853936384127, 9.09498965646876, 11.181462126421058, 12.831226413786295, 8.795855473291667, 10.294999899078817, 13.10959833318067, 13.704781713471037, 10.989711591522566, 8.798901432363134]
2022-12-11 13:25:10,286 Train INFO: mean test reward: 0.0000,14.9192,13.2317,11.9738
2022-12-11 13:25:10,287 Train INFO: test seed: 7************************************
2022-12-11 13:46:11,923 Train INFO: mean test reward1: [0.0, 0.0, 0.0, 0.0, 0.0, 0.0, 0.0, 0.0, 0.0, 0.0, 0.0, 0.0, 0.0, 0.0, 0.0, 0.0, 0.0, 0.0, 0.0, 0.0, 0.0, 0.0, 0.0, 0.0, 0.0, 0.0, 0.0, 0.0, 0.0, 0.0, 0.0, 0.0, 0.0, 0.0, 0.0, 0.0, 0.0, 0.0, 0.0, 0.0, 0.0, 0.0, 0.0, 0.0, 0.0, 0.0, 0.0, 0.0, 0.0, 0.0]
2022-12-11 13:46:11,923 Train INFO: mean test reward2: [13.866906369935078, 19.11774701630919, 10.402956916982202, 17.729595660268117, 11.730994127231954, 17.991558948349294, 9.175731960770289, 11.747951385702477, 18.16598576114342, 11.923272504934024, 12.550322878849675, 18.473845035460556, 22.45983981071837, 12.363811162712599, 18.894648855691976, 13.456119734518712, 17.716730060779813, 15.924149162622212, 10.705766239826938, 15.747054261283074, 11.932484851907185, 12.545076170456193, 15.255925106175198, 16.65131614405525, 18.68402472105529, 19.068016105673863, 10.715132417053677, 9.361980116900922, 12.800650212496114, 16.566466246167902, 12.509483900293349, 14.138205056020736, 15.797731212287161, 12.477526336497744, 15.119404848263972, 13.62966834724575, 11.332699968013257, 12.351549764751981, 15.612803196529615, 17.643578020947647, 13.721394056926666, 9.320946781828265, 11.222569891563559, 16.446913570634663, 17.303440150659235, 13.842804806531419, 17.965704085213787, 11.777094217493534, 17.74094026093697, 13.102347291339358]
2022-12-11 13:46:11,923 Train INFO: mean test reward3: [16.46255136906663, 12.455187168145445, 10.147410040618697, 15.414790412326408, 15.77078652916414, 13.723584694692512, 9.909315428006254, 11.364560685004104, 13.828650743906833, 10.353581731122826, 11.1400206961524, 13.05359560785001, 13.034818997577077, 12.151444604770633, 11.181462126421058, 13.954619130254255, 12.138609149759665, 12.326476315001715, 13.23456001445666, 13.360528400804078, 10.360647849841184, 13.828650743906836, 14.448640932164821, 10.360647849841184, 14.436741051854703, 14.925765732090557, 9.198329865632052, 12.138609149759665, 13.187222530624028, 14.01671750674325, 12.683636555326176, 11.788388310882201, 12.92056704445189, 12.317268563789618, 13.465594450018404, 11.67353276572838, 14.198646439242264, 13.828650743906833, 13.59172025478112, 17.096043152860542, 13.891713646288192, 14.14522876229261, 13.109598333180669, 15.157892818492494, 13.84171474770368, 14.970803809535997, 11.734111425602574, 13.472654627069103, 11.662419924534781, 12.326476315001717]
2022-12-11 13:46:11,923 Train INFO: mean test reward4: [14.060777830308771, 14.649895530531298, 10.098346716735035, 12.160518158194023, 11.615490752627512, 11.853585365239955, 9.05557155801681, 8.20481070291296, 13.271258866738899, 14.017682032635612, 11.973065246544994, 7.658463178326013, 13.598623013416521, 11.087047973939708, 14.39982467123786, 8.844918797175328, 10.589956445351895, 14.55023359024301, 11.31549736112044, 14.084726126513338, 13.327909288172796, 14.514364907022111, 18.118412492565273, 11.837451634765864, 14.311707897932182, 9.797252145927102, 7.908534037619446, 10.281445275318077, 10.598023293703855, 11.972650992951975, 9.822108949317055, 13.921665769238906, 13.67406724069361, 12.532887389683724, 11.434977242425477, 13.960010688815762, 11.43497724242548, 11.776488430572085, 11.481455517928133, 12.934566622949587, 9.925449158480346, 11.181462126421058, 11.18146212642106, 12.326476315001717, 11.18146212642106, 11.776488430572085, 11.72813636390976, 17.22389974001388, 12.264577536107087, 12.264577536107085]
2022-12-11 13:46:11,923 Train INFO: mean test reward: 0.0000,14.5357,12.9957,12.0757
2022-12-11 13:46:11,924 Train INFO: test seed: 8************************************
2022-12-11 14:05:37,925 Train INFO: mean test reward1: [0.0, 0.0, 0.0, 0.0, 0.0, 0.0, 0.0, 0.0, 0.0, 0.0, 0.0, 0.0, 0.0, 0.0, 0.0, 0.0, 0.0, 0.0, 0.0, 0.0, 0.0, 0.0, 0.0, 0.0, 0.0, 0.0, 0.0, 0.0, 0.0, 0.0, 0.0, 0.0, 0.0, 0.0, 0.0, 0.0, 0.0, 0.0, 0.0, 0.0, 0.0, 0.0, 0.0, 0.0, 0.0, 0.0, 0.0, 0.0, 0.0, 0.0]
2022-12-11 14:05:37,925 Train INFO: mean test reward2: [13.824097496042716, 15.950329247896757, 11.094117619375808, 15.995414930844905, 11.888692337352785, 12.481359053107612, 14.371627223188336, 14.561246416925773, 18.18944670099557, 12.689897461407085, 16.914549782841995, 8.351953503870126, 14.094179776195094, 17.118052877640434, 13.4550986496284, 12.950108412270195, 11.87502429427893, 11.123631088019861, 12.851281789824537, 13.77918595358371, 12.923004467749003, 11.74502000754119, 10.676038913425032, 11.55380800103814, 15.281762788607478, 14.17472779089387, 13.172952229086055, 8.287971900857233, 11.166593091184277, 12.469160623189758, 16.458565919444986, 11.056670814824287, 11.744279528636348, 16.431485986026715, 17.472999866848074, 17.017737103147226, 9.866706782766466, 11.71821083301059, 16.41401279027004, 19.39190475564278, 14.555453813239085, 15.246709301451796, 16.59282495687274, 12.927899732412756, 14.23596562743017, 9.530944151664405, 12.566913860898413, 23.374991825518237, 12.62161310130477, 16.003148299219358]
2022-12-11 14:05:37,925 Train INFO: mean test reward3: [15.091766034307144, 9.689939594248912, 12.564570927614156, 14.869763006759896, 13.165601058511328, 12.712160786074278, 12.138609149759663, 10.724452590741736, 15.401883484668906, 11.860237230365293, 16.645031670361014, 10.098346716735035, 13.55027882451246, 16.456500692279416, 11.481455517928133, 14.506706712871464, 12.920567044451893, 12.983629946833252, 11.378115308764842, 11.455739506208202, 11.775552855871235, 10.191659689915529, 11.795448487932902, 8.249968859395178, 12.824166236735596, 13.15256776906062, 13.786647597073873, 11.184508085492526, 12.878563897618928, 10.692437446185208, 12.564570927614158, 9.909315428006254, 11.837451634765863, 8.85761421260609, 8.856895043856321, 12.320580261437744, 10.398340108242106, 11.332097943952647, 12.320580261437744, 14.687671119478113, 11.909588090570615, 13.891713646288196, 13.165601058511331, 14.736734443361776, 12.8096049416736, 11.629045376388252, 14.145228762292613, 10.892534885239979, 13.553723081223445, 13.802215597207299]
2022-12-11 14:05:37,925 Train INFO: mean test reward4: [13.70478171347104, 9.689939594248912, 12.620573652944817, 10.590417356042355, 12.026482923494644, 8.83857514711643, 9.878111674647716, 9.640017062035273, 11.678553655008871, 11.53745824325879, 11.378115308764844, 8.952231348853518, 15.244845468311446, 10.561655385250956, 12.49137016269799, 14.060777830308767, 9.948989142759551, 6.468751743953598, 13.109598333180669, 12.564570927614158, 13.472654627069103, 14.48256927183896, 11.748111004100274, 12.026482923494644, 11.481455517928131, 10.178964274484764, 8.796316383982127, 8.442905315525403, 12.264577536107085, 8.844918797175328, 11.476495039065012, 13.812580184996456, 12.818086043618576, 13.426176351566447, 11.269479996308245, 14.80331762654904, 8.503483975399597, 16.5393330011964, 12.075546247378306, 12.026482923494644, 13.215757033235185, 9.009554193204615, 12.343060941880422, 12.342201733550445, 11.83152663001038, 13.958296829475458, 13.426176351566447, 11.18146212642106, 14.423217361439377, 10.206589573343612]
2022-12-11 14:05:37,926 Train INFO: mean test reward: 0.0000,13.8048,12.3970,11.7083
2022-12-11 14:05:37,926 Train INFO: test seed: 9************************************
2022-12-11 14:26:50,176 Train INFO: mean test reward1: [0.0, 0.0, 0.0, 0.0, 0.0, 0.0, 0.0, 0.0, 0.0, 0.0, 0.0, 0.0, 0.0, 0.0, 0.0, 0.0, 0.0, 0.0, 0.0, 0.0, 0.0, 0.0, 0.0, 0.0, 0.0, 0.0, 0.0, 0.0, 0.0, 0.0, 0.0, 0.0, 0.0, 0.0, 0.0, 0.0, 0.0, 0.0, 0.0, 0.0, 0.0, 0.0, 0.0, 0.0, 0.0, 0.0, 0.0, 0.0, 0.0, 0.0]
2022-12-11 14:26:50,176 Train INFO: mean test reward2: [14.329913819483485, 15.978848091050516, 13.00789506306126, 19.329681638482878, 16.07118092216583, 14.499085797377258, 15.472030224132064, 9.612348416199548, 16.065453812873265, 14.196634092211232, 16.901383364548593, 12.174957184184143, 14.076293250372636, 17.693412564768753, 19.058260178160463, 7.901014444136797, 14.556107128759832, 16.324817376751042, 17.963697820758377, 16.16085807296889, 15.99008588306617, 11.759513682126721, 17.552427489376022, 14.138410598141254, 12.826750543071636, 18.08310800289063, 13.625396473748573, 17.337996139185357, 13.020190208467014, 11.315971037253995, 10.239589885387122, 13.163728692600744, 14.396545735355117, 15.992517057875794, 16.32832107950725, 15.81944744537385, 10.880589131303623, 9.56742233256876, 12.443361233484266, 20.4952521329289, 14.95535671314062, 11.152707086253626, 14.350078277630853, 8.667700203687824, 18.169224383220836, 12.264565696115364, 14.202681869071759, 15.106676833179204, 12.262082468278956, 10.858687780640738]
2022-12-11 14:26:50,176 Train INFO: mean test reward3: [14.506706712871464, 11.99659928915654, 13.228663960892687, 14.86173830381683, 13.08062650593764, 14.506706712871464, 13.472654627069101, 11.970480198163985, 14.317675424142685, 13.717688641128541, 14.373678149473342, 11.309008856078057, 12.026482923494642, 10.992430837692279, 12.564570927614158, 13.10959833318067, 11.719550130540574, 15.47172871235792, 11.544518420309492, 15.3793528088039, 12.620573652944817, 14.14522876229261, 10.88736478847796, 5.761021997102494, 14.436741051854705, 16.535034093475083, 10.398340108242106, 14.736734443361774, 12.620573652944817, 10.147410040618697, 12.075546247378306, 12.277412991118052, 11.53745824325879, 10.892534885239977, 14.093580390027942, 14.925765732090555, 11.498595919703483, 14.773362199043603, 12.620573652944817, 14.098750486789958, 13.84523537078554, 11.364560685004104, 11.1400206961524, 11.775552855871233, 13.300207965219027, 11.306423807697051, 17.141024703235374, 9.805975218842963, 15.200988616165649, 16.047628031685896]
2022-12-11 14:26:50,176 Train INFO: mean test reward4: [13.159754307904528, 11.98455087326209, 9.33394347741118, 12.8312264137863, 12.982665420940885, 14.649895530531298, 13.754875834873198, 10.636434720854549, 12.138609149759667, 14.438278243797448, 5.615262725152361, 10.388757826996267, 13.954619130254251, 9.900592355090392, 14.649895530531294, 11.181462126421058, 11.18146212642106, 12.934566622949589, 14.720663884451401, 12.92056704445189, 12.56457092761416, 13.226535311513594, 17.396003075977756, 10.992430837692279, 14.379653025027977, 12.881148945999936, 10.147410040618695, 10.790100541504103, 12.95985393638413, 14.059813304416403, 9.75300249663027, 13.704781713471037, 11.776488430572083, 10.782033693152142, 14.753235739694585, 16.097805159433996, 11.53745824325879, 13.16653663321218, 11.685048101718913, 12.67654742708396, 9.284020945197543, 7.8060530367861345, 12.810540516374449, 14.960658597657062, 11.719550130540576, 9.19832986563205, 13.946573274286944, 9.57943840216108, 14.080744592741018, 8.503483975399597]
2022-12-11 14:26:50,176 Train INFO: mean test reward: 0.0000,14.3668,12.9232,12.2116
2022-12-11 14:26:50,177 Train INFO: test seed: 10************************************
2022-12-11 14:46:17,556 Train INFO: mean test reward1: [0.0, 0.0, 0.0, 0.0, 0.0, 0.0, 0.0, 0.0, 0.0, 0.0, 0.0, 0.0, 0.0, 0.0, 0.0, 0.0, 0.0, 0.0, 0.0, 0.0, 0.0, 0.0, 0.0, 0.0, 0.0, 0.0, 0.0, 0.0, 0.0, 0.0, 0.0, 0.0, 0.0, 0.0, 0.0, 0.0, 0.0, 0.0, 0.0, 0.0, 0.0, 0.0, 0.0, 0.0, 0.0, 0.0, 0.0, 0.0, 0.0, 0.0]
2022-12-11 14:46:17,557 Train INFO: mean test reward2: [8.737228258305697, 12.921040209900957, 14.83163041030743, 11.679968381603329, 14.134836288179045, 16.651151577372367, 11.5090069794227, 11.73129810651483, 13.235719638030664, 17.32703332521264, 12.751743104547872, 16.497635340923622, 9.848492749218662, 13.328819922783515, 15.359666209587663, 12.659850579516949, 15.035979990998701, 11.342635525095348, 13.387875845412047, 13.580892173009842, 12.719748455718982, 13.802213144030755, 20.102918818525886, 11.023066773999124, 15.859634411936963, 14.006016698315209, 12.028666118588399, 14.391713568995458, 9.559593466450409, 15.171116725203689, 11.972102096495815, 7.840512134229391, 11.770856955510936, 15.307024419644005, 15.470646830653221, 13.331001038478524, 10.606052371043088, 15.092439267460943, 17.975169352067887, 16.430934767880785, 15.890327809259025, 13.20097339104559, 16.96906988635342, 13.091092444054944, 14.237607634685272, 13.854232092808727, 10.772117460573718, 15.176389406618968, 11.23687314830229, 14.205802000680782]
2022-12-11 14:46:17,557 Train INFO: mean test reward3: [10.398340108242106, 13.53571752945046, 14.380738326524044, 14.925765732090555, 8.380754220239115, 9.805975218842963, 12.455187168145445, 14.448640932164825, 13.828650743906833, 10.51953988793052, 9.953565077303086, 11.1254594010904, 17.32405216521801, 10.587371396970886, 9.06429463093267, 12.92056704445189, 10.147410040618695, 16.062734064703907, 8.17325646904689, 12.075546247378307, 14.373678149473344, 15.813882326837298, 10.398340108242106, 11.23746485175172, 14.925765732090557, 14.94719006222868, 11.858511390314263, 14.862702829709198, 13.954619130254255, 9.553319311168522, 10.992430837692279, 9.718049571403995, 9.88201684204916, 11.863681487076278, 7.83182164727116, 13.59172025478112, 10.454342833572765, 9.094989656468762, 9.609322036499181, 14.861738303816832, 13.89171364628819, 15.95981781789292, 15.200988616165649, 13.535717529450462, 13.116658510231371, 11.055493740073636, 11.364560685004104, 10.047514088166393, 11.837451634765863, 12.075546247378309]
2022-12-11 14:46:17,557 Train INFO: mean test reward4: [10.636434720854549, 10.651855224246527, 11.544518420309494, 11.67149347795817, 9.822108949317055, 16.0241404760523, 11.135444761608865, 11.393045192192927, 11.481455517928131, 12.264577536107087, 8.15747321908033, 11.685048101718913, 12.218560171294893, 8.794996264961691, 17.041289681226402, 10.147410040618697, 8.545386316358716, 9.33394347741118, 12.264577536107085, 12.515507603730496, 9.879431793668152, 17.457284476365547, 12.089545825876005, 10.99243083769228, 12.627633829995517, 14.905798627382355, 6.767425016440234, 10.147410040618695, 12.264577536107085, 12.264577536107087, 11.536493717366426, 12.264577536107087, 11.378115308764844, 12.113828370464635, 14.395325103065202, 2.634706134242817, 12.089545825876003, 15.21065309057962, 12.920567044451888, 13.289598213894951, 8.773286867192473, 13.10959833318067, 13.928705867766324, 12.043528461063808, 11.07812191725777, 11.481455517928133, 9.287926112598985, 12.089545825876002, 8.95223134885352, 11.37811530876484]
2022-12-11 14:46:17,557 Train INFO: mean test reward: 0.0000,13.5930,12.1605,11.5336
2022-12-11 14:46:17,558 Train INFO: test seed: 11************************************
2022-12-11 15:06:03,871 Train INFO: mean test reward1: [0.0, 0.0, 0.0, 0.0, 0.0, 0.0, 0.0, 0.0, 0.0, 0.0, 0.0, 0.0, 0.0, 0.0, 0.0, 0.0, 0.0, 0.0, 0.0, 0.0, 0.0, 0.0, 0.0, 0.0, 0.0, 0.0, 0.0, 0.0, 0.0, 0.0, 0.0, 0.0, 0.0, 0.0, 0.0, 0.0, 0.0, 0.0, 0.0, 0.0, 0.0, 0.0, 0.0, 0.0, 0.0, 0.0, 0.0, 0.0, 0.0, 0.0]
2022-12-11 15:06:03,872 Train INFO: mean test reward2: [14.991146111309986, 13.425934984143291, 13.403550709893336, 10.596278893488583, 11.015039221008603, 14.362698493421648, 10.821705777639389, 16.038592959270243, 14.028480076359582, 10.763113576842906, 18.939054593554115, 13.03473416644303, 12.16121884550702, 15.016104051103142, 11.559290680847287, 14.35902255902835, 11.168819021880575, 8.364344861170709, 14.7373879527697, 12.06597842610458, 17.539596511252334, 17.359484883976, 15.862297684360056, 14.534462177766033, 12.199524328376869, 12.738696018329444, 13.311283672535337, 9.676654889568375, 12.77880727277618, 12.542495304881424, 10.88840570108406, 13.60945528960014, 14.072780787355201, 15.014140250278464, 10.780081013813632, 12.269412083175885, 12.776386471933797, 9.895556920761305, 13.264661499968811, 15.357608019801654, 14.931731701949799, 14.242252923754274, 14.059135934781795, 12.482485569473232, 17.70809311039475, 11.117254625487805, 7.819909884644984, 12.969807859917335, 12.354307714542001, 10.38900257054516]
2022-12-11 15:06:03,872 Train INFO: mean test reward3: [15.406765709383341, 15.704574591463501, 16.74193278872449, 13.04669284921461, 10.454342833572767, 11.290189661325874, 14.380738326524046, 15.41479041232641, 13.053595607850008, 9.449979102005232, 11.53745824325879, 9.436424478244493, 12.489791592010567, 11.48145551792813, 9.609322036499181, 13.108633807288303, 13.4726546270691, 12.815500995237569, 11.837451634765866, 16.287436165982886, 14.738833799273399, 15.268854921270783, 12.935502197650438, 10.147410040618695, 13.65462573874718, 16.35890973240381, 11.481455517928133, 14.563802089042321, 15.934003962577918, 11.670486806656912, 10.636434720854549, 9.018277266120474, 9.909315428006252, 13.53571752945046, 9.805975218842963, 15.270954277182408, 11.133977145846977, 13.187222530624027, 10.044069831455406, 12.81550099523757, 12.56457092761416, 11.68113870338988, 10.593002404423363, 12.026482923494644, 13.545241979278465, 9.86329806319406, 11.734111425602576, 11.481455517928131, 12.620573652944817, 10.112908011797032]
2022-12-11 15:06:03,872 Train INFO: mean test reward4: [10.294999899078817, 9.537536061201958, 13.426176351566447, 8.503483975399597, 9.940010453542346, 9.584014336704614, 11.27522005433851, 9.26139276801341, 13.464629924126035, 13.507725721799192, 8.73899353963103, 9.797252145927102, 7.823098574355299, 12.138609149759667, 8.73899353963103, 11.481455517928131, 12.343060941880422, 12.825182521204919, 11.631216171176243, 12.515507603730496, 11.719550130540572, 12.532887389683722, 9.436424478244493, 8.353309068558467, 11.973065246544994, 12.420234242919166, 12.619609127052453, 9.436424478244492, 11.537458243258792, 10.473061612427866, 10.636434720854547, 11.135444761608868, 12.218560171294893, 13.091730926660048, 12.026482923494642, 10.933785232562782, 10.147410040618695, 12.075546247378306, 10.636434720854549, 10.770469955553928, 10.533094511691258, 11.481455517928133, 11.536493717366424, 11.776488430572083, 12.581155554492863, 10.294999899078817, 13.256697571676895, 11.18146212642106, 13.102695232269314, 9.689939594248912]
2022-12-11 15:06:03,872 Train INFO: mean test reward: 0.0000,13.1080,12.5071,11.1287
2022-12-11 15:06:03,872 Train INFO: test seed: 12************************************
2022-12-11 15:25:51,849 Train INFO: mean test reward1: [0.0, 0.0, 0.0, 0.0, 0.0, 0.0, 0.0, 0.0, 0.0, 0.0, 0.0, 0.0, 0.0, 0.0, 0.0, 0.0, 0.0, 0.0, 0.0, 0.0, 0.0, 0.0, 0.0, 0.0, 0.0, 0.0, 0.0, 0.0, 0.0, 0.0, 0.0, 0.0, 0.0, 0.0, 0.0, 0.0, 0.0, 0.0, 0.0, 0.0, 0.0, 0.0, 0.0, 0.0, 0.0, 0.0, 0.0, 0.0, 0.0, 0.0]
2022-12-11 15:25:51,849 Train INFO: mean test reward2: [11.569922759935249, 13.241800014044014, 7.5986266970640415, 16.731182664581496, 15.758305125237166, 13.016202177761171, 12.245261060963877, 12.589894013758315, 14.823711746144857, 8.179887278567403, 16.370504496376324, 14.890014507442812, 14.83740031152198, 14.539534966973662, 14.330493424200462, 12.497504129067112, 7.39291675719781, 12.515345315641012, 16.525158851363024, 14.152749745318177, 8.659090151682518, 12.373411114090247, 14.82645034309807, 13.901642942815245, 7.905216187852926, 11.771930797359769, 13.076285745317222, 14.769852316693678, 11.344736965048327, 10.62274872752423, 15.632353834709239, 11.457468357018087, 10.282513152609118, 14.23244010673896, 16.052691537310796, 17.661860842631242, 12.046417260794076, 12.86830017253698, 13.927151125667908, 17.744774400417384, 11.980363460577385, 14.174883010759181, 13.703387708406964, 12.490756046276768, 12.683390642881527, 20.18037215601898, 9.475270337652972, 12.333821416546117, 11.52281412682799, 17.83293861416706]
2022-12-11 15:25:51,850 Train INFO: mean test reward3: [14.879748367278362, 15.770786529164141, 13.52865735239976, 13.66168591579788, 13.954619130254253, 12.815500995237567, 13.53571752945046, 13.660558435122747, 14.949548517609804, 10.463988059004473, 11.455739506208202, 10.463988059004473, 11.685048101718913, 12.98362994683325, 11.725482826916142, 15.946910890235417, 13.661685915797882, 12.983629946833249, 13.04669284921461, 17.324052165218013, 11.230525450304722, 13.954619130254255, 7.300888684408534, 7.774498802920064, 14.640257269274612, 12.333415716448714, 10.294999899078816, 10.667129746390641, 14.455580333611818, 11.860237230365293, 7.6694327537057445, 9.909315428006254, 11.837451634765863, 10.99243083769228, 16.592655437252407, 12.320580261437744, 9.702635009679675, 11.146960097599397, 10.147410040618695, 13.26562957002649, 11.3645606850041, 14.562709438202123, 16.046009413239233, 8.85761421260609, 12.953736298209298, 8.173256469046892, 11.12646607239166, 10.88909062852899, 13.046692849214608, 13.059528304225577]
2022-12-11 15:25:51,850 Train INFO: mean test reward4: [12.036128148926352, 15.21176689444406, 9.689939594248912, 12.326476315001717, 12.98362994683325, 12.515507603730496, 12.28162307367625, 8.147487858561865, 10.367136354883566, 10.99243083769228, 9.775630673814403, 9.837529452709033, 14.806700104378539, 9.094989656468762, 10.889949836858968, 12.884567724365073, 10.196009812053928, 9.925449158480347, 12.515507603730494, 12.934566622949585, 11.126466072391661, 14.017682032635612, 14.991330352307026, 12.218560171294893, 11.776488430572083, 8.10147049374967, 8.203951494582983, 11.972650992951973, 14.548837984652256, 11.775552855871233, 9.819974797340663, 8.94191535627972, 11.923142714331355, 11.53745824325879, 11.719550130540574, 9.640017062035271, 9.09584886479874, 11.909588090570612, 12.075546247378306, 10.70301456571692, 11.481455517928135, 13.467694148205982, 13.10959833318067, 13.704624637331694, 15.422401851503473, 8.992508655635447, 11.434977242425477, 9.57943840216108, 8.545386316358714, 10.351002624409476]
2022-12-11 15:25:51,850 Train INFO: mean test reward: 0.0000,13.2268,12.3335,11.4320
2022-12-11 15:25:51,850 Train INFO: test seed: 13************************************
2022-12-11 15:45:52,074 Train INFO: mean test reward1: [0.0, 0.0, 0.0, 0.0, 0.0, 0.0, 0.0, 0.0, 0.0, 0.0, 0.0, 0.0, 0.0, 0.0, 0.0, 0.0, 0.0, 0.0, 0.0, 0.0, 0.0, 0.0, 0.0, 0.0, 0.0, 0.0, 0.0, 0.0, 0.0, 0.0, 0.0, 0.0, 0.0, 0.0, 0.0, 0.0, 0.0, 0.0, 0.0, 0.0, 0.0, 0.0, 0.0, 0.0, 0.0, 0.0, 0.0, 0.0, 0.0, 0.0]
2022-12-11 15:45:52,074 Train INFO: mean test reward2: [17.695180195605836, 12.863067790445669, 11.566468169626317, 10.977144228847951, 13.239264606659303, 14.009227564191345, 16.50856210070073, 16.956652258594406, 13.7643635194853, 13.095816768720528, 16.251406562094033, 12.849829748287725, 15.280873078995914, 11.535428474434369, 15.293470451295272, 8.028326637270183, 15.738430578092151, 10.997948065885138, 10.100783056069973, 11.022773457175118, 10.936844615473293, 18.683705954762388, 13.332746268751741, 18.38725341901202, 16.44102091282306, 10.925885745110637, 12.181915489583169, 14.504147875153862, 15.242449370353757, 13.859664559802845, 12.473911347232198, 10.266567024912145, 12.49662994947506, 10.627988092155237, 17.052629482820414, 15.476290549516749, 14.109894412583285, 13.940568036256042, 14.56701074276791, 19.098080091978833, 18.70302568638791, 12.679575252387043, 13.125052036353328, 14.632995332611502, 11.84396100952636, 11.220952680472239, 6.88465432891647, 11.52657568553121, 10.244282512232157, 11.103129674697342]
2022-12-11 15:45:52,074 Train INFO: mean test reward3: [12.475230296948563, 13.67624721085988, 13.954619130254251, 13.953654604361889, 13.10959833318067, 11.629045376388254, 8.679421551058097, 16.891030210312817, 12.515507603730494, 8.85761421260609, 14.19864643924226, 9.553319311168522, 14.868706656455345, 13.961679307304955, 15.231762950343775, 14.506706712871466, 12.683636555326176, 14.380738326524044, 14.14522876229261, 10.992430837692282, 11.53745824325879, 15.036044768426844, 14.690256167859125, 12.655259128854366, 15.661478793790344, 13.604555709792088, 10.636434720854549, 14.506706712871466, 15.934003962577913, 14.016717506743248, 5.818344841453589, 9.242579514928883, 13.52865735239976, 13.683307387910581, 10.650996015916547, 14.017682032635612, 10.398340108242104, 11.434118034095501, 11.53745824325879, 14.690256167859122, 13.891713646288196, 10.667129746390641, 15.407730235275707, 15.952914716981565, 12.683636555326176, 11.317536648890648, 16.15600699012516, 12.209581482077688, 13.71768864112854, 14.514773561223427]
2022-12-11 15:45:52,075 Train INFO: mean test reward4: [10.884514693985457, 12.43845281447152, 6.778940352430767, 8.716721784622084, 9.034410996594566, 9.60105987427378, 12.089545825876003, 7.8060530367861345, 11.836487108873497, 13.71837848264067, 8.147487858561865, 15.94449747755893, 15.678746140214905, 10.075624065321474, 12.17689127284599, 10.692437446185208, 11.831526630010377, 12.143576977966914, 13.949253563561596, 15.109314844802261, 10.235427910505882, 18.019886164395317, 12.17689127284599, 12.026482923494644, 13.131219805293373, 14.246566665794017, 7.908534037619446, 13.285722694251948, 14.56703341806009, 12.887152772746083, 9.743357271198562, 13.159754307904528, 10.025701533107835, 13.10959833318067, 8.79499626496169, 12.87053919467586, 12.089545825876005, 8.710021712388002, 11.923142714331355, 13.22959953559354, 12.753602216342939, 10.147410040618697, 12.619609127052453, 15.682646731994561, 10.636434720854549, 10.281445275318077, 13.52865735239976, 13.752581506695044, 10.244612225247131, 8.798901432363133]
2022-12-11 15:45:52,075 Train INFO: mean test reward: 0.0000,13.4869,13.0013,11.7848
2022-12-11 15:45:52,075 Train INFO: test seed: 14************************************
2022-12-11 16:06:20,014 Train INFO: mean test reward1: [0.0, 0.0, 0.0, 0.0, 0.0, 0.0, 0.0, 0.0, 0.0, 0.0, 0.0, 0.0, 0.0, 0.0, 0.0, 0.0, 0.0, 0.0, 0.0, 0.0, 0.0, 0.0, 0.0, 0.0, 0.0, 0.0, 0.0, 0.0, 0.0, 0.0, 0.0, 0.0, 0.0, 0.0, 0.0, 0.0, 0.0, 0.0, 0.0, 0.0, 0.0, 0.0, 0.0, 0.0, 0.0, 0.0, 0.0, 0.0, 0.0, 0.0]
2022-12-11 16:06:20,014 Train INFO: mean test reward2: [12.272579720799405, 12.94540599563444, 11.180944525104739, 19.258609135754774, 9.564957288347653, 14.674771969759748, 13.829149928169224, 16.04642402947686, 14.191840958973167, 15.720766200604007, 14.054057811852937, 12.751605554889105, 14.657129149316813, 11.384231451936936, 14.217308949652145, 19.376793420247356, 10.07716983280601, 12.94531372470531, 16.34935459328597, 16.26897558676751, 12.50491369143762, 13.028786661432674, 17.99961267972608, 14.364704104910915, 10.629021557277124, 9.356234245178246, 14.662341605337566, 15.395916496200485, 14.76120168892899, 12.125801282957624, 15.98640815189036, 13.6118236316752, 7.733528567122791, 15.21072636587898, 17.68740482774063, 17.85666314152901, 10.606765214033647, 14.514856896294585, 9.639883768845573, 16.817625333727868, 14.4862708443365, 10.825718261538828, 14.1419554482542, 16.799319091395386, 10.458752111354448, 12.733110307023585, 9.272660494371356, 11.580768571912742, 14.259996348838854, 10.35668530115877]
2022-12-11 16:06:20,015 Train INFO: mean test reward3: [14.14522876229261, 13.109598333180669, 13.891713646288196, 13.408627198795376, 10.75433622507984, 14.506706712871463, 14.331675002640385, 16.346002804746306, 13.53571752945046, 12.138609149759665, 14.098750486789957, 8.266108531536926, 15.977721524949187, 14.380738326524044, 13.172661235562028, 15.712482118944815, 13.891713646288194, 10.843073263716796, 11.837451634765863, 13.961679307304953, 17.024058773710934, 13.828650743906834, 13.655561313448034, 9.490770249377645, 11.581707892555622, 13.241499415903654, 14.986558056464876, 14.443643810490105, 16.137596546368698, 11.963577439528583, 10.589097237021917, 13.828650743906833, 15.456921684107195, 10.360647849841186, 12.640469285006487, 13.661685915797879, 10.41548051001746, 10.792689820812697, 10.692437446185206, 14.686735544777262, 9.702635009679675, 10.473522523118326, 15.168671096770897, 9.891666298408454, 12.264577536107085, 17.41558771688883, 14.317675424142687, 10.736687095482036, 8.326010482601372, 14.443643810490105]
2022-12-11 16:06:20,015 Train INFO: mean test reward4: [12.98362994683325, 15.572624082971982, 10.098346716735033, 9.411567674854538, 15.742773568488628, 12.38151451444001, 15.651241478586307, 8.73899353963103, 11.670528952065805, 6.472007559476697, 12.81029478318573, 14.845961564480923, 15.678746140214907, 10.598023293703855, 17.20728998344299, 11.536493717366426, 12.026482923494644, 8.844918797175328, 12.619609127052453, 14.302569391124678, 17.352247378342746, 11.126466072391661, 11.719550130540574, 11.837451634765864, 13.486251396238739, 13.13121980529337, 7.317028356550281, 12.026482923494644, 12.321515836138596, 15.644313305538304, 12.264577536107087, 15.232300044171476, 9.41156767485454, 10.147410040618697, 10.97406253934471, 11.481455517928133, 11.900514537147222, 12.075546247378306, 8.73899353963103, 9.238003580385348, 7.586831248343158, 7.925118664498153, 13.53325876842245, 14.060777830308771, 7.953880635289549, 12.515507603730498, 13.091730926660047, 10.290423964535282, 11.775552855871233, 11.481455517928133]
2022-12-11 16:06:20,015 Train INFO: mean test reward: 0.0000,13.6235,13.0106,11.9367
2022-12-11 16:06:20,015 Train INFO: test seed: 15************************************
2022-12-11 16:26:44,521 Train INFO: mean test reward1: [0.0, 0.0, 0.0, 0.0, 0.0, 0.0, 0.0, 0.0, 0.0, 0.0, 0.0, 0.0, 0.0, 0.0, 0.0, 0.0, 0.0, 0.0, 0.0, 0.0, 0.0, 0.0, 0.0, 0.0, 0.0, 0.0, 0.0, 0.0, 0.0, 0.0, 0.0, 0.0, 0.0, 0.0, 0.0, 0.0, 0.0, 0.0, 0.0, 0.0, 0.0, 0.0, 0.0, 0.0, 0.0, 0.0, 0.0, 0.0, 0.0, 0.0]
2022-12-11 16:26:44,521 Train INFO: mean test reward2: [11.996061612271056, 19.80751317656795, 11.886542015577886, 9.211636091655832, 13.949726942657026, 10.128321155108056, 9.439531005318656, 14.434381613484845, 17.772603662562712, 14.438495298876123, 12.675082315830574, 16.09011438876192, 12.342501303381594, 12.356828108700055, 10.011612487633974, 12.512026261578477, 20.05144237631861, 15.369141406530096, 12.914856538313254, 15.026022207012973, 11.457221881099777, 6.978332530776105, 12.19699187259719, 11.36208660822408, 12.326103314415457, 11.831567844609168, 14.829680745478342, 14.38897904435663, 13.976269362689171, 10.579984825481361, 14.957102494599628, 13.712119688883277, 15.086017521201928, 12.08156682429259, 16.442158618653302, 19.197528759587726, 10.977805548344293, 12.82478726425853, 16.246505591980966, 12.374502174134598, 13.622069314842191, 11.564399749066478, 15.403216980693314, 14.259574504600117, 12.419076733636249, 14.815693426365208, 11.266708324046673, 10.395126783762361, 12.350812770643667, 12.0466373497095]
2022-12-11 16:26:44,521 Train INFO: mean test reward3: [12.92056704445189, 10.147410040618695, 12.279138831169085, 10.533094511691257, 15.686209235387095, 8.96095442176938, 14.53177244169515, 14.686735544777264, 9.332365100331433, 13.000214573711954, 14.039303504748311, 10.147410040618698, 11.064567293497031, 16.999030757780798, 10.29499989907882, 9.597568960465354, 13.59172025478112, 12.822440396684565, 13.89171364628819, 13.109598333180672, 16.70103439569167, 13.409591724687742, 13.11053390788152, 11.670486806656912, 10.88909062852899, 10.992430837692279, 10.636434720854549, 15.414790412326408, 14.675770896892042, 11.18146212642106, 9.939003782241086, 11.867139989000695, 14.325707476429875, 11.230525450304722, 14.09358039002794, 10.044069831455406, 11.609594699063543, 10.178105066154789, 13.717688641128541, 13.891713646288194, 15.414790412326408, 12.815500995237569, 14.675770896892042, 8.619519599993648, 15.051734118437977, 10.234421239204623, 12.642195125057517, 11.230525450304722, 16.115975074255996, 16.90279438291437]
2022-12-11 16:26:44,521 Train INFO: mean test reward4: [11.978316320296976, 8.203951494582983, 9.689939594248912, 10.84002730464533, 11.719550130540574, 13.7548758348732, 12.753602216342937, 10.636434720854549, 12.026482923494644, 11.481455517928131, 13.363346891695306, 13.313347993110797, 12.564570927614158, 14.786228504667873, 12.618419114608399, 13.355457595279569, 12.089545825876003, 12.264577536107087, 12.934566622949589, 15.347326469144756, 10.429035133778196, 13.708478661674505, 11.748111004100272, 11.8071070897373, 8.844918797175328, 13.782172468404179, 10.636434720854549, 12.026482923494642, 14.370233709528728, 12.264577536107087, 11.006430416189978, 14.85465697374189, 12.075546247378306, 12.518092652111504, 13.404631245824625, 14.563399279714256, 13.752581506695044, 14.905798627382353, 9.094989656468762, 14.305505457011968, 9.226488244394815, 13.172661235562028, 13.70478171347104, 16.362269186369407, 15.296363044667881, 12.515507603730498, 8.396887950713207, 14.082282126959718, 12.264577536107087, 12.881148945999938]
2022-12-11 16:26:44,521 Train INFO: mean test reward: 0.0000,13.2877,12.6184,12.4745
2022-12-11 16:26:44,522 Train INFO: test seed: 16************************************
2022-12-11 16:47:14,816 Train INFO: mean test reward1: [0.0, 0.0, 0.0, 0.0, 0.0, 0.0, 0.0, 0.0, 0.0, 0.0, 0.0, 0.0, 0.0, 0.0, 0.0, 0.0, 0.0, 0.0, 0.0, 0.0, 0.0, 0.0, 0.0, 0.0, 0.0, 0.0, 0.0, 0.0, 0.0, 0.0, 0.0, 0.0, 0.0, 0.0, 0.0, 0.0, 0.0, 0.0, 0.0, 0.0, 0.0, 0.0, 0.0, 0.0, 0.0, 0.0, 0.0, 0.0, 0.0, 0.0]
2022-12-11 16:47:14,816 Train INFO: mean test reward2: [15.44273706199156, 12.166098389732907, 9.195490873473497, 11.711051015739475, 12.585571966427759, 12.055957139164825, 9.640927231663586, 12.687560130437557, 19.451416390531925, 17.52645632717627, 13.980476413209534, 15.9109354118501, 13.594060459307462, 22.747980821532185, 18.382382885077664, 10.5461346734729, 12.59217298642398, 10.182316606389795, 14.855425940141693, 16.08515020859385, 13.553447692489009, 11.042020619359715, 13.230982204721151, 9.511488882916499, 15.773951697427634, 11.770150166966502, 19.131098466562047, 11.22669447298206, 14.145172643812359, 14.07193458191709, 16.29127624619686, 10.252843585738413, 18.99814162395166, 11.214648468540238, 9.424070148994193, 12.200405304672095, 13.451273160443279, 11.950464618619383, 18.203145563940943, 15.167069923446483, 14.587628473762162, 11.10418006733603, 16.8927288407079, 16.59930396188226, 15.963484836561207, 14.878519374577202, 13.498603132716742, 11.0933410359952, 13.338880778998146, 16.213176711299074]
2022-12-11 16:47:14,816 Train INFO: mean test reward3: [13.891713646288192, 13.472654627069101, 16.115975074255996, 15.769822003271775, 11.853585365239955, 16.062734064703903, 11.133977145846975, 16.346002804746302, 15.757879601506637, 13.172661235562028, 14.588084633630945, 10.639019769235556, 12.957194800133719, 9.06429463093267, 10.99243083769228, 15.245926261252277, 12.075546247378306, 11.673532765728378, 11.900514537147224, 14.373678149473344, 12.138609149759665, 10.889090628528992, 12.520504725405212, 10.636434720854549, 15.073355590550676, 14.854678126766132, 10.992430837692279, 14.55686268759532, 12.075546247378306, 16.344073752961574, 14.380738326524044, 11.196023421483059, 10.147410040618695, 13.046692849214606, 14.198646439242264, 12.683636555326176, 12.382479040332374, 12.87856389761893, 14.436741051854703, 13.891713646288194, 15.414790412326408, 11.701181832193004, 13.968618708751947, 14.380738326524046, 13.04669284921461, 15.701798622027292, 15.15465036524896, 10.99243083769228, 14.736734443361776, 15.351727509945047]
2022-12-11 16:47:14,817 Train INFO: mean test reward4: [12.59305543480298, 9.586599385085622, 11.135444761608865, 12.754608887644196, 11.719550130540572, 11.315497361120439, 11.922705389699482, 8.20481070291296, 13.472654627069101, 11.53745824325879, 7.8060530367861345, 10.77046995555393, 11.615490752627514, 15.26083021832772, 14.20836768876889, 12.223581060575382, 10.351002624409476, 10.242027176866124, 12.619609127052449, 12.389539217383074, 13.109598333180669, 15.702358060090122, 12.85960384025811, 12.026482923494644, 14.860094757464289, 12.92056704445189, 8.503483975399597, 13.363346891695308, 13.113276032401874, 11.181462126421058, 11.899550011254858, 14.855799728797841, 11.776488430572083, 14.649895530531298, 10.77046995555393, 13.953654604361889, 11.128044449471409, 9.584014336704614, 14.914523648040609, 14.305505457011968, 13.70478171347104, 14.549802510544623, 14.371070077228438, 13.404631245824621, 8.07838140587508, 11.212157151957152, 11.507574608920688, 14.423217361439377, 12.627633829995517, 11.481455517928131]
2022-12-11 16:47:14,817 Train INFO: mean test reward: 0.0000,13.9224,13.3372,12.2514
2022-12-11 16:47:14,817 Train INFO: test seed: 17************************************
2022-12-11 17:06:45,580 Train INFO: mean test reward1: [0.0, 0.0, 0.0, 0.0, 0.0, 0.0, 0.0, 0.0, 0.0, 0.0, 0.0, 0.0, 0.0, 0.0, 0.0, 0.0, 0.0, 0.0, 0.0, 0.0, 0.0, 0.0, 0.0, 0.0, 0.0, 0.0, 0.0, 0.0, 0.0, 0.0, 0.0, 0.0, 0.0, 0.0, 0.0, 0.0, 0.0, 0.0, 0.0, 0.0, 0.0, 0.0, 0.0, 0.0, 0.0, 0.0, 0.0, 0.0, 0.0, 0.0]
2022-12-11 17:06:45,580 Train INFO: mean test reward2: [17.62115276662902, 12.569201069485938, 16.334053077182695, 15.703489723117062, 13.505812335307175, 14.654468636348112, 8.610069451356317, 9.578345406855156, 16.92094183260059, 16.642166597748087, 14.739984743456338, 8.627048642395266, 12.549322300591415, 14.867804120850364, 13.645614680665012, 9.915703745114316, 14.152626724229881, 12.897929223787468, 11.379392533268003, 7.9991380458313515, 14.945849267454097, 10.38509021957889, 17.562773678943767, 7.436575188599303, 10.758677250349985, 10.362065826301158, 13.835287537096093, 9.253634172438508, 11.911664878555401, 10.154949119799202, 17.978185730730313, 9.463083041051453, 14.803876038720167, 17.05855055889767, 16.385730539167366, 14.568957651994797, 12.213246178632573, 15.479891388909643, 11.827810162032412, 14.528896183183994, 13.056394375709498, 9.638972655473928, 13.130562439212033, 14.654181270750335, 11.135278303963174, 12.77323149008354, 10.51411531986429, 9.890750528120858, 8.60760250788171, 10.53728890581953]
2022-12-11 17:06:45,580 Train INFO: mean test reward3: [13.891713646288194, 16.290000079415645, 16.70103439569167, 14.562709438202123, 6.413294779233739, 6.6453660284218445, 7.0048004603029055, 11.481455517928133, 12.476645280175187, 12.683636555326176, 14.918705555039855, 11.484040566309142, 15.175760225013116, 14.024742209686313, 12.98362994683325, 13.472654627069101, 12.455187168145443, 10.897350148996424, 13.891713646288192, 11.481455517928133, 12.887229139116956, 13.4726546270691, 11.804522041356295, 7.063513240545862, 12.392124265764084, 12.620573652944817, 10.147410040618695, 14.373678149473346, 10.817399127461199, 15.4698286117647, 11.481455517928131, 10.636434720854547, 12.075546247378306, 13.046692849214608, 11.481455517928133, 11.775552855871233, 14.562709438202125, 8.381424987381207, 10.247662415246186, 9.805975218842963, 11.364560685004104, 12.454615496137126, 7.4484785428686555, 14.925765732090554, 13.59172025478112, 10.541354032158692, 12.92056704445189, 8.127239104234697, 11.618075801008523, 10.588378068272148]
2022-12-11 17:06:45,580 Train INFO: mean test reward4: [11.916648267621314, 6.460283522225945, 8.844918797175328, 13.645594330732683, 9.584014336704614, 14.649895530531294, 8.606220592534253, 9.925449158480347, 14.163091920929464, 12.934566622949585, 12.264577536107085, 8.95223134885352, 13.88976983302907, 11.481455517928133, 14.208367688768892, 11.60052114564015, 10.636434720854547, 8.79499626496169, 8.249968859395178, 15.19986701413394, 15.21065309057962, 14.596637777876264, 13.998146007625799, 11.719550130540576, 11.039634123736203, 12.223136105838428, 6.206768406221526, 10.147410040618695, 14.060777830308771, 12.264577536107083, 11.006430416189977, 12.620573652944817, 13.091730926660047, 12.753644361751832, 10.234966999815423, 13.285722694251945, 12.445541942713733, 7.862055762116793, 12.934566622949589, 10.281445275318077, 8.147487858561865, 9.775630673814403, 8.503483975399597, 14.753318727964528, 11.831526630010377, 9.903177403471402, 10.962086292663717, 12.264577536107089, 10.636434720854549, 10.003073355923704]
2022-12-11 17:06:45,580 Train INFO: mean test reward: 0.0000,12.7553,11.9412,11.4155
2022-12-11 17:06:45,581 Train INFO: test seed: 18************************************
2022-12-11 17:28:42,546 Train INFO: mean test reward1: [0.0, 0.0, 0.0, 0.0, 0.0, 0.0, 0.0, 0.0, 0.0, 0.0, 0.0, 0.0, 0.0, 0.0, 0.0, 0.0, 0.0, 0.0, 0.0, 0.0, 0.0, 0.0, 0.0, 0.0, 0.0, 0.0, 0.0, 0.0, 0.0, 0.0, 0.0, 0.0, 0.0, 0.0, 0.0, 0.0, 0.0, 0.0, 0.0, 0.0, 0.0, 0.0, 0.0, 0.0, 0.0, 0.0, 0.0, 0.0, 0.0, 0.0]
2022-12-11 17:28:42,546 Train INFO: mean test reward2: [20.840592253915514, 12.846855425420578, 15.689130659901036, 9.652803450348028, 13.91733825663674, 10.009025171200967, 14.853637059918016, 10.581516835262537, 15.655523562642383, 18.65663147672075, 14.971257291993822, 11.25607823879198, 16.72171251268185, 18.74428781719923, 17.358041298635122, 12.198038649473395, 16.91261473414292, 11.993445197364593, 9.886898855826711, 12.711220567655515, 9.76098186282026, 10.190094335276607, 14.972163218088033, 15.65352240484519, 18.26304088861223, 13.916865257625878, 8.060993090130852, 15.409076107274498, 7.03766503059086, 14.840475862289962, 16.103917893878837, 15.400532733950168, 9.865567225042504, 16.70758049003536, 11.076368510457694, 15.387815497796003, 11.806095779791365, 14.44904923582315, 15.594148045354602, 14.605241756233807, 12.883594239758917, 9.50665331034036, 15.524778234412235, 14.394578430029139, 13.9926652846356, 10.731093393379808, 14.245266391579715, 14.06115862004362, 15.946860591474572, 17.159823151009803]
2022-12-11 17:28:42,546 Train INFO: mean test reward3: [16.125818120109503, 12.043623325269994, 13.717688641128541, 14.738833799273399, 12.878563897618928, 12.88763745104232, 14.380738326524046, 13.053595607850012, 13.828650743906833, 13.535717529450462, 13.55027882451246, 11.378115308764844, 12.531233022279224, 13.10959833318067, 8.722859809156938, 13.10959833318067, 12.138609149759668, 10.650996015916549, 13.653619033675753, 10.398340108242108, 16.34600280474631, 12.075546247378306, 11.97899794292056, 14.080744935016973, 10.650996015916549, 14.268612100259022, 11.181462126421058, 13.05359560785001, 17.440053568850082, 12.578570506111856, 12.983629946833249, 9.553319311168522, 12.138609149759665, 13.4726546270691, 13.653619033675751, 10.589097237021917, 13.845235370785536, 11.923142714331354, 10.884514693985455, 16.12581812010951, 13.65462573874718, 14.862702829709196, 15.407730235275707, 9.909315428006254, 12.455187168145443, 9.3904071134323, 12.93550219765044, 11.525705167224963, 15.813882326837296, 12.958773143443295]
2022-12-11 17:28:42,547 Train INFO: mean test reward4: [10.147410040618697, 10.598023293703854, 12.089545825876003, 13.514486894082602, 8.844918797175328, 11.481455517928135, 9.094989656468762, 8.556901652349246, 11.776488430572085, 12.515507603730496, 11.230525450304722, 9.23060326824789, 15.004927121476662, 7.506520555969521, 11.481455517928131, 8.566546877780956, 11.18146212642106, 14.464701865318338, 13.704781713471037, 12.523574452082455, 13.426637262256909, 16.141205612577878, 14.657600982070043, 11.481455517928135, 13.09173092666005, 15.043126098501787, 7.675508715895177, 13.159754307904528, 13.109598333180669, 14.84929140704923, 12.138609149759665, 11.673532765728378, 12.57816769678379, 14.506706712871466, 13.10959833318067, 11.125501546499295, 11.087047973939706, 12.075546247378306, 10.147410040618697, 14.606740810576131, 7.210432331863893, 15.65124147858631, 14.370233709528726, 8.50089892701859, 13.580755606895899, 6.915014874900355, 11.524620146489854, 12.967177882150711, 13.7548758348732, 12.620573652944818]
2022-12-11 17:28:42,547 Train INFO: mean test reward: 0.0000,13.8601,12.8834,11.9259
2022-12-11 17:28:42,547 Train INFO: test seed: 19************************************
2022-12-11 17:50:03,278 Train INFO: mean test reward1: [0.0, 0.0, 0.0, 0.0, 0.0, 0.0, 0.0, 0.0, 0.0, 0.0, 0.0, 0.0, 0.0, 0.0, 0.0, 0.0, 0.0, 0.0, 0.0, 0.0, 0.0, 0.0, 0.0, 0.0, 0.0, 0.0, 0.0, 0.0, 0.0, 0.0, 0.0, 0.0, 0.0, 0.0, 0.0, 0.0, 0.0, 0.0, 0.0, 0.0, 0.0, 0.0, 0.0, 0.0, 0.0, 0.0, 0.0, 0.0, 0.0, 0.0]
2022-12-11 17:50:03,278 Train INFO: mean test reward2: [9.233207228601557, 14.947418042997205, 12.425536725609263, 16.328951292023984, 11.891245498722368, 12.623885557382273, 10.501595749226304, 14.460449203745547, 17.524651978131637, 16.328350936603044, 11.915550608440931, 12.13623955945917, 14.102708159490255, 14.527212322855084, 17.925064391039157, 9.570556229271247, 10.842928962153433, 11.350350411304113, 14.626626791411367, 18.42378008234788, 15.321426645298024, 11.040649366589566, 13.36495147606102, 19.971430382560744, 12.59034443732292, 12.30077600430806, 11.868457770435565, 10.884258288326453, 14.24862411090461, 14.076232662094064, 17.75844187181058, 14.814280626417236, 14.110247356779572, 11.611657861132267, 13.405280559609038, 18.33526455383504, 13.528870043868713, 12.898017159927964, 13.159162086803791, 18.804765152154097, 13.905256183641567, 17.31970918773696, 17.97394376398088, 13.813596750471564, 14.310717960721393, 9.999653253731449, 13.730201703165644, 11.135266524514233, 12.48602510570511, 15.43671681074832]
2022-12-11 17:50:03,279 Train INFO: mean test reward3: [12.753602216342939, 12.98362994683325, 11.230525450304722, 11.378115308764842, 15.407730235275706, 13.65361903367575, 13.891713646288192, 15.896754915511558, 16.246904281742488, 12.264577536107083, 16.156006990125157, 7.9246677680935385, 14.031681611133308, 12.627633829995519, 10.398340108242108, 15.051734118437976, 15.513888935330224, 15.671724306695964, 13.891713646288192, 11.537458243258792, 15.513888935330224, 14.373678149473344, 12.340475893499413, 7.877839012083355, 13.23714506283767, 9.555904359549531, 14.331675002640383, 12.627633829995517, 14.743673844808773, 11.670486806656912, 12.026482923494642, 11.140020696152401, 10.398340108242104, 8.991649447305472, 10.013467028367533, 13.59172025478112, 13.52865735239976, 14.925765732090557, 9.947669023739113, 13.062113352606586, 15.41479041232641, 14.436741051854703, 14.39026277635205, 12.564570927614158, 13.59172025478112, 11.624469441844717, 12.92056704445189, 10.667129746390641, 12.56457092761416, 16.125818120109503]
2022-12-11 17:50:03,279 Train INFO: mean test reward4: [10.63643472085455, 10.753371699187474, 11.776488430572083, 9.55915753331466, 12.279138831169085, 13.063580968368475, 11.373539374221307, 9.305642417310242, 14.48053716724305, 13.52865735239976, 12.380324501995954, 12.881148945999936, 14.443643810490109, 9.19832986563205, 13.404631245824621, 11.719550130540576, 11.476495039065012, 11.536493717366426, 14.549802510544621, 11.481455517928133, 10.770469955553928, 13.451722996468535, 11.536493717366426, 11.3785602635018, 8.992508655635449, 15.347326469144758, 10.99243083769228, 12.871503720568228, 12.959853936384128, 15.269712315125318, 5.71860293431565, 18.2089174531241, 14.317675424142688, 8.714136736241075, 10.77046995555393, 7.862055762116793, 13.70478171347104, 9.094989656468762, 8.397558717855299, 11.087047973939708, 11.719550130540574, 8.844918797175328, 14.254455883411758, 10.281445275318077, 8.84233374879432, 10.840027304645327, 15.194846569726936, 10.903090207026688, 13.215757033235185, 13.423591303185438]
2022-12-11 17:50:03,279 Train INFO: mean test reward: 0.0000,13.9178,12.9342,11.7759
