2022-12-10 21:22:06,526 Train INFO: Namespace(logger=<Logger Train (INFO)>, name='A2C2022-12-10-21-22-06', gpu='0', device=device(type='cuda', index=0), gamma=1, epoch_num=3000, test_episode=50, val_episode=50, test_size=0.1, val_size=0.5, batch_size=50, train_batch_size=50, num_steps=10, h=1, w=[120, 50], nn_out=40, share_lr=0.0001, actor_lr=1e-05, critic_lr=0.01, step=10, lr_min=1e-05, e_rate=0.001, a_rate=1, c_rate=1, lr_decay_lambda=0.999, duse_T=True, est_T=False, use_pref=False, same_price=False, use_price=True, only_test=True, test_benchmark=True, change_T=True, num='106', print_grad=False, max_norm=10, seed_range=20, net_seed=10, seed=0, info=True, selling_length=300, cardinality=4, ini_inv=3, num_products=100, number_samples=10000, num_cus_types=8, seg_prob=None, num_cus_features=4, MNLdata=10000, p_file='../Gene_databeta/simul/p10_random.npy', c_file='../Gene_databeta/simul/c4_random.npy')
2022-12-10 21:22:06,526 Train INFO: log/A2C2022-12-10-21-22-06
2022-12-10 21:22:09,893 Train INFO: products price: [1649.73814547 1127.61563842  931.02871698 1360.34237971  725.13091995
  923.26577906 1048.06358099 1335.59336555 1195.40725861 1064.01482778
  911.06874296 1048.7285084   862.45852977  562.0352617  1338.46425903
  990.15321765  520.29278707 1208.23053483 1211.78612974 1415.52984074
  793.16221683 1876.27989159 1532.58284504  955.82118943 1761.86348334
  839.64872328  552.35384058 1249.34487063  512.10224121 1264.40811504
  800.71457455 1724.21396565 1820.46937714 1053.61927862 1303.52226404
  687.23532693  553.41199285 1166.92080199  888.36091138 1555.51175855
  945.60906956  904.8232257   185.11950973  956.00340393  921.97706365
  777.00211129 1233.85864419 1855.13122698 1247.19421357  809.85084994
  477.38637086 1180.64638022  688.85646935 1821.84964101 1336.34462326
 1180.51360642  846.06710047  671.01312444  972.26852132  920.40072648
 1206.16552071 1416.03566126 1211.55189823  896.40685864 1067.94770214
 1577.1507714  1254.63336377 1273.60053127  109.15494726 1404.48282551
 1341.31287433  440.47487253 1148.9827406  1464.57599267 1204.3751098
  570.81428852  460.8940235  1490.06233971 1354.33031959  984.32869752
 1393.98066869  796.41108887 1427.58864888 1277.02973902 1164.10629816
 1159.15216995 1300.53489406 1407.42098991  808.96765814  987.27313092
  169.27919123  946.08274828 1174.39447852  944.25927782 1517.41984827
 1615.68280386  142.22238131  657.0012701  1487.17636032 1170.3680706 ]
2022-12-10 21:22:09,894 Train INFO: seg_prob [0.09764755 0.15409284 0.11327223 0.0965834  0.06760932 0.12737399
 0.07061169 0.27280898]
2022-12-10 21:22:09,895 Train INFO: Load Factor 1.0
2022-12-10 21:22:09,903 Train INFO: test seed: 0************************************
2022-12-10 22:45:13,092 Train INFO: mean test reward1: [0.0, 0.0, 0.0, 0.0, 0.0, 0.0, 0.0, 0.0, 0.0, 0.0, 0.0, 0.0, 0.0, 0.0, 0.0, 0.0, 0.0, 0.0, 0.0, 0.0, 0.0, 0.0, 0.0, 0.0, 0.0, 0.0, 0.0, 0.0, 0.0, 0.0, 0.0, 0.0, 0.0, 0.0, 0.0, 0.0, 0.0, 0.0, 0.0, 0.0, 0.0, 0.0, 0.0, 0.0, 0.0, 0.0, 0.0, 0.0, 0.0, 0.0]
2022-12-10 22:45:13,092 Train INFO: mean test reward2: [126.21729790885635, 129.44589413431723, 133.82052311959933, 127.39252688991864, 134.21096163933504, 123.93248115022433, 127.63948678696255, 126.83739270533876, 134.9779712288572, 127.35804720001074, 122.64904654281149, 132.45062171355949, 126.22907666225368, 137.73038291644434, 128.68915749492984, 133.65564855802435, 126.3546130526272, 128.05928166698018, 124.97161111766873, 126.35690581356681, 129.0508781890845, 127.88470426244767, 129.77475261774117, 130.2464104742764, 130.04053909952268, 132.15821235043342, 129.48103277239758, 131.3003690665234, 124.93522271566138, 128.65389080873837, 133.40586650501854, 127.08142391909516, 122.31747164550872, 122.09500077040163, 135.60491739527822, 129.3632625790879, 131.62032776403908, 131.16156552798128, 125.67998872904148, 131.394954235708, 126.53433645770144, 132.61085678690623, 130.01148423718104, 125.35611029227701, 121.82627988383925, 132.11880299044043, 124.46947763251448, 126.88647070826174, 128.84468493388744, 134.83662045758248]
2022-12-10 22:45:13,093 Train INFO: mean test reward3: [151.8696748963473, 152.30864944518848, 150.9547453148654, 157.77115113030732, 155.34297194681906, 156.53321173606275, 152.2833577391939, 153.5448140593364, 150.49712506663758, 158.24172537946424, 157.37692962508788, 157.71585960203802, 155.74693502361765, 156.97811918014685, 155.33005223748503, 155.32687082700457, 158.56877074772848, 158.60916514005433, 142.7133107429552, 160.07483084251058, 158.25033822321893, 155.31477525619087, 155.32439275998982, 150.05084549236255, 153.20890751712835, 155.32055202379965, 151.88511027821357, 159.76414714225035, 157.3841111753373, 154.8547600333474, 153.56573215057205, 152.29649251349107, 156.48420528296163, 156.149893440372, 157.01840296453008, 151.40682580105639, 150.10739278679162, 155.32804029985937, 149.66703083282417, 158.60916514005436, 151.87202967484885, 156.56766401027403, 160.86587891377158, 154.88939691641704, 156.59852779314855, 153.58989668384825, 150.4609946873592, 157.7989859196734, 155.75306521542976, 156.95449859250616]
2022-12-10 22:45:13,093 Train INFO: mean test reward4: [147.08910065759775, 152.74116816942612, 148.3328099031818, 143.13207725973535, 153.0562077509428, 152.15804466425135, 148.41750456091515, 149.24937978198568, 151.47338429121115, 151.71760074028833, 154.20627270017962, 151.44727248422316, 146.84755615818062, 150.6309389180371, 154.1414847174724, 150.85712650983876, 156.25859766087615, 152.30376310609154, 154.73753700496326, 149.1947928469973, 157.00196168305462, 148.62346331622604, 151.71902675935507, 151.0998079604639, 147.07361296533534, 149.7678580561104, 148.62894660281137, 157.79371820728105, 155.2511305561102, 146.21322393440724, 157.78180991438478, 157.2897373919457, 147.70903939013184, 148.26661190958984, 153.82298475286734, 143.11116102069272, 154.36852240282968, 151.46641776126222, 153.86893769497433, 154.89655074961573, 146.86706785838683, 147.12150024504874, 154.66179106663438, 153.27012076035737, 155.9750926827565, 154.36568530560706, 151.47338429121112, 155.0412546577994, 155.965935197092, 156.00057082027328]
2022-12-10 22:45:13,093 Train INFO: mean test reward: 0.0000,128.9145,154.9026,151.6898
2022-12-10 22:45:13,093 Train INFO: test seed: 1************************************
2022-12-11 00:10:15,691 Train INFO: mean test reward1: [0.0, 0.0, 0.0, 0.0, 0.0, 0.0, 0.0, 0.0, 0.0, 0.0, 0.0, 0.0, 0.0, 0.0, 0.0, 0.0, 0.0, 0.0, 0.0, 0.0, 0.0, 0.0, 0.0, 0.0, 0.0, 0.0, 0.0, 0.0, 0.0, 0.0, 0.0, 0.0, 0.0, 0.0, 0.0, 0.0, 0.0, 0.0, 0.0, 0.0, 0.0, 0.0, 0.0, 0.0, 0.0, 0.0, 0.0, 0.0, 0.0, 0.0]
2022-12-11 00:10:15,691 Train INFO: mean test reward2: [125.64113075887528, 131.30424066503204, 133.2808060895761, 127.88069039248211, 127.8878943730706, 124.52237544788375, 123.27473352963327, 127.94932904248886, 127.6213252732457, 133.8456836202534, 125.58763738853877, 130.8984919464688, 131.21167618205916, 130.314261276694, 136.35072640361315, 123.22745004937792, 132.60850323384045, 130.36565507560516, 131.03804974111142, 131.14708151008713, 130.20559354450455, 133.43190149269765, 121.37762209552956, 135.133314476868, 128.75941981456057, 125.88139356664455, 128.40333345425148, 132.32183343323175, 118.45763210283931, 129.6307133465618, 130.9755709344732, 131.09486828311094, 128.1779255233477, 124.77469341185665, 130.9673676316638, 131.4385081436197, 124.9171747833741, 132.66338046839766, 131.4004169927761, 130.4308461694232, 128.5543378995979, 130.23617170807762, 127.28643932573648, 129.65440353717867, 127.92477971245435, 133.37604248962458, 132.34188364373432, 128.451474311364, 129.89154966476536, 130.03107857708332]
2022-12-11 00:10:15,691 Train INFO: mean test reward3: [145.99503694433875, 152.75797953764078, 157.2840269657262, 156.98729410082964, 155.75994650940154, 158.53548364849271, 156.17809013100018, 155.72715100107803, 155.2595709752825, 160.06478670525067, 157.32346389688146, 153.95551300879245, 155.71910023425153, 156.98178245537875, 154.48945901611236, 158.60916514005436, 158.98375321233848, 159.36074903004857, 154.4900210930405, 157.7907973999766, 156.5899149493939, 155.72312582458412, 160.443134622606, 156.59394012588783, 154.91448393168278, 160.37831381194206, 152.73403595549817, 156.1539074664314, 154.8810142083524, 156.99075720039548, 153.99893112148237, 156.4834331662756, 161.13819651699427, 158.1460394588691, 150.0619990908775, 151.8402422203069, 157.01840296453008, 155.72952530964315, 147.8755643878344, 151.01845559235173, 155.27784243329467, 157.37494740508905, 163.3745479143173, 159.2529150200713, 157.4327104348663, 160.14975580371512, 151.42125860249834, 160.50738534899068, 157.32077407731325, 157.329386921068]
2022-12-11 00:10:15,691 Train INFO: mean test reward4: [149.24937978198568, 153.58289876998577, 153.55828336918793, 153.08430892442274, 149.19264689428766, 147.98803617325058, 148.89175023671012, 150.94719780094022, 156.29495858355557, 156.7003979024699, 153.00358259249563, 155.19093851289801, 153.0385245852771, 150.84232422909648, 152.45517254161857, 147.8182142819711, 156.4547554343259, 155.2406299773786, 148.06666893540742, 148.61450964637942, 156.79919185521365, 146.50943831311125, 154.9561788299167, 153.634178011993, 151.7205617578071, 152.3023713818416, 151.7190267593551, 153.58318392457343, 154.44675526591732, 154.715696264179, 152.8037649022958, 152.03350523714977, 160.03998122602655, 153.85267113247025, 155.14208282105645, 152.23615061750306, 154.38244823187858, 145.95107954076758, 154.3273671715541, 147.52326255577762, 145.25975133430165, 152.80376490229577, 155.6957802379357, 153.62775030563296, 154.95149987617896, 154.66007306888935, 150.3212813351806, 154.4367215353209, 155.6957802379357, 156.00057082027328]
2022-12-11 00:10:15,691 Train INFO: mean test reward: 0.0000,129.2830,156.2082,152.6469
2022-12-11 00:10:15,692 Train INFO: test seed: 2************************************
2022-12-11 01:36:00,955 Train INFO: mean test reward1: [0.0, 0.0, 0.0, 0.0, 0.0, 0.0, 0.0, 0.0, 0.0, 0.0, 0.0, 0.0, 0.0, 0.0, 0.0, 0.0, 0.0, 0.0, 0.0, 0.0, 0.0, 0.0, 0.0, 0.0, 0.0, 0.0, 0.0, 0.0, 0.0, 0.0, 0.0, 0.0, 0.0, 0.0, 0.0, 0.0, 0.0, 0.0, 0.0, 0.0, 0.0, 0.0, 0.0, 0.0, 0.0, 0.0, 0.0, 0.0, 0.0, 0.0]
2022-12-11 01:36:00,961 Train INFO: mean test reward2: [138.85660347371964, 128.66435751259846, 131.8647303567118, 126.78577738032655, 133.58080408630283, 122.4041892745436, 129.0653003062926, 129.46162728264784, 132.76622088975455, 129.58347086350838, 130.74835420179355, 123.48191891146786, 129.68527062160092, 127.14296446827026, 129.57160055990562, 136.40878495295195, 128.10507775196024, 127.2274934342952, 129.05380354941823, 129.23511483258167, 126.4540841421089, 126.41856257421654, 134.17278143533667, 128.02605694527313, 129.60164417484782, 128.36284426051256, 127.18188995797946, 128.48602877926245, 127.94624183182104, 132.10439613680867, 132.45969725430987, 134.0443210104964, 128.95138661889888, 123.86242338786268, 127.42044148442349, 130.19045511297472, 126.59671243814118, 128.29116722672498, 126.67840284910753, 130.76086828810784, 128.00008840100946, 126.0358575525353, 130.1918529848057, 131.2345485372312, 127.34370599496623, 127.86109596787057, 136.65620270264947, 130.74305823724333, 129.93151851168116, 134.60363958621332]
2022-12-11 01:36:00,962 Train INFO: mean test reward3: [154.45425774299912, 152.29988857509602, 156.56400073504213, 154.48506037408316, 148.76240643369817, 158.21407961532958, 154.4856224510113, 154.4894590161124, 152.30705155815318, 159.2843927753388, 158.9397457801998, 153.58483461698634, 160.90336798899762, 159.3904230894715, 154.8932330676795, 155.75854025262126, 158.90912850741162, 160.11349719582577, 156.12460624944018, 156.59852779314852, 154.45915731016606, 155.72312582458412, 154.43938443806098, 152.2812527238757, 154.90732094862562, 159.29387314937105, 152.28335773919392, 162.63791357940124, 158.95648338756916, 156.99094622562697, 156.1763585812173, 153.1279389453817, 156.53568075590067, 155.75077158871872, 153.1829130906, 156.16545211075157, 156.17312941204287, 159.26803461810704, 153.16748468959173, 158.62819806043427, 155.34124039703613, 155.75901096693818, 161.1500618023223, 156.9620095832737, 157.77976397406198, 159.73736539762106, 152.6820331302544, 154.4873540007942, 157.36621127282103, 151.3992593101979]
2022-12-11 01:36:00,962 Train INFO: mean test reward4: [151.18433874068324, 152.03350523714977, 153.38853554384906, 147.71436132875172, 155.77676909291353, 156.0549114934569, 152.19334532222874, 151.7514262165708, 152.7713654450801, 149.81907388935034, 154.909312446093, 154.9561788299167, 148.2871561961022, 152.2791477052937, 153.86250998861428, 147.42167351971463, 148.06452298269775, 153.893329220837, 150.3801103250527, 153.64229887039198, 154.14148471747237, 146.56920127472316, 153.88781493238903, 154.89655074961573, 151.75142621657076, 156.00000685736202, 153.62775030563296, 153.63417801199301, 154.94108231169005, 147.4269264305886, 153.62464601391207, 153.38853554384906, 157.56462291933423, 155.19609841530428, 155.19093851289801, 153.10156381536208, 153.54256889490327, 147.4602738847238, 156.99822665326198, 150.63129330407878, 152.863918346847, 148.29739944063553, 155.18625955916025, 154.96596609636057, 158.97899857460757, 155.4708594110984, 153.6168675204703, 152.55969172742067, 153.62775030563296, 145.87938140323556]
2022-12-11 01:36:00,962 Train INFO: mean test reward: 0.0000,129.4861,156.0675,152.7081
2022-12-11 01:36:00,963 Train INFO: test seed: 3************************************
2022-12-11 02:59:55,606 Train INFO: mean test reward1: [0.0, 0.0, 0.0, 0.0, 0.0, 0.0, 0.0, 0.0, 0.0, 0.0, 0.0, 0.0, 0.0, 0.0, 0.0, 0.0, 0.0, 0.0, 0.0, 0.0, 0.0, 0.0, 0.0, 0.0, 0.0, 0.0, 0.0, 0.0, 0.0, 0.0, 0.0, 0.0, 0.0, 0.0, 0.0, 0.0, 0.0, 0.0, 0.0, 0.0, 0.0, 0.0, 0.0, 0.0, 0.0, 0.0, 0.0, 0.0, 0.0, 0.0]
2022-12-11 02:59:55,606 Train INFO: mean test reward2: [123.63643248573766, 128.93419911054286, 130.6703219818848, 133.57099803385216, 131.4480043319008, 130.8586871198178, 130.34882138200348, 124.84482230858724, 135.41714038531558, 132.75307352582772, 122.07633612667117, 118.31609375190861, 124.10387549538677, 129.92282917251015, 133.60083122202602, 128.05422842843458, 126.3678399608334, 128.05530201584222, 132.07322333932913, 125.95833616993986, 129.33999452100105, 127.64385068308835, 121.45672808038661, 127.86562790198977, 126.45633155282623, 127.50361076524065, 127.96501975986759, 123.97349308915697, 122.95942770945967, 125.16304554754915, 133.74360639420212, 131.57367729220533, 130.3956295020887, 127.66669521016576, 135.0320526305355, 130.0055332189304, 121.37409846019993, 126.75206666090888, 128.26309619025963, 131.24993146752405, 124.77059654091258, 126.54245181192337, 122.3873942379113, 126.41926935832792, 126.9384569998504, 131.05912471765967, 129.3864051849202, 125.5166889673783, 125.10746193738368, 128.8408559749467]
2022-12-11 02:59:55,606 Train INFO: mean test reward3: [148.81298603601013, 152.32682443025823, 156.99094622562694, 155.2883101153456, 158.95610744820388, 157.01667141474718, 157.42210133300952, 151.8285201995478, 150.50891080537667, 158.58896794389142, 156.94186057225753, 151.42497545214107, 149.55623274254822, 155.73923809483315, 154.91008528965355, 155.75680870283833, 154.05380801791895, 159.75583455477332, 145.94019251479259, 158.61661370802602, 149.23033596340477, 145.0926637032326, 160.82990123880205, 153.60533206571452, 153.6233122362462, 160.80941010741316, 154.48506037408316, 157.41293756276124, 155.31559089100355, 158.62646651065134, 149.1350171554576, 153.57242441931228, 158.1086165751969, 159.322382933011, 156.54671051487972, 153.92631371031075, 150.4869024495232, 155.72715100107806, 151.0000418991819, 156.5766387552908, 154.01665314920157, 155.75362729235792, 159.3500286971457, 160.43365775934606, 147.88993338583765, 160.46360643063713, 151.3407771666603, 157.72330817000972, 157.35635847019572, 157.28470449465547]
2022-12-11 02:59:55,606 Train INFO: mean test reward4: [146.22157799605384, 152.76048265991744, 152.80860200962047, 153.55069258083847, 148.07264666863298, 152.24674824807803, 150.8352107238086, 146.8379957181494, 154.1280889038183, 151.7176007402883, 152.23304632578214, 154.37836125897368, 148.37082249623217, 153.84814088320869, 153.76335667256637, 148.072646668633, 150.85712650983876, 150.38565083593483, 149.97111968123454, 152.51080309655416, 154.38712718561635, 149.24937978198568, 150.60007445927343, 152.96748724692304, 151.71745746608624, 153.10956081499094, 150.06210972601718, 153.90672503449107, 157.27404600745277, 147.07676477664256, 151.36257782648985, 151.50578374842684, 154.44314924168097, 155.49105014149782, 153.10956081499094, 148.28142534821524, 151.5057837484268, 149.24937978198568, 153.63417801199301, 149.24937978198568, 154.67683599516087, 147.45992894208987, 158.77119948842653, 148.5805849623502, 155.76581113729193, 153.642298870392, 152.27761270684167, 151.5057837484268, 158.06788433680887, 155.46626347160338]
2022-12-11 02:59:55,606 Train INFO: mean test reward: 0.0000,127.8873,154.9096,151.9594
2022-12-11 02:59:55,607 Train INFO: test seed: 4************************************
2022-12-11 04:23:06,678 Train INFO: mean test reward1: [0.0, 0.0, 0.0, 0.0, 0.0, 0.0, 0.0, 0.0, 0.0, 0.0, 0.0, 0.0, 0.0, 0.0, 0.0, 0.0, 0.0, 0.0, 0.0, 0.0, 0.0, 0.0, 0.0, 0.0, 0.0, 0.0, 0.0, 0.0, 0.0, 0.0, 0.0, 0.0, 0.0, 0.0, 0.0, 0.0, 0.0, 0.0, 0.0, 0.0, 0.0, 0.0, 0.0, 0.0, 0.0, 0.0, 0.0, 0.0, 0.0, 0.0]
2022-12-11 04:23:06,678 Train INFO: mean test reward2: [121.23132561130221, 127.77801169234858, 123.15716828419531, 124.3204592259768, 126.26218749528432, 119.68157038982729, 126.08489092234814, 120.74760219292114, 131.27031380276713, 124.55382282615976, 121.6771161917366, 132.7519373902847, 127.8740820861302, 121.10805687571886, 122.05576607063237, 128.1261098642193, 123.20308671072489, 124.38307438171208, 126.08706988268082, 129.82920976857392, 125.82232179014531, 122.43927205400801, 119.73103676883593, 131.4550583119865, 128.60532319929413, 121.97832303927711, 128.92312906219732, 127.97595746222218, 126.77148299499862, 130.72902164487215, 133.22110986226727, 126.8613255159697, 118.83654123060742, 124.22912114842407, 132.54754937100043, 125.72729494129923, 125.4602734088564, 125.92810883651673, 130.23122951013252, 136.43342630562248, 124.34233142016046, 125.4557747837602, 132.54136307763878, 128.45668947124827, 123.21874226159677, 129.12056012448372, 133.2705662234738, 131.74722376191204, 125.74329773848257, 130.82058216059005]
2022-12-11 04:23:06,678 Train INFO: mean test reward3: [150.95360009573486, 152.33169378660438, 156.12863601086187, 154.05610164463002, 150.07014765015066, 153.60762569242556, 154.46584957890627, 153.1268138108002, 147.86604745252316, 154.4894590161124, 155.28794569925822, 153.20890751712832, 146.01036099817696, 152.23823448360625, 152.33169378660435, 152.71633575897056, 154.42646062960398, 159.75583455477332, 147.388289916103, 156.57608782879717, 150.99564325715266, 156.57490720550783, 153.54318385745813, 147.87024905499578, 154.02806335457396, 161.19499867540722, 147.4063833407676, 159.61373345661363, 150.9614375836057, 155.3261243097727, 150.52197427403533, 155.32879140201902, 156.17092714794305, 156.60428451942533, 154.87525748207563, 152.74735934118823, 156.98902565061252, 153.5721135043385, 148.31282307526914, 153.58587150735434, 150.53901860849112, 144.63436762997821, 157.35703268520263, 151.89614003719257, 150.97185316331402, 153.96299403533635, 150.5022014019303, 153.1366820585077, 156.96243722125396, 150.97684033508335]
2022-12-11 04:23:06,678 Train INFO: mean test reward4: [152.5166517309781, 151.99504047069442, 148.6418302466946, 144.02544532645194, 145.22928738975276, 156.99478566575215, 148.06734290696912, 144.63268229745492, 152.00110577993408, 154.9561788299167, 152.03350523714974, 151.47195827214435, 147.16858648686596, 150.8879909686024, 152.1475949320301, 140.57062926233962, 151.19284026908417, 146.23213811424506, 153.564711075548, 142.46998602922932, 154.68667485130493, 145.96407606096884, 145.89706552920205, 151.58426940232067, 150.38565083593485, 149.7678580561104, 146.50131462717604, 151.7160657418363, 140.83279237072202, 152.00110577993408, 150.5245967986411, 150.37505320535985, 154.4467552659173, 153.634178011993, 153.9337256776816, 149.19867447804882, 151.6434762346585, 151.91397148937622, 152.52276195941732, 148.85875606863607, 147.19771781212668, 150.37801422287865, 157.0036250048604, 150.58889448192713, 153.6230713518952, 151.71206022940618, 151.99953648666522, 153.3235236862066, 153.56471107554802, 148.41750456091512]
2022-12-11 04:23:06,678 Train INFO: mean test reward: 0.0000,126.6161,153.0840,150.2200
2022-12-11 04:23:06,679 Train INFO: test seed: 5************************************
2022-12-11 05:45:33,279 Train INFO: mean test reward1: [0.0, 0.0, 0.0, 0.0, 0.0, 0.0, 0.0, 0.0, 0.0, 0.0, 0.0, 0.0, 0.0, 0.0, 0.0, 0.0, 0.0, 0.0, 0.0, 0.0, 0.0, 0.0, 0.0, 0.0, 0.0, 0.0, 0.0, 0.0, 0.0, 0.0, 0.0, 0.0, 0.0, 0.0, 0.0, 0.0, 0.0, 0.0, 0.0, 0.0, 0.0, 0.0, 0.0, 0.0, 0.0, 0.0, 0.0, 0.0, 0.0, 0.0]
2022-12-11 05:45:33,280 Train INFO: mean test reward2: [132.51349634393472, 125.93148970949419, 130.0454047634951, 127.47226483189314, 124.6573369637549, 130.87678019842073, 129.89313080578285, 133.8051547514789, 134.98123145044568, 132.17779030827273, 123.53705579803098, 123.32617370939607, 120.07102669739392, 124.27206426258468, 132.00925880579845, 126.98716471426778, 125.58033706924748, 126.16297142560047, 121.42040129014906, 129.92897346781672, 130.4921322555889, 130.25801115722032, 128.3810307312175, 127.40752496044952, 130.97766221362284, 129.50005172533545, 128.66876399211267, 130.30871339892693, 127.16587538069345, 124.91467833700577, 127.93156424596964, 129.01508899306378, 125.89150256686695, 123.76724888674414, 125.08215991965847, 120.23702529516927, 121.3212694773381, 124.29454389507576, 125.0686461615409, 124.10942052369538, 129.20495037577018, 126.44242579793313, 124.20798366683205, 128.0523295449013, 125.33226328359933, 123.80499964904558, 130.30529302620351, 129.05261719504585, 124.00279354320308, 126.02531631241459]
2022-12-11 05:45:33,284 Train INFO: mean test reward3: [149.6224189226293, 145.59990944416072, 154.0565723589469, 157.38411117533732, 152.28288702487694, 156.8900432939886, 156.17809013100023, 154.47798875363716, 154.82703774232039, 158.1950466949496, 156.5640118854767, 152.68835532122915, 150.07374292166426, 157.31277458284802, 151.4265986731614, 153.14796158067006, 150.55832076627925, 157.3772298813655, 147.86124940181557, 155.6747827963156, 156.57088202901394, 144.63487743600905, 151.01082189497757, 148.8042499037422, 154.4675811286892, 159.75583455477332, 150.9266601414497, 160.13042262705747, 154.00719244031043, 157.8258753845766, 146.91482062435946, 152.7055269511251, 154.01907745912266, 156.58532728213308, 154.02979490435683, 143.1681768040031, 152.31808829799027, 147.8101525173725, 148.77621161368606, 154.4629938752671, 149.64940812247647, 154.00766725375033, 158.55270933600212, 155.33234586419607, 152.72764762087363, 156.181553230566, 155.7294446277891, 159.78348031890795, 155.342971946819, 151.44291843099396]
2022-12-11 05:45:33,284 Train INFO: mean test reward4: [146.5685273031615, 150.06420582819126, 147.47166189899477, 149.75817710111218, 147.1022993968143, 154.4467552659173, 148.28569085952302, 153.82854123812973, 152.83662592744867, 152.15978304486683, 147.8100905960359, 149.82671050240657, 145.96821650508494, 152.55969172742067, 144.28357637995563, 143.731594199867, 149.19867447804882, 150.06385144214954, 148.06452298269775, 142.74402151638023, 152.723423426427, 151.68209699135178, 145.86371807506683, 150.94423678342142, 150.38565083593485, 149.81646725787323, 148.6904394484574, 150.94423678342142, 153.9272979713215, 151.40758877139012, 151.7205617578071, 150.31277980677962, 145.87754411412607, 152.24364395635715, 149.81820897400559, 147.11011223077773, 151.4097347240998, 146.48450661698988, 155.13127561361185, 148.0099360477094, 146.59131304657322, 154.9810626145872, 148.07264666863298, 150.58660723814586, 150.29862188068452, 150.0193510405316, 152.5166517309781, 146.21665042198262, 151.00268461645226, 153.63417801199301]
2022-12-11 05:45:33,285 Train INFO: mean test reward: 0.0000,127.1375,153.3975,149.7039
2022-12-11 05:45:33,285 Train INFO: test seed: 6************************************
2022-12-11 07:13:04,306 Train INFO: mean test reward1: [0.0, 0.0, 0.0, 0.0, 0.0, 0.0, 0.0, 0.0, 0.0, 0.0, 0.0, 0.0, 0.0, 0.0, 0.0, 0.0, 0.0, 0.0, 0.0, 0.0, 0.0, 0.0, 0.0, 0.0, 0.0, 0.0, 0.0, 0.0, 0.0, 0.0, 0.0, 0.0, 0.0, 0.0, 0.0, 0.0, 0.0, 0.0, 0.0, 0.0, 0.0, 0.0, 0.0, 0.0, 0.0, 0.0, 0.0, 0.0, 0.0, 0.0]
2022-12-11 07:13:04,307 Train INFO: mean test reward2: [134.0975882476799, 132.30511283898082, 134.9876828013322, 135.9720042045175, 134.1748389100446, 127.34960959261126, 136.21050349517142, 128.08447312145475, 135.2832868910707, 133.65035207560217, 124.66031307286518, 127.8754888426812, 137.78289811964464, 127.69257407681837, 133.49928820082232, 134.09828075464188, 123.28203830365764, 130.22949575894106, 131.37019889691675, 127.88168474206077, 140.36273830917432, 134.1575467803573, 129.94386990098693, 131.97207675777068, 130.08163213939764, 132.81721576770454, 133.97774427108013, 134.16024781709288, 129.81538521525016, 132.85440535899272, 129.18974059813587, 139.21828345435887, 141.75253263185968, 131.47075552876788, 131.03172355926947, 133.73442716227967, 134.80726271217384, 128.8427683069224, 132.0222312398919, 130.60866534359397, 132.15022426609366, 134.76603416910882, 137.75805742607733, 137.92746054193157, 129.26947214870447, 129.3428199020605, 134.68887120492616, 133.4911379514502, 123.5103000252148, 125.58358252511121]
2022-12-11 07:13:04,307 Train INFO: mean test reward3: [155.73050196256517, 154.89204396733146, 154.43605392098198, 154.4629938752671, 159.7088556139811, 162.27286856193078, 159.74406055402997, 155.75133366564685, 155.7622401361126, 161.94434299179883, 161.54434856341058, 157.4027681563519, 161.18842789935985, 160.0834436862653, 155.33281657851293, 153.62667808703037, 161.24401968390677, 162.63164305963153, 152.740307581731, 159.40855889456924, 157.00155532748377, 156.48343583965146, 161.58231605252473, 159.28285256019052, 158.20249526292136, 163.71954396228165, 157.38529179862667, 160.88403481234002, 158.49625353194986, 160.47227169352647, 153.60322705039636, 157.7631007773194, 162.1790574713367, 160.49097758290353, 157.41293756276127, 158.55030159057623, 158.16574506411976, 157.6617735216232, 150.9899465879787, 154.4833288243003, 160.80076416788157, 154.90816512847783, 162.54343832317605, 160.50738534899068, 156.45793706201314, 160.8575470029367, 152.21616798479016, 153.58320441510804, 158.9582149373521, 155.76340960896738]
2022-12-11 07:13:04,307 Train INFO: mean test reward4: [151.95745785896037, 156.50326827483664, 154.14148471747237, 155.98103171531864, 152.863918346847, 160.52555309994605, 154.13092562262574, 153.38053854422017, 157.2887655377622, 155.53672200281488, 158.55429246421338, 157.25296857799407, 148.69043944845743, 157.26328740024545, 155.4765299596027, 147.10229939681426, 153.81024331340618, 150.22488583531376, 153.8689376949743, 155.76065123488564, 156.7930297086889, 149.46804732005958, 153.62307135189522, 156.20469246333153, 149.67785963671324, 153.1095608149909, 155.99481656502073, 155.99481656502076, 156.79822000103016, 155.1868235220715, 153.63417801199301, 154.20627270017965, 155.19609841530428, 157.29540178698025, 158.48704893529313, 155.18692063684756, 154.98162657749847, 149.20619057613806, 156.7855041202876, 154.2216857346038, 150.94423678342145, 157.30317267054897, 156.5038322377479, 154.11299238559167, 155.25572649560527, 155.3962325722471, 154.9561788299167, 153.018528357342, 156.5038322377479, 157.56390352147355]
2022-12-11 07:13:04,307 Train INFO: mean test reward: 0.0000,132.2359,158.0263,154.6785
2022-12-11 07:13:04,307 Train INFO: test seed: 7************************************
2022-12-11 08:37:21,465 Train INFO: mean test reward1: [0.0, 0.0, 0.0, 0.0, 0.0, 0.0, 0.0, 0.0, 0.0, 0.0, 0.0, 0.0, 0.0, 0.0, 0.0, 0.0, 0.0, 0.0, 0.0, 0.0, 0.0, 0.0, 0.0, 0.0, 0.0, 0.0, 0.0, 0.0, 0.0, 0.0, 0.0, 0.0, 0.0, 0.0, 0.0, 0.0, 0.0, 0.0, 0.0, 0.0, 0.0, 0.0, 0.0, 0.0, 0.0, 0.0, 0.0, 0.0, 0.0, 0.0]
2022-12-11 08:37:21,466 Train INFO: mean test reward2: [122.30364689240324, 123.10689816548357, 134.59164086797634, 133.999362105348, 115.85388648734468, 129.95861558589328, 121.52572404443646, 124.67553559668114, 136.30464063446138, 132.8190496597062, 130.13831572268384, 128.3767551837187, 121.85252602604689, 130.7914286320366, 132.50485089093712, 123.87955835879674, 131.86173652256082, 132.10680873604824, 132.21752562684432, 137.10953339452232, 130.5873985636721, 130.7531840993284, 131.7861626251612, 127.64524126300782, 125.7258599718047, 129.94989455313973, 125.36104140408003, 131.23601867139615, 126.66016560147784, 127.68719794527517, 123.23871302439609, 132.94527613889773, 131.4240039073589, 123.40181140135824, 126.30281471451782, 128.39582966196767, 128.56390476972115, 128.63084476315387, 131.94892467327978, 131.81739911553578, 132.76742705167283, 129.61226532513385, 131.069025769562, 132.2973345604619, 131.5042414294558, 131.06465466090333, 130.63223009867625, 132.4119768227797, 133.68078901986428, 136.10065254827924]
2022-12-11 08:37:21,466 Train INFO: mean test reward3: [146.4668036382703, 150.11241905027487, 157.80857401397958, 156.15150170164165, 153.60322705039636, 153.16140866871203, 159.00188901743627, 154.01828335107993, 151.84556453400353, 158.48764068819517, 157.37722988136554, 154.43605392098195, 154.90203493666573, 159.28526030561642, 160.1031197065113, 154.87928265856954, 159.71716820145815, 158.19388241916664, 145.56699122744632, 158.07352224309045, 151.39067282342495, 157.34984939793932, 158.91898482080921, 158.1126914939159, 156.53289187134172, 157.3846784493372, 151.83013613299528, 154.88330783506348, 154.47911462257477, 158.27798398735354, 150.07010486591395, 153.57880577307876, 156.51728790865198, 154.8084202586538, 152.2964925134911, 154.0632646276872, 156.60025934293148, 154.70992333050958, 149.6213698324204, 151.4182762025428, 156.12566317037752, 150.94562988439893, 163.39474511048024, 158.0568590463479, 155.28794569925822, 160.89385802996074, 151.84760839753125, 157.77115113030726, 156.99881911765652, 152.28980024475084]
2022-12-11 08:37:21,466 Train INFO: mean test reward4: [151.47338429121115, 148.57485411446322, 154.1517224343914, 145.35584372117572, 153.0986780298283, 150.56396278580573, 147.1104230827495, 149.46840170610125, 148.63585251346905, 147.71650728146142, 149.16135623201404, 152.73319024051915, 148.04532606831782, 154.20627270017965, 156.5042401290201, 148.37927417409747, 149.50190742534085, 154.7311092986032, 147.70689343742217, 151.09525624630513, 155.4904861785866, 155.4367945804454, 144.35928785762357, 153.63417801199301, 145.59830192964407, 152.82994959636244, 154.15236750263503, 159.55273295895083, 152.50344746892603, 149.17039263378715, 155.47019936801868, 152.87156561260565, 155.47085941109842, 152.54247333910337, 153.62775030563296, 151.75142621657076, 153.83725809804608, 149.25752692434497, 157.4987664810875, 153.9020460807533, 154.46343708685643, 153.58318392457343, 153.8929748347953, 148.6904394484574, 155.4812112853538, 152.02478837723342, 154.961338732323, 147.46199282600693, 155.47538966035995, 153.89297483479533]
2022-12-11 08:37:21,466 Train INFO: mean test reward: 0.0000,129.4236,155.1930,151.9420
2022-12-11 08:37:21,469 Train INFO: test seed: 8************************************
2022-12-11 10:01:04,498 Train INFO: mean test reward1: [0.0, 0.0, 0.0, 0.0, 0.0, 0.0, 0.0, 0.0, 0.0, 0.0, 0.0, 0.0, 0.0, 0.0, 0.0, 0.0, 0.0, 0.0, 0.0, 0.0, 0.0, 0.0, 0.0, 0.0, 0.0, 0.0, 0.0, 0.0, 0.0, 0.0, 0.0, 0.0, 0.0, 0.0, 0.0, 0.0, 0.0, 0.0, 0.0, 0.0, 0.0, 0.0, 0.0, 0.0, 0.0, 0.0, 0.0, 0.0, 0.0, 0.0]
2022-12-11 10:01:04,498 Train INFO: mean test reward2: [131.55216950137128, 129.9123526074337, 132.83385839320874, 133.16493870928787, 130.4800839320351, 126.69453514332072, 130.524285707448, 131.82974096852567, 130.39181111549806, 122.99019551543898, 128.68722260256393, 128.1102052665121, 125.82593860898152, 132.12444547575788, 129.791045546796, 131.6777367971483, 126.54796007036458, 131.21100207540468, 126.1707059980178, 133.52036489725106, 123.90441908623855, 128.39621107557122, 128.85777274641626, 128.10304183414084, 127.44454963616114, 122.5794061743811, 126.11584950226722, 124.4091883323687, 127.04141901860848, 125.57597345605919, 128.18586068175532, 135.50630697903327, 124.25218829328156, 127.15898379014178, 125.99281426268028, 123.27762172159815, 132.2589664642691, 119.88334340491222, 134.05754742682947, 130.87008001099207, 128.3550953498164, 123.58271029443934, 134.64861210555296, 124.51687773537546, 132.64594893001947, 130.15908251537888, 129.8704237149101, 129.9647602839806, 129.58753238835095, 129.55270704916435]
2022-12-11 10:01:04,498 Train INFO: mean test reward3: [144.08991542765892, 151.87589645077063, 153.141642777465, 156.5760878287972, 155.76570323567842, 154.49002109304053, 156.17752805407207, 153.11365895195388, 148.29287522351498, 159.01467074140433, 161.22352855251785, 159.30218573684806, 153.99528147835514, 158.57235560567148, 151.44521205770502, 154.90432856337677, 150.03383983315666, 161.13481199096654, 147.8832734319405, 153.08085113259196, 153.600683660502, 155.32593528454117, 153.11920281311373, 150.49068256108063, 154.03469447152372, 159.28123512912242, 152.25851581936888, 160.05579792213064, 156.12844698563035, 156.57663875529076, 152.33122307228751, 153.94105595362632, 155.28418359094707, 156.18843452453777, 148.21492678009244, 155.7444523716751, 150.54084850174323, 156.5403801474014, 148.2834401641545, 151.8670991667122, 157.71469532625503, 150.96311703104607, 162.33592823780725, 158.57174225638207, 154.9162154814657, 159.62234630036835, 153.10432480992878, 151.88646247629072, 155.76570323567842, 145.49086183972366]
2022-12-11 10:01:04,498 Train INFO: mean test reward4: [149.4609338147717, 153.63417801199301, 145.26158862341117, 145.96223877185938, 151.41571245732533, 144.34109620871493, 150.11532257986966, 151.15044144693255, 151.20198440212087, 146.87248785430205, 146.21836564921549, 153.06499443393142, 150.02994867110664, 154.4476794909425, 154.98162657749847, 148.38570336933847, 155.2454076733539, 155.25572649560527, 152.48150793105935, 144.6507158842681, 151.65169624108205, 149.25962302651902, 141.4929105179996, 150.63093891803712, 144.72666594673555, 158.27894173715947, 149.54353237033095, 149.24902539594402, 149.24902539594402, 153.56055246213523, 151.66135492546925, 153.60249841506473, 151.9322059683922, 154.66991192503338, 155.0412546577994, 150.3695126944777, 151.08999732498927, 147.45992894208987, 153.62618101236413, 145.58553027665064, 155.4765299596027, 148.89886374199799, 157.30245327268827, 152.86391834684696, 154.73753700496323, 149.8211699915244, 148.32042172780137, 148.03060223252302, 154.3824482318786, 154.1436015759924]
2022-12-11 10:01:04,498 Train INFO: mean test reward: 0.0000,128.6159,154.2859,150.8167
2022-12-11 10:01:04,499 Train INFO: test seed: 9************************************
2022-12-11 11:23:01,685 Train INFO: mean test reward1: [0.0, 0.0, 0.0, 0.0, 0.0, 0.0, 0.0, 0.0, 0.0, 0.0, 0.0, 0.0, 0.0, 0.0, 0.0, 0.0, 0.0, 0.0, 0.0, 0.0, 0.0, 0.0, 0.0, 0.0, 0.0, 0.0, 0.0, 0.0, 0.0, 0.0, 0.0, 0.0, 0.0, 0.0, 0.0, 0.0, 0.0, 0.0, 0.0, 0.0, 0.0, 0.0, 0.0, 0.0, 0.0, 0.0, 0.0, 0.0, 0.0, 0.0]
2022-12-11 11:23:01,686 Train INFO: mean test reward2: [121.41970431871232, 121.51342855960344, 126.11908085194844, 129.41702348436306, 128.853102392326, 125.7644372250072, 123.1924506836018, 126.86190015703006, 123.93886304156585, 127.65584257785949, 125.41512015016534, 126.61348086222581, 128.233064335135, 132.53685546280298, 131.84013298793133, 118.06527753075608, 125.3416240033929, 120.87638458295007, 123.81009959622845, 125.69511119415895, 122.68781781652666, 127.94152541526958, 128.92596157067626, 126.32635312532628, 124.07157164796597, 126.60490737151588, 128.7336742351412, 126.03816939021877, 123.12846161374026, 128.07346015174952, 125.14599959730121, 129.35215581136225, 131.78397673457508, 128.60812025188713, 125.0591068063435, 122.73502601257374, 122.6412707436044, 126.46500709716688, 131.33638873996154, 126.5908624549232, 127.29646302449002, 126.79453781277714, 130.30113560436544, 129.08774032737128, 129.93546515374166, 128.750157009354, 128.20394965538864, 127.64151903241341, 126.40214571441601, 134.17351210509088]
2022-12-11 11:23:01,686 Train INFO: mean test reward3: [144.1572969395938, 150.07935449673556, 155.26558036025148, 156.59164649917676, 150.56888679179932, 156.95449859250613, 156.5922085761049, 150.93382722362978, 148.79710467765142, 156.98500047411864, 155.72028085754084, 154.0079170169336, 150.5500553483282, 150.56428845839633, 151.8052942131703, 151.84279609385266, 151.87359872493667, 156.1901660743207, 142.69899575693637, 151.86763103281953, 152.2971201349451, 152.74965296789927, 154.4811265602004, 148.33744056589586, 149.69230068272938, 153.11096591656445, 148.27513196196674, 155.74904003893585, 152.72205778702727, 153.61998581829008, 148.72929909592216, 153.98569909840347, 155.70297948694386, 155.7463729466895, 156.5645628119703, 152.74946435650637, 150.09912736884058, 151.44624287158382, 144.15100815990147, 145.0127210480419, 157.3207740773133, 151.79394928366597, 161.9577874676721, 154.0516116399896, 154.4607634799665, 154.49404626953446, 149.2082653654658, 157.7828132769009, 153.1420297803502, 150.55832076627922]
2022-12-11 11:23:01,686 Train INFO: mean test reward4: [148.5686175681731, 150.3294050211158, 150.90487079625683, 140.2772725032783, 146.57980004526493, 149.46804732005955, 144.98140918536922, 144.98245113543547, 150.67426291339794, 148.57702352359692, 146.24115139262722, 152.20367874456113, 147.9826482492358, 153.8689376949743, 153.9337256776816, 148.9764448944434, 149.20128110952595, 148.85277833541053, 144.34396698377623, 143.1024164254269, 152.58337432472, 149.25962302651902, 141.5662073598416, 148.69043944845743, 145.25294268387955, 149.19264689428763, 149.22572573276832, 150.62279177567785, 155.47066621615386, 150.8798672826672, 148.5727580122892, 149.81611287183156, 154.4367215353209, 152.33462756485523, 154.1452947280313, 147.19229781621146, 145.33328676094314, 147.0851835543116, 151.46432165908817, 144.69370200967532, 146.2297633783562, 149.81856336004728, 150.3771493075339, 147.1104230827495, 145.88152735594522, 144.9880750984445, 148.06452298269778, 147.09656854892734, 150.02749818289092, 152.88073079883097]
2022-12-11 11:23:01,686 Train INFO: mean test reward: 0.0000,126.6800,152.4808,148.6869
2022-12-11 11:23:01,687 Train INFO: test seed: 10************************************
2022-12-11 12:50:23,005 Train INFO: mean test reward1: [0.0, 0.0, 0.0, 0.0, 0.0, 0.0, 0.0, 0.0, 0.0, 0.0, 0.0, 0.0, 0.0, 0.0, 0.0, 0.0, 0.0, 0.0, 0.0, 0.0, 0.0, 0.0, 0.0, 0.0, 0.0, 0.0, 0.0, 0.0, 0.0, 0.0, 0.0, 0.0, 0.0, 0.0, 0.0, 0.0, 0.0, 0.0, 0.0, 0.0, 0.0, 0.0, 0.0, 0.0, 0.0, 0.0, 0.0, 0.0, 0.0, 0.0]
2022-12-11 12:50:23,006 Train INFO: mean test reward2: [135.6650682775591, 125.69113664717071, 130.4993061183303, 131.84600381446904, 127.25185009996964, 129.59753766823735, 128.99249471691388, 135.1516519547306, 142.96817257813439, 128.79468253492445, 132.6893485561229, 131.5641791367505, 137.7231474670881, 136.2502102595255, 133.54986466347702, 125.88229274218098, 122.16242598644179, 132.43573372593622, 129.16584367374816, 131.2545901524838, 132.9308268390396, 134.00150116130595, 130.51529354252682, 140.9666535412643, 132.48803618604882, 129.86250675900044, 131.06013803731807, 127.75101654661188, 131.2933486299886, 127.16454002402004, 131.08347319745977, 133.29139296256108, 129.73782438185495, 129.89510344746913, 138.07978373759641, 128.87753588409421, 129.67730074361356, 129.26327082488808, 132.29776319373286, 136.37914484127958, 131.95404502604887, 132.52012001818048, 135.0058320126473, 133.65621105693427, 130.0566816488743, 133.97035538668814, 135.95868880008857, 127.65729258989714, 130.5915234472344, 126.47472133313599]
2022-12-11 12:50:23,006 Train INFO: mean test reward3: [157.81602258195127, 154.00594475341532, 160.44293005047317, 161.50022345626832, 154.8769890318585, 154.0320885310679, 160.12383807859106, 156.17579650428917, 154.84699963965693, 154.91392185475468, 162.3379703055146, 154.9014724458989, 160.07309929272768, 163.18274429647306, 158.13054181037035, 160.0569752002198, 157.34097127347619, 161.97625662482437, 156.09522852168396, 162.3433961291368, 158.18545860064353, 152.28058231818494, 157.80567818841374, 156.5766387552908, 160.8477431086738, 160.75435448172541, 155.75709039192373, 160.51146871429248, 160.1152252348364, 156.5433119479669, 156.11418575897622, 156.92685282837152, 162.27401351435597, 160.48978021134369, 157.7792130475684, 159.70769133819815, 161.57484816119518, 154.48543383961845, 151.3879442857757, 160.50400082296292, 160.443134622606, 157.71469532625505, 165.55379366416653, 162.10638679027073, 156.13724426968884, 157.39558858673863, 153.09155880292002, 160.8468790891685, 159.6916299264717, 155.70242856045024]
2022-12-11 12:50:23,006 Train INFO: mean test reward4: [152.8608140551261, 151.67809147892166, 156.29495858355557, 154.45487612431629, 156.29495858355557, 156.50480409193136, 153.33807225096567, 153.38053854422017, 152.77136544508008, 153.08430892442271, 158.5416973252813, 158.00769229359665, 155.19609841530425, 161.7419439320833, 154.96276468986366, 156.7982200010302, 158.23460360903562, 158.2566640666239, 154.61237141188155, 156.49111635700532, 156.79302970868895, 159.76681843648785, 153.3396415442345, 156.48595645459903, 154.142528646491, 153.10156381536206, 150.31277980677964, 161.69568966101014, 161.21793212458994, 149.1728431220029, 158.78074981402509, 153.8481408832087, 154.715696264179, 152.82994959636247, 155.7703413865535, 152.77136544508008, 156.50480409193136, 155.99471945024473, 160.77226470857323, 154.38244823187858, 152.78573455048564, 159.2675725354062, 156.06019890057422, 156.79919185521365, 160.2275732753888, 157.79938260231555, 153.5345747228106, 157.00750154649472, 158.78836530115888, 159.25870021182502]
2022-12-11 12:50:23,006 Train INFO: mean test reward: 0.0000,131.6719,158.2896,155.9487
2022-12-11 12:50:23,006 Train INFO: test seed: 11************************************
2022-12-11 14:13:41,875 Train INFO: mean test reward1: [0.0, 0.0, 0.0, 0.0, 0.0, 0.0, 0.0, 0.0, 0.0, 0.0, 0.0, 0.0, 0.0, 0.0, 0.0, 0.0, 0.0, 0.0, 0.0, 0.0, 0.0, 0.0, 0.0, 0.0, 0.0, 0.0, 0.0, 0.0, 0.0, 0.0, 0.0, 0.0, 0.0, 0.0, 0.0, 0.0, 0.0, 0.0, 0.0, 0.0, 0.0, 0.0, 0.0, 0.0, 0.0, 0.0, 0.0, 0.0, 0.0, 0.0]
2022-12-11 14:13:41,880 Train INFO: mean test reward2: [126.055589108663, 128.25985778368886, 126.83673466007856, 130.32936654777382, 128.0373560349065, 131.30979274218194, 122.47791428465386, 129.2781395065703, 126.4546853980852, 130.96413853641985, 124.83773102595309, 121.43425253453857, 131.77709727989398, 126.09243920061016, 130.38865561904666, 119.98815007114592, 129.43998799740652, 127.73891653363496, 127.40764669810481, 131.11726216331945, 127.2499084567541, 125.21483019015534, 133.66557089659574, 129.7031948493716, 128.42654915696608, 129.33347827212967, 132.45271774203127, 125.89295494751082, 125.8320756577931, 122.128273268774, 134.2562163866786, 132.42176350297993, 122.58520730350108, 127.68641193588334, 125.21261754653753, 127.76853451230156, 127.0346430012509, 129.18194309185247, 130.80863995010588, 125.44947420703745, 132.63006805708173, 131.2188532819432, 133.5802992715904, 129.85399160655535, 129.83226246485563, 128.49746394572963, 125.51840403969624, 130.56362240985771, 130.92749769186844, 126.0256163935682]
2022-12-11 14:13:41,880 Train INFO: mean test reward3: [144.14811033792282, 150.58148969998916, 155.7639716858955, 155.332816578513, 154.03743068135088, 158.94956899782053, 155.27815474703948, 152.30035519028996, 148.27133758197846, 158.18470230141205, 147.8920095642084, 151.46451421549312, 146.8366538388988, 151.46797142888852, 156.988474724119, 157.4048756455001, 150.11748809799485, 162.32846034647773, 145.541029115761, 152.74302185094942, 154.48332882430026, 156.50867506489723, 159.34344414867923, 145.56765186882635, 158.16623665503207, 159.2766474618617, 151.82459227183546, 155.65181153296393, 157.31557942796454, 158.54112498359387, 154.04777507488848, 154.86720902836447, 154.4788329334894, 156.9993700441501, 153.18291309059998, 148.32433431300046, 154.052547182453, 155.26693844449912, 151.01474572356693, 152.73427873782347, 152.7497141196897, 154.3721537039197, 157.36825513634878, 154.89093944096845, 154.4894590161124, 160.46991636723533, 151.4068258010564, 147.40808593857952, 156.57317565572495, 155.30039453572476]
2022-12-11 14:13:41,880 Train INFO: mean test reward4: [146.50943831311125, 153.38853554384906, 148.3402777945114, 145.67326477889137, 150.32307290184858, 149.47654884846054, 145.2711490634424, 154.44103238316097, 145.8721368527359, 150.00499899585344, 147.10978342300308, 155.24550478812995, 152.24674824807798, 151.9322059683922, 157.4980470832268, 152.5581224341518, 147.72248501468692, 153.4011114810506, 153.10799152172208, 154.1684853606629, 156.000006857362, 151.18987925156537, 148.57185835236461, 151.8415913042241, 146.84213616226546, 149.7678580561104, 147.45992894208987, 151.0489193940825, 150.90487079625683, 153.36663820179405, 153.10156381536206, 145.26517133021687, 154.715696264179, 151.71052523095415, 154.961338732323, 153.08430892442271, 150.62539840715496, 147.10198854484253, 155.48529588624532, 148.30847660293472, 151.7205617578071, 151.12475763571715, 152.8053341955646, 146.50943831311127, 153.62949905825528, 148.89921812803962, 151.50578374842684, 138.2931755294645, 155.47538966035992, 154.45191516832358]
2022-12-11 14:13:41,880 Train INFO: mean test reward: 0.0000,128.2236,153.8462,150.8012
2022-12-11 14:13:41,881 Train INFO: test seed: 12************************************
2022-12-11 15:39:56,397 Train INFO: mean test reward1: [0.0, 0.0, 0.0, 0.0, 0.0, 0.0, 0.0, 0.0, 0.0, 0.0, 0.0, 0.0, 0.0, 0.0, 0.0, 0.0, 0.0, 0.0, 0.0, 0.0, 0.0, 0.0, 0.0, 0.0, 0.0, 0.0, 0.0, 0.0, 0.0, 0.0, 0.0, 0.0, 0.0, 0.0, 0.0, 0.0, 0.0, 0.0, 0.0, 0.0, 0.0, 0.0, 0.0, 0.0, 0.0, 0.0, 0.0, 0.0, 0.0, 0.0]
2022-12-11 15:39:56,398 Train INFO: mean test reward2: [126.98903005295463, 127.85361317765752, 137.32352226354482, 134.2999132629496, 131.5561487412778, 131.2988237151477, 130.29555444959212, 133.87727650279666, 137.10270274978, 129.2642340132678, 135.43095508217883, 125.53116941655006, 126.45256940602208, 133.15060173114708, 134.95338949062395, 136.09218226589525, 124.70995015760444, 127.86343682111864, 136.60569755476533, 129.97131826451468, 133.85501728819975, 127.4454633538404, 130.03044889401812, 135.51331606287354, 124.5456358517082, 128.77792566135403, 133.05258718523754, 135.14006010615725, 140.24195059251656, 135.90621675696755, 131.31320062512424, 128.1280067182123, 121.25776326952264, 132.64260200343907, 134.65317434037166, 131.82850973227326, 127.48324577577228, 137.04159568080348, 129.27417565785737, 129.63060837587855, 133.89681493646077, 132.81779927083525, 137.67574907280255, 119.93490483219274, 129.42748885966358, 135.43849019425483, 132.79179591740478, 138.58582703398275, 137.50418740362602, 131.76040858555345]
2022-12-11 15:39:56,398 Train INFO: mean test reward3: [153.58376649203615, 154.8862872410546, 160.88521209042915, 161.60164922918236, 153.14331317545748, 155.73659063008006, 158.20249526292133, 156.58743688237905, 155.7259815282233, 157.57922260208542, 154.02800220278345, 158.1861335949173, 156.15932191893947, 158.56877074772854, 158.11281478242918, 163.64437588744482, 158.91898482080924, 164.96389021177944, 158.203735221792, 162.3433961291368, 155.3192430158009, 151.87799736696593, 159.38955906996617, 157.7999611702249, 157.37741890659706, 164.84415952995704, 155.30735609771196, 158.55154506021915, 160.42293742644307, 160.53709250419047, 160.04839545224198, 155.33033392657035, 161.39984158962687, 159.39873567694852, 156.60887218668614, 156.9089095508316, 154.0609710009762, 152.27232099935685, 153.9821376553684, 158.6080008642714, 158.51058339389337, 158.4964425571814, 165.24908609607166, 160.85519167664555, 155.7503981231835, 161.81396003473154, 148.32741416209063, 152.70781359697816, 159.3978716574432, 160.42504491559131]
2022-12-11 15:39:56,398 Train INFO: mean test reward4: [151.09464529204746, 155.24484371044267, 152.17999438924582, 151.0942909060058, 158.5335803601741, 158.55842987354092, 153.0385245852771, 153.634178011993, 156.93977264232868, 158.2899281390476, 157.7874589459802, 157.51148236183008, 151.9574578589604, 157.2834781306449, 158.78836530115888, 148.28354490681335, 155.49058329336268, 154.97229668794455, 152.5596917274206, 150.31880739054083, 162.6568861074658, 156.48429313279323, 154.65711211289667, 156.00000685736202, 155.96993278035023, 151.47456490362148, 150.94684341489855, 161.97298985987635, 160.2539172961144, 155.01008402746132, 159.27060850472128, 159.54321403405305, 155.70042880173847, 155.99471945024467, 155.7703413865535, 153.07559206450642, 154.6866748513049, 148.6370069980765, 160.78485984750537, 160.43519612063403, 152.246748248078, 152.77136544508008, 156.46907920699834, 153.10645652327008, 155.19619553008033, 155.48181736672, 154.04399828680997, 149.8185633600473, 156.76414834076013, 160.25889095892694]
2022-12-11 15:39:56,398 Train INFO: mean test reward: 0.0000,131.7643,157.8528,155.3809
2022-12-11 15:39:56,398 Train INFO: test seed: 13************************************
2022-12-11 17:05:53,288 Train INFO: mean test reward1: [0.0, 0.0, 0.0, 0.0, 0.0, 0.0, 0.0, 0.0, 0.0, 0.0, 0.0, 0.0, 0.0, 0.0, 0.0, 0.0, 0.0, 0.0, 0.0, 0.0, 0.0, 0.0, 0.0, 0.0, 0.0, 0.0, 0.0, 0.0, 0.0, 0.0, 0.0, 0.0, 0.0, 0.0, 0.0, 0.0, 0.0, 0.0, 0.0, 0.0, 0.0, 0.0, 0.0, 0.0, 0.0, 0.0, 0.0, 0.0, 0.0, 0.0]
2022-12-11 17:05:53,288 Train INFO: mean test reward2: [126.60824303627194, 131.22751093394143, 135.80779499900507, 126.70435729891402, 135.23866839062578, 131.31580250211744, 130.55239329941935, 131.4343264634864, 136.78821018583454, 130.28962723644193, 127.90748482603581, 129.88249692993838, 128.4651873198404, 128.81083709602567, 130.63813435308484, 134.20628535439786, 130.0744120337229, 137.89941262648318, 130.7544308938014, 132.61300443239318, 131.39724489148375, 129.95646832488072, 132.058769210113, 132.4187076367197, 133.58034061690174, 128.8054354096349, 132.0023743609098, 132.43151241131505, 134.24161720189065, 131.87463707836795, 133.44900180006567, 137.66489480556766, 133.2308250155978, 131.15102680181346, 134.87453365678113, 129.3416623309514, 132.5302065856983, 136.9993528513858, 133.34964468185834, 134.14026435652315, 129.47712174584902, 126.68206358685286, 137.4277660822196, 132.59031269507457, 129.7204106886801, 135.5642285523381, 139.4557700490308, 124.98730133684504, 129.28920300709552, 125.62468767522319]
2022-12-11 17:05:53,288 Train INFO: mean test reward3: [148.25420215879487, 151.40300827069663, 160.79243225704673, 162.9520014195509, 159.70769133819812, 161.1158582644465, 156.99534486765617, 157.4327104348663, 156.16372056096867, 155.76340960896738, 160.1152252348364, 157.02701580828474, 157.81323736432796, 162.64101887673894, 157.81553099103903, 163.27756528023951, 160.47227169352647, 161.1136367268395, 154.4201806237421, 157.44974709714413, 158.5494375710709, 156.96082895998435, 157.77976397406195, 154.90432856337674, 156.54944672470685, 163.63453703130082, 156.13905608748715, 161.91400854931848, 158.91898482080921, 158.9754406248615, 156.1780901310002, 155.3303339265704, 154.8695026550755, 159.01467074140433, 159.00395040850142, 162.6955998507902, 150.95208029120903, 157.35158037533296, 152.30752227247015, 157.81553099103903, 159.30218573684806, 150.99591428009577, 163.30963096482643, 158.877536760643, 159.71946471583786, 161.96132084216526, 150.93552982144172, 160.43276064406382, 161.9696527530001, 154.0391626449725]
2022-12-11 17:05:53,288 Train INFO: mean test reward4: [153.38853554384906, 155.49058329336262, 154.95045594716032, 149.8109267469911, 154.39186999967376, 160.0176306274261, 154.94529604475403, 154.152367502635, 157.55823912643902, 150.94719780094022, 152.00110577993408, 155.94565418153354, 154.14529472803133, 159.5401378200187, 154.6617910666344, 153.8929748347953, 155.43613350275808, 155.19609841530428, 152.80533419556463, 147.70903939013186, 156.00057082027328, 153.38853554384906, 152.49176803516653, 154.96596609636057, 155.2562904585165, 155.6790699359719, 152.30340872004984, 157.0029056069997, 155.55067822179882, 156.50424012902013, 157.00196168305462, 159.22379229807, 154.67274902225597, 159.4629839540226, 157.99497641285407, 155.46611476712718, 154.45191516832358, 150.3801103250527, 156.7203013575613, 150.94423678342145, 148.69043944845743, 156.5042401290201, 158.26857235952016, 154.7463029316059, 156.54555414496502, 156.5042401290201, 158.7940296961934, 153.91853204467887, 161.94266243686715, 157.56390352147352]
2022-12-11 17:05:53,289 Train INFO: mean test reward: 0.0000,131.8707,157.8823,155.1186
2022-12-11 17:05:53,289 Train INFO: test seed: 14************************************
