2022-12-12 15:40:05,777 Train INFO: Namespace(logger=<Logger Train (INFO)>, name='A2C2022-12-12-15-40-05', gpu='0', device=device(type='cuda', index=0), gamma=1, epoch_num=3000, test_episode=50, val_episode=50, test_size=0.1, val_size=0.5, batch_size=50, train_batch_size=50, num_steps=10, h=1, w=[120, 50], nn_out=40, share_lr=0.0001, actor_lr=1e-05, critic_lr=0.01, step=10, lr_min=1e-05, e_rate=0.001, a_rate=1, c_rate=1, lr_decay_lambda=0.999, load=False, duse_T=True, est_T=False, use_pref=False, same_price=False, use_price=True, only_test=True, test_benchmark=True, change_T=True, num='106', print_grad=False, max_norm=10, seed_range=20, net_seed=10, seed=0, info=True, selling_length=150, cardinality=4, ini_inv=2, num_products=100, number_samples=10000, num_cus_types=4, seg_prob=None, num_cus_features=4, MNLdata=10000, p_file='../Gene_databeta/simul/p10_random.npy', c_file='../Gene_databeta/simul/c4_random.npy')
2022-12-12 15:40:05,778 Train INFO: log/A2C2022-12-12-15-40-05
2022-12-12 15:40:08,251 Train INFO: products price: [1649.73814547 1127.61563842  931.02871698 1360.34237971  725.13091995
  923.26577906 1048.06358099 1335.59336555 1195.40725861 1064.01482778
  911.06874296 1048.7285084   862.45852977  562.0352617  1338.46425903
  990.15321765  520.29278707 1208.23053483 1211.78612974 1415.52984074
  793.16221683 1876.27989159 1532.58284504  955.82118943 1761.86348334
  839.64872328  552.35384058 1249.34487063  512.10224121 1264.40811504
  800.71457455 1724.21396565 1820.46937714 1053.61927862 1303.52226404
  687.23532693  553.41199285 1166.92080199  888.36091138 1555.51175855
  945.60906956  904.8232257   185.11950973  956.00340393  921.97706365
  777.00211129 1233.85864419 1855.13122698 1247.19421357  809.85084994
  477.38637086 1180.64638022  688.85646935 1821.84964101 1336.34462326
 1180.51360642  846.06710047  671.01312444  972.26852132  920.40072648
 1206.16552071 1416.03566126 1211.55189823  896.40685864 1067.94770214
 1577.1507714  1254.63336377 1273.60053127  109.15494726 1404.48282551
 1341.31287433  440.47487253 1148.9827406  1464.57599267 1204.3751098
  570.81428852  460.8940235  1490.06233971 1354.33031959  984.32869752
 1393.98066869  796.41108887 1427.58864888 1277.02973902 1164.10629816
 1159.15216995 1300.53489406 1407.42098991  808.96765814  987.27313092
  169.27919123  946.08274828 1174.39447852  944.25927782 1517.41984827
 1615.68280386  142.22238131  657.0012701  1487.17636032 1170.3680706 ]
2022-12-12 15:40:08,251 Train INFO: seg_prob [0.21154331 0.33382619 0.24539256 0.20923794]
2022-12-12 15:40:08,251 Train INFO: Load Factor 0.75
2022-12-12 15:40:08,254 Train INFO: test seed: 0************************************
2022-12-12 16:24:26,456 Train INFO: mean test reward1: [0.0, 0.0, 0.0, 0.0, 0.0, 0.0, 0.0, 0.0, 0.0, 0.0, 0.0, 0.0, 0.0, 0.0, 0.0, 0.0, 0.0, 0.0, 0.0, 0.0, 0.0, 0.0, 0.0, 0.0, 0.0, 0.0, 0.0, 0.0, 0.0, 0.0, 0.0, 0.0, 0.0, 0.0, 0.0, 0.0, 0.0, 0.0, 0.0, 0.0, 0.0, 0.0, 0.0, 0.0, 0.0, 0.0, 0.0, 0.0, 0.0, 0.0]
2022-12-12 16:24:26,457 Train INFO: mean test reward2: [69.96860121690567, 65.54954166316271, 68.42677187875503, 71.55137312785295, 70.29216771070033, 63.514707053061365, 67.0118977287922, 66.49370264137292, 66.81072607979225, 68.5544344290336, 62.151450090625744, 66.65105418581052, 69.31324209046883, 64.26681801790654, 66.61241099165039, 65.7855581344797, 69.4713531715942, 68.0473673651319, 68.26810443521593, 65.58470850554193, 66.6166517388485, 69.3808664085772, 69.47125652079268, 72.61151961085724, 67.67404184521739, 75.8123697391501, 62.92694555923999, 74.33989404654729, 66.02917978298431, 67.41448439953913, 73.6656269326951, 69.11464145668043, 70.1919852560409, 70.49759459670865, 71.75068979224109, 67.39177673945792, 61.70839474771328, 72.12708514216746, 66.41230803287931, 68.52712407568593, 67.51843442206903, 67.58247872513448, 68.78954268471307, 71.37520404157316, 67.50525243548654, 72.36620405888985, 68.59480334879993, 65.48876177248637, 71.45303182858115, 69.88253806642437]
2022-12-12 16:24:26,457 Train INFO: mean test reward3: [85.33338600237474, 88.40620285518519, 89.38274913163009, 88.88271824704763, 89.40626907069269, 88.37363709299177, 88.4114902623025, 88.89674839191724, 87.90196958352705, 87.39279847585048, 87.3846506043645, 82.24960700886498, 89.8883243259952, 83.71635972580052, 87.87532639688229, 86.88872054573909, 90.39386467886244, 88.9022882553573, 77.81099175517795, 87.40352863163181, 87.34802394496505, 86.88312245552832, 82.24007501078405, 88.89392250552227, 87.87343778669712, 90.41279190564187, 88.40004070866043, 86.88327779707505, 86.85308476062177, 89.89681460742472, 86.84118024744149, 87.40327617530903, 81.72188552014205, 85.8340434030709, 86.36782146258551, 89.38729392864929, 87.38957241264791, 89.38657453078855, 82.75227098725428, 86.3491039452864, 85.87516082485763, 86.37053105509705, 90.9019503517004, 84.84464394815255, 82.249607008865, 86.38423481775817, 89.38729392864929, 86.3678214625855, 87.89596277854903, 87.87780414914243]
2022-12-12 16:24:26,457 Train INFO: mean test reward4: [81.27951291956082, 83.41350656261847, 86.5414639425128, 88.4332784511669, 79.75898555658966, 87.20047248808334, 89.42288185448487, 85.32559097665275, 86.58068521685253, 82.73896655233243, 82.11797760792099, 82.05654706255068, 79.74722157907819, 83.4076478985382, 84.66619905006539, 81.46084430652336, 88.4468221330173, 85.30317469284397, 86.58068521685253, 84.04562587651203, 87.82305161996734, 79.9846716332058, 85.3090485130485, 82.75595558589481, 77.72944077140023, 87.75586562507152, 77.33111326312057, 90.02732951020165, 86.54808284309063, 82.7354621692418, 82.11797760792098, 81.46036855411037, 83.39990563846762, 90.37682505021765, 82.7354621692418, 82.7638226842201, 87.20047248808335, 83.31721471878397, 79.34450795445882, 75.548848791824, 87.79352917534666, 85.28022670005879, 79.7318402818876, 84.03974569555004, 80.8389667422335, 85.32559097665276, 84.64323794190399, 89.05321718370095, 89.67698769675094, 91.59780810805397]
2022-12-12 16:24:26,457 Train INFO: mean test reward: 0.0000,68.3709,87.0435,84.2555
2022-12-12 16:24:26,458 Train INFO: test seed: 1************************************
2022-12-12 17:07:57,482 Train INFO: mean test reward1: [0.0, 0.0, 0.0, 0.0, 0.0, 0.0, 0.0, 0.0, 0.0, 0.0, 0.0, 0.0, 0.0, 0.0, 0.0, 0.0, 0.0, 0.0, 0.0, 0.0, 0.0, 0.0, 0.0, 0.0, 0.0, 0.0, 0.0, 0.0, 0.0, 0.0, 0.0, 0.0, 0.0, 0.0, 0.0, 0.0, 0.0, 0.0, 0.0, 0.0, 0.0, 0.0, 0.0, 0.0, 0.0, 0.0, 0.0, 0.0, 0.0, 0.0]
2022-12-12 17:07:57,482 Train INFO: mean test reward2: [60.114727909994876, 63.33687241409907, 66.46211202520749, 68.91780753318922, 62.96597856473128, 66.67114694916155, 59.948754065947305, 61.515665269089475, 68.05826679186161, 67.90793001024204, 65.54094125234288, 66.19538990100975, 68.78227108546233, 60.784171767734726, 64.95250124206369, 59.94429629798758, 69.5304908904591, 66.5950828817778, 62.42279308167558, 72.32096127217385, 68.08557760955058, 66.23668889883973, 67.64595221030162, 66.22857592186351, 64.04277766404653, 72.32639523929997, 71.33805584775062, 68.87304855901203, 68.40766252587693, 61.47189498291032, 71.52175900725756, 65.83646495486123, 59.13679218038917, 66.6372801618621, 70.69394086007037, 65.41791836363106, 64.69164023697446, 59.850437460832254, 66.6725477121708, 67.62933321281032, 66.90012560534967, 69.81237818009768, 69.01847261960532, 67.20750689438249, 66.8273885407829, 66.82408105189538, 68.0364381486721, 66.83524554316908, 68.25951549015913, 65.51827652496065]
2022-12-12 17:07:57,483 Train INFO: mean test reward3: [74.86507042058837, 85.34500376441547, 88.41174271862529, 84.83068772916866, 83.29087869805704, 82.7214408233074, 86.37385423307566, 83.81703089351117, 82.76469220778613, 81.19569902987115, 85.86962096141755, 87.3163726502928, 84.82592643085349, 87.89677929118581, 85.3656401460822, 81.06869797076637, 81.62273220409415, 88.40620285518519, 83.79511196971517, 83.10763182413322, 84.31483645880924, 82.73886373113255, 85.3516839270983, 86.88846808941629, 86.87865897830696, 86.88312245552832, 81.19569902987115, 86.38977468119826, 84.80928347341806, 85.34887721981069, 81.62426720254619, 84.30246654089578, 80.54397179437898, 84.8462132414214, 85.316477762595, 86.35321785140893, 83.25166285362282, 82.1205069681938, 77.70718340670379, 85.83948615173493, 86.37053105509705, 80.55576020752376, 84.34321738378205, 81.68945176810959, 77.78459810959691, 79.98099881030683, 86.37939409651575, 85.37083043842348, 85.86987341774034, 85.85830078381007]
2022-12-12 17:07:57,483 Train INFO: mean test reward4: [78.65409238679787, 85.91759287645662, 84.01432382208031, 80.79612780065459, 80.3987900783105, 84.65732961654484, 74.44380269370583, 84.64605654757064, 82.73546216924181, 86.52996566036585, 78.67462003742573, 82.75801040993774, 82.73739215503001, 82.73404289792848, 83.39512604709533, 79.73465888755423, 87.14364519757777, 84.26163944030073, 80.64401223679931, 79.51549494788374, 85.29784934165053, 75.43378232247004, 78.42804715315559, 85.29045723875423, 81.44819761682577, 84.65143945923789, 83.40777273679292, 85.2736428238838, 84.6719328758909, 75.29942063973067, 82.73391805967377, 85.31765311393531, 80.17310400169434, 88.42730071794135, 88.17617684680219, 83.39512604709532, 82.76764769373462, 76.6521018989027, 81.07069337342794, 81.67549040497009, 84.03974569555005, 77.3452473618451, 80.38911680760806, 80.771451160011, 80.3987900783105, 80.7903077248155, 75.2121612573394, 85.95476875109291, 81.48086197076339, 84.03702127562522]
2022-12-12 17:07:57,483 Train INFO: mean test reward: 0.0000,66.2190,83.9960,82.0881
2022-12-12 17:07:57,483 Train INFO: test seed: 2************************************
2022-12-12 17:49:40,403 Train INFO: mean test reward1: [0.0, 0.0, 0.0, 0.0, 0.0, 0.0, 0.0, 0.0, 0.0, 0.0, 0.0, 0.0, 0.0, 0.0, 0.0, 0.0, 0.0, 0.0, 0.0, 0.0, 0.0, 0.0, 0.0, 0.0, 0.0, 0.0, 0.0, 0.0, 0.0, 0.0, 0.0, 0.0, 0.0, 0.0, 0.0, 0.0, 0.0, 0.0, 0.0, 0.0, 0.0, 0.0, 0.0, 0.0, 0.0, 0.0, 0.0, 0.0, 0.0, 0.0]
2022-12-12 17:49:40,403 Train INFO: mean test reward2: [57.74900531078239, 65.96180425779633, 64.28490900738397, 67.68594962060398, 64.06514977453901, 59.28245979880464, 57.48986532386518, 64.18099078159355, 69.98454181776766, 62.709215626065124, 57.5565047396561, 62.45959054553883, 66.44587826521095, 66.200059241512, 64.13919255889988, 61.47121058020293, 62.66481011491733, 65.52696009428881, 60.46898670603085, 61.00471277362505, 63.52498575905905, 60.646697158941066, 58.52685964864978, 61.45787459115646, 56.547954061666275, 68.64312191202222, 63.91696229494635, 65.73667501753856, 59.18241128879617, 57.86194519533966, 60.645293187617696, 66.48585019372157, 64.25283129676758, 60.05753068991433, 60.63838188756982, 64.03928108038262, 63.91894018456327, 59.099589896104014, 60.10288825710922, 70.17648255746141, 63.93496487840902, 64.09179650401433, 61.38300667158285, 67.28828509720478, 66.97675812319721, 60.342325009950265, 60.790490636691096, 63.24080172637101, 59.97350959717435, 62.90930204357076]
2022-12-12 17:49:40,408 Train INFO: mean test reward3: [82.24650271714411, 82.77579349913587, 78.80825584919594, 85.35406751215196, 78.36260998690257, 81.09411362163847, 80.63400879066369, 82.19393933645573, 69.50701406919126, 81.68806004385961, 84.30326382487898, 77.28934456004103, 83.76760609936044, 76.10446430432904, 83.79354267644634, 80.07521173133745, 76.68144063870821, 85.35563680542074, 79.53724699808123, 81.65551731244183, 80.66797754114822, 79.95899338712445, 78.96064646784139, 82.17524180153589, 85.3488772198107, 79.5124841539217, 78.41921018776326, 76.6779133936984, 78.89106370413296, 78.42771171616421, 78.94448118827046, 82.24161000923614, 77.86026985423497, 82.72532622062155, 83.72151283382433, 84.83945365581133, 80.0311430105217, 88.39914757969315, 80.0447016586155, 77.74171765506966, 77.78424372355522, 74.91963096146516, 82.14846872123054, 73.13208982317846, 83.2600142392934, 78.92111309808743, 83.29884140286913, 85.87506371008159, 80.66797754114823, 82.76312291451733]
2022-12-12 17:49:40,409 Train INFO: mean test reward4: [74.38699824723282, 78.42804715315556, 78.41887266828874, 83.39691002515161, 79.34048277796488, 78.67864521391965, 78.25015719878343, 78.1022318995685, 79.32054044244954, 78.67864521391965, 78.67576627209611, 73.83135612939553, 78.43665999691028, 79.09276365902436, 81.46431840187962, 77.09408765996889, 76.62494550901074, 79.07855522544017, 76.90655431104399, 74.86826553234812, 81.47608237939109, 71.2164994382935, 75.63518167720454, 76.6664570934087, 79.2915261702634, 78.15010133360346, 75.29942063973068, 79.75460122306959, 75.50507131142254, 74.44380269370583, 82.35653865453065, 80.82325291695278, 77.3452473618451, 83.37216493893398, 78.00358431451328, 77.34003771731527, 79.05387858479659, 74.07462689118123, 80.41308431961734, 74.85474260550916, 76.87610521088696, 77.0748331877621, 81.68102289290964, 75.2562714261475, 80.15457157074701, 76.21753013802979, 76.87458698574996, 77.71933449805165, 81.42483214497858, 76.89402677975517]
2022-12-12 17:49:40,409 Train INFO: mean test reward: 0.0000,62.7545,80.5918,77.9665
2022-12-12 17:49:40,410 Train INFO: test seed: 3************************************
2022-12-12 18:33:31,047 Train INFO: mean test reward1: [0.0, 0.0, 0.0, 0.0, 0.0, 0.0, 0.0, 0.0, 0.0, 0.0, 0.0, 0.0, 0.0, 0.0, 0.0, 0.0, 0.0, 0.0, 0.0, 0.0, 0.0, 0.0, 0.0, 0.0, 0.0, 0.0, 0.0, 0.0, 0.0, 0.0, 0.0, 0.0, 0.0, 0.0, 0.0, 0.0, 0.0, 0.0, 0.0, 0.0, 0.0, 0.0, 0.0, 0.0, 0.0, 0.0, 0.0, 0.0, 0.0, 0.0]
2022-12-12 18:33:31,047 Train INFO: mean test reward2: [62.65541913882792, 66.6245637370172, 72.69232482465574, 63.987671132923055, 72.12548276377562, 61.45431567462027, 70.53563900442684, 70.62486621006259, 70.90008226972905, 62.97177298162211, 67.22116301607709, 69.88737743153996, 65.81178559335855, 64.14562227431519, 70.13677950110433, 63.57910833255172, 69.68545434307181, 69.38032667997244, 69.08144953075742, 63.91108952915959, 65.86850774070028, 61.57311933455473, 70.60375544913317, 70.73972747677954, 68.50904266743596, 69.04430683521457, 64.51007883973564, 72.2873109379718, 68.20753145783478, 64.5513623740444, 67.03652072621135, 67.30842211744437, 68.74271864702423, 70.22322567198019, 65.38297595107021, 68.58971863584408, 64.84805355712487, 70.74228515281158, 67.19217380962999, 69.78456904817156, 69.81243064926258, 66.2291912005989, 62.45924424751218, 66.1511993392355, 61.040443041956465, 65.26620811767536, 67.72250687797344, 60.032713266683956, 64.32770341406918, 60.2723949836656]
2022-12-12 18:33:31,047 Train INFO: mean test reward3: [87.3917295068909, 85.85830078381007, 88.41174271862529, 85.85467978473764, 80.94765324151595, 85.83093146244602, 84.75303765859906, 87.3844255648601, 79.49578490874256, 83.26348092813463, 84.33522038415319, 86.35090319476726, 84.29985990941869, 82.75903057286438, 89.91519488320179, 85.37083043842345, 82.20921055202042, 81.7234205185941, 85.86120460587371, 85.86629778343894, 83.27568506505435, 82.6751223314252, 88.35643981042223, 89.391391603234, 88.38484707565772, 88.87737261315966, 87.883565658953, 86.84984905930807, 85.80561451602648, 85.85467978473764, 83.26169455125368, 83.20128556290852, 81.0941136216385, 85.86358819092739, 81.11079276691699, 86.89400795285638, 85.85839789858612, 92.84615298909351, 81.6849557521387, 86.87215184901967, 79.50780855838433, 83.29084440324027, 84.82115573108774, 80.10643057614281, 80.5191143330631, 82.17453302945249, 85.34887721981069, 90.88851507309712, 86.88872054573909, 88.41149026230251]
2022-12-12 18:33:31,047 Train INFO: mean test reward4: [80.80323525271277, 87.1890747589426, 84.66701329013961, 87.8062466294364, 78.67691366413675, 83.41350656261845, 74.86823086017044, 84.04275510145077, 85.92948169222282, 86.52259310317362, 76.34984538187284, 80.70345715975846, 80.8232529169528, 81.4690979932519, 78.84160395714814, 79.47995853875196, 85.32559097665276, 83.59397735247647, 82.11797760792098, 80.15739017641363, 82.7638226842201, 75.52863359624479, 81.69919616683082, 77.32761438627739, 82.55448993930541, 89.03413823376783, 82.74229658465703, 85.29236605506523, 84.65745445479955, 81.4690979932519, 84.66619905006539, 85.93098173698898, 84.03879146109679, 89.67698769675094, 85.30023315339054, 84.02035397376625, 82.03070611160699, 83.34387581268282, 80.82325291695277, 73.70193303081122, 81.46199054119374, 79.33186993421018, 89.05919491692651, 82.1062136304095, 84.65732961654483, 83.40167582393923, 80.79216296031755, 87.16378770007252, 86.54185447613204, 87.78970416583215]
2022-12-12 18:33:31,048 Train INFO: mean test reward: 0.0000,66.9294,85.1176,82.8338
2022-12-12 18:33:31,048 Train INFO: test seed: 4************************************
2022-12-12 19:16:36,966 Train INFO: mean test reward1: [0.0, 0.0, 0.0, 0.0, 0.0, 0.0, 0.0, 0.0, 0.0, 0.0, 0.0, 0.0, 0.0, 0.0, 0.0, 0.0, 0.0, 0.0, 0.0, 0.0, 0.0, 0.0, 0.0, 0.0, 0.0, 0.0, 0.0, 0.0, 0.0, 0.0, 0.0, 0.0, 0.0, 0.0, 0.0, 0.0, 0.0, 0.0, 0.0, 0.0, 0.0, 0.0, 0.0, 0.0, 0.0, 0.0, 0.0, 0.0, 0.0, 0.0]
2022-12-12 19:16:36,966 Train INFO: mean test reward2: [61.05721943970806, 68.23878495806305, 70.77070116428727, 62.055467675510876, 61.48613752511252, 63.54143750656407, 64.59307044285393, 68.8371003243194, 65.69785348793151, 64.20099804585585, 62.88608779182395, 65.00903418086025, 67.02318503820736, 66.7158573229589, 67.4673211963505, 60.78132496167266, 63.0839275665241, 64.67455850493903, 61.154219068182606, 62.46781786099054, 69.14841060345792, 62.71019187437259, 67.75154145780563, 69.60977731436905, 58.76588763739977, 70.0221015664465, 63.73544419703729, 66.93386578130536, 68.18623998928037, 66.7464608874081, 70.39767398287825, 64.01171519494298, 64.99797007020894, 70.84745764358007, 67.57510144152884, 62.43297696212428, 69.23219417059191, 71.58948382487513, 65.50031774387062, 63.153033797021116, 65.92086938866662, 69.32323445550358, 67.14898396166203, 67.81356441966798, 60.27895712749444, 67.21562303976542, 72.24225190488843, 66.15134007305579, 66.14446644086942, 68.6893724422638]
2022-12-12 19:16:36,966 Train INFO: mean test reward3: [82.74025545538255, 83.2844166968802, 86.88302534075227, 84.31845745788168, 83.77663443666663, 85.333683586808, 83.78463143629546, 84.84464394815257, 79.48266006309282, 76.10663371346277, 84.84102294908014, 81.16173027938663, 90.38525365562252, 85.83791685846612, 85.3474393361347, 86.8940079528564, 83.79664696816722, 89.90893562190097, 82.68104862304472, 85.87481125375879, 85.35416462692801, 84.34321738378206, 86.86818127884841, 89.40000980939183, 90.39242967292499, 81.68649075059079, 85.86936850509477, 88.40371937873373, 85.33006258773557, 83.75208058710768, 83.27688818425638, 84.84621324142138, 83.80026796723968, 82.76779649950701, 87.8881104793192, 87.38725861241039, 86.88533914098979, 82.69985899853799, 78.87055115976474, 83.29241369650907, 81.71878122842118, 82.16931976649828, 92.37734506413436, 84.31615329575527, 82.21720755164928, 79.51366476633206, 83.81060318715113, 88.90228825535733, 85.8332775682932, 87.39808588296779]
2022-12-12 19:16:36,966 Train INFO: mean test reward4: [82.08961709294269, 81.4690979932519, 84.65320964470949, 79.06994238168548, 79.09855789711243, 83.40085987292086, 83.41350656261845, 79.10137650277905, 78.25418237527737, 81.4525014557851, 80.8232529169528, 78.83602325090055, 76.43665629471064, 84.66619905006539, 78.67864521391965, 79.48870883020784, 84.69634243782045, 85.94602415582708, 76.23530198602614, 79.06448146287254, 82.75016368298232, 74.80681681098882, 80.15739017641363, 82.12670704706252, 85.92407443083265, 82.10656454456776, 79.74836781374856, 82.07062082511833, 80.82720276472203, 81.46431840187962, 79.32054044244953, 83.3811824072862, 88.17617684680219, 83.40777273679292, 84.6514394592379, 82.08136340621414, 82.93588467325263, 82.07067722127772, 84.67480365095219, 76.23970062805536, 77.71933449805165, 76.9106756009722, 81.42488559450614, 79.51549494788374, 83.39294638479768, 83.39307122305242, 71.90971885325133, 77.33340688983156, 84.68267074927749, 79.7672392433182]
2022-12-12 19:16:36,966 Train INFO: mean test reward: 0.0000,65.9204,84.7731,81.0369
2022-12-12 19:16:36,967 Train INFO: test seed: 5************************************
2022-12-12 19:58:27,598 Train INFO: mean test reward1: [0.0, 0.0, 0.0, 0.0, 0.0, 0.0, 0.0, 0.0, 0.0, 0.0, 0.0, 0.0, 0.0, 0.0, 0.0, 0.0, 0.0, 0.0, 0.0, 0.0, 0.0, 0.0, 0.0, 0.0, 0.0, 0.0, 0.0, 0.0, 0.0, 0.0, 0.0, 0.0, 0.0, 0.0, 0.0, 0.0, 0.0, 0.0, 0.0, 0.0, 0.0, 0.0, 0.0, 0.0, 0.0, 0.0, 0.0, 0.0, 0.0, 0.0]
2022-12-12 19:58:27,598 Train INFO: mean test reward2: [56.685669958959394, 64.99032271268707, 68.34296497659706, 63.34204069617136, 64.98872398631855, 63.992480765530246, 64.4500521793799, 62.27057444299433, 67.68334003914566, 64.21492680989705, 61.998098369539775, 63.3528289371762, 64.18662575541238, 65.38845701163999, 59.98752112188728, 65.10613081771476, 64.43765289076177, 61.28071746934997, 62.68711887499674, 61.65921496937084, 62.493280481504456, 67.23029623425595, 64.98914628202797, 63.835897573460535, 62.99690924587394, 70.15661665624476, 62.265067407999254, 69.24991422865081, 65.78810994418417, 63.3256177112899, 67.23378617407265, 71.0692626450815, 64.08213664467762, 62.907727348644634, 62.57271428668176, 65.66066088209664, 58.12967628392012, 62.77725500235564, 66.00238505659505, 66.86909857327987, 67.76955295498678, 64.5697781881894, 66.99899990267797, 66.38940942683962, 57.57080299130631, 63.70535489514567, 59.28684137735765, 60.87405959133151, 58.44825289631185, 68.4087410081242]
2022-12-12 19:58:27,598 Train INFO: mean test reward3: [70.10577988057996, 77.21490400223226, 77.15822096506983, 85.84477355885225, 82.73963469745252, 81.61837643259882, 75.55576721533406, 81.68185146041783, 80.49806697026682, 78.87380603401282, 84.31615329575529, 83.24141960908953, 80.57088814888641, 74.37421085336325, 86.8992953599737, 83.7938402608796, 79.55080564617501, 86.37027859877428, 81.1547980442545, 78.353231657714, 82.22458379334812, 80.04730829009262, 77.74603650846461, 85.34054028719412, 86.7844384875693, 82.70193396312922, 82.75979949987816, 81.64802598413537, 83.77820372993543, 85.88025400242283, 80.51310733561535, 81.61783949618618, 84.82426002280863, 81.07459598882882, 78.38121964524649, 80.5679271313676, 84.30662153433492, 87.36178892676041, 78.92111309808743, 82.2062495345016, 86.38977468119828, 77.23470777451703, 84.31640575207807, 82.68104436646286, 79.54749024261449, 78.36252715060085, 82.72443902514362, 85.32461983907152, 87.3919819632137, 83.81703089351114]
2022-12-12 19:58:27,598 Train INFO: mean test reward4: [80.17310400169436, 75.98583916175514, 80.29794331554056, 80.14631788401846, 79.05586861911783, 80.61557075403613, 79.32054044244956, 75.51854679641153, 84.02224899749257, 84.6797999742162, 73.45610974902657, 79.76723924331822, 80.81499923022423, 81.46036855411036, 80.40913447184808, 79.07459038510316, 82.76587750826302, 78.40823103983665, 76.90655431104399, 75.9925661026731, 84.66619905006539, 77.75390488813686, 82.11406035736495, 79.55304581150634, 81.43248379154505, 84.68274151366963, 79.96465396896575, 79.02109677798236, 76.63846843584973, 78.00475422318405, 78.01219715826798, 87.81499122470224, 81.46084430652337, 86.55523992567782, 81.46909799325192, 81.03763726525098, 74.4098613692197, 77.3190516953256, 82.3417123025354, 74.85474260550916, 81.46821528106582, 78.42402197666166, 80.77595253030952, 82.7608270709041, 80.79845566134045, 73.04982410353063, 78.8219035424593, 76.19731494245056, 84.02224899749258, 80.81499923022425]
2022-12-12 19:58:27,598 Train INFO: mean test reward: 0.0000,64.0941,81.7278,79.9022
2022-12-12 19:58:27,599 Train INFO: test seed: 6************************************
2022-12-12 20:39:46,955 Train INFO: mean test reward1: [0.0, 0.0, 0.0, 0.0, 0.0, 0.0, 0.0, 0.0, 0.0, 0.0, 0.0, 0.0, 0.0, 0.0, 0.0, 0.0, 0.0, 0.0, 0.0, 0.0, 0.0, 0.0, 0.0, 0.0, 0.0, 0.0, 0.0, 0.0, 0.0, 0.0, 0.0, 0.0, 0.0, 0.0, 0.0, 0.0, 0.0, 0.0, 0.0, 0.0, 0.0, 0.0, 0.0, 0.0, 0.0, 0.0, 0.0, 0.0, 0.0, 0.0]
2022-12-12 20:39:46,955 Train INFO: mean test reward2: [58.579008193391104, 64.06706003860198, 60.60947464532638, 62.55210509092455, 61.29900524340836, 63.40008775450748, 63.90717708256877, 57.989865470425, 64.45187018883658, 65.18951275168526, 58.71874492363253, 62.869755844851454, 58.658333783285386, 59.20274843839539, 62.32318922368818, 60.21191291434033, 57.699366976453106, 57.16092026127285, 64.47616865867212, 58.25123050509669, 63.256871706514005, 60.6496045410356, 61.43837622592688, 64.39447000985386, 68.54833473980922, 65.83426118309954, 64.54769099978786, 59.0361618962754, 63.229825447281904, 58.88200399221426, 60.91706562789212, 62.938303689106874, 61.544636704863684, 63.93951353536657, 64.70735210471248, 65.89691064276992, 62.033721578472935, 64.40474084786531, 59.813901734031965, 65.4068824200245, 63.30467598352264, 65.29681495187494, 61.622156738978376, 63.312357768040506, 59.04016419182266, 65.42872834743443, 64.10711122157029, 63.82964504880549, 60.067120554061205, 66.64603864588439]
2022-12-12 20:39:46,956 Train INFO: mean test reward3: [80.03706504555933, 81.72188552014204, 81.14959765035958, 81.16483457110752, 80.56861008353418, 81.65409129337506, 80.0337496419988, 82.66819321032463, 73.19474087869668, 79.53724699808123, 78.35714278298003, 82.67462091668467, 81.65862160416269, 81.65548301762507, 85.22780497996679, 77.15058435201365, 79.55080564617502, 83.24298890235836, 82.18027778364596, 80.6249804533575, 77.86877138263591, 83.82502789314, 74.3708869596221, 85.86962096141754, 81.6880600438596, 78.39613848531717, 80.00490946794095, 83.80026796723965, 82.21424653413047, 74.92172706363921, 72.54089695471706, 82.76779649950701, 76.68389112692397, 81.72031622687322, 81.65548301762507, 84.27768960719379, 82.52559041742235, 83.29398298977792, 76.66521966094933, 83.27049477271309, 82.7338277490225, 71.95103163311265, 80.57349478036349, 75.55304006889, 76.17146389298442, 74.96949435370789, 86.87708968503816, 85.25668233810248, 80.59268997552712, 77.23475762505265]
2022-12-12 20:39:46,956 Train INFO: mean test reward4: [72.14167010570553, 75.09518486215121, 75.46690280048644, 76.2419942547664, 75.9925661026731, 76.66124744887887, 73.69856646805283, 78.42631560337267, 74.87495780108839, 80.81613047232683, 72.787771669551, 70.02401237447287, 75.54655516511298, 76.21523651131876, 81.03838301068039, 78.79779745855849, 83.63827394014294, 79.51549494788371, 80.40913447184809, 75.56580963731976, 78.43269515657327, 76.62177778109285, 77.73490169021316, 79.10137650277905, 82.12192745569023, 83.61101401475436, 79.07409378037582, 73.76159258489983, 81.48481181853262, 75.95563327977692, 80.40273992607972, 76.90398333223193, 80.82720276472202, 81.46084430652337, 79.48870883020786, 80.79166635559022, 76.86203144831931, 79.48821222548048, 77.33161389879213, 74.85474260550916, 74.62285682097443, 71.58065517303962, 77.31279322827756, 76.21523651131876, 79.7404531256423, 72.1649336251544, 74.83319450659137, 87.17733138192294, 79.10137650277908, 74.62840783914797]
2022-12-12 20:39:46,956 Train INFO: mean test reward: 0.0000,62.3139,80.2866,77.5329
2022-12-12 20:39:46,956 Train INFO: test seed: 7************************************
2022-12-12 21:20:55,614 Train INFO: mean test reward1: [0.0, 0.0, 0.0, 0.0, 0.0, 0.0, 0.0, 0.0, 0.0, 0.0, 0.0, 0.0, 0.0, 0.0, 0.0, 0.0, 0.0, 0.0, 0.0, 0.0, 0.0, 0.0, 0.0, 0.0, 0.0, 0.0, 0.0, 0.0, 0.0, 0.0, 0.0, 0.0, 0.0, 0.0, 0.0, 0.0, 0.0, 0.0, 0.0, 0.0, 0.0, 0.0, 0.0, 0.0, 0.0, 0.0, 0.0, 0.0, 0.0, 0.0]
2022-12-12 21:20:55,614 Train INFO: mean test reward2: [61.33386705287735, 63.93915912578126, 59.89352807125679, 61.56342990165645, 62.100991024393494, 63.21210267404507, 66.09198130080357, 67.51560649239019, 64.2249799215172, 63.96226011968586, 59.30257575951633, 65.67488067754171, 61.736846648321034, 57.847337593421365, 61.6611645033691, 59.18678250679313, 64.12138142077461, 61.15457752777575, 66.45972810475489, 56.981502650322874, 65.84364847386108, 59.997966409586034, 60.78305016369797, 63.30892843242662, 68.05093027924023, 65.50549193350632, 63.44587003413368, 63.149568913460534, 66.24804152549669, 66.31991239226359, 64.18967411437033, 62.242542222399265, 64.72939907320085, 69.97941653539031, 63.1684187245117, 62.73114605397238, 64.50607154135481, 61.55923929279297, 64.93166440081824, 55.30765407993349, 65.18219780346578, 62.15459537765261, 63.51211171275116, 69.29372157415864, 61.594289585395465, 63.14637348211178, 58.56545108320669, 59.684827746878454, 66.70917028033239, 66.44438719881306]
2022-12-12 21:20:55,614 Train INFO: mean test reward3: [78.93719896125596, 77.15786657902812, 81.6495952774042, 84.29887389879275, 82.21110794759284, 82.18027778364595, 88.89436775443316, 86.37888918387019, 75.41944056002455, 84.26917686162564, 83.77784934389372, 78.36252715060083, 84.32283345843811, 78.42771171616423, 82.03377137905942, 79.54784462865622, 81.68909738206787, 84.33522038415319, 84.76990734698013, 83.80983426013732, 81.15880355668457, 83.82502789314, 82.72704565662075, 81.12911971033128, 84.78667027325164, 83.29398298977793, 82.20921055202042, 81.68649075059078, 84.32802375077937, 85.36564014608223, 79.54488361113741, 86.89385261130965, 77.81252556781692, 78.96806342001959, 82.7662272062382, 82.18166950789596, 86.34561578764995, 84.82582931607745, 74.92392286688447, 82.20471453604958, 82.68104862304473, 78.4273573301225, 84.75313477337511, 82.76622720623821, 77.256044212685, 84.85273806255749, 82.13535101601376, 82.67512233142521, 81.19259473815026, 84.82788102188105]
2022-12-12 21:20:55,615 Train INFO: mean test reward4: [71.87967975014567, 80.40052162809339, 80.80323525271275, 79.46819456124045, 76.85973782160832, 72.60438254133074, 82.75016368298233, 80.8184733255805, 81.67597440025096, 83.3950552827032, 76.23970062805537, 76.37582772374647, 80.40913447184809, 79.46424471347122, 79.72663063735777, 78.43269515657327, 85.3108186985201, 75.76386620835699, 80.38629820194143, 77.74529204438217, 85.94602415582709, 74.17336114587722, 78.25015719878344, 80.15739017641361, 82.97895277794771, 79.05012626836654, 79.06584009364725, 80.38050396385337, 79.3121166239264, 78.65582393658079, 75.50105907721871, 83.38514604764015, 78.00996386771388, 76.6713563711095, 80.79216296031758, 79.7586263995635, 78.67864521391965, 74.40873166794906, 79.0933482525826, 73.99683103277329, 77.58717224269755, 80.82325291695278, 76.63188670332346, 76.8963204064662, 82.74190999625378, 80.16134002418286, 77.45956195242073, 75.10187713089144, 81.67549864783797, 79.74327173130894]
2022-12-12 21:20:55,615 Train INFO: mean test reward: 0.0000,63.2050,82.2204,78.9520
2022-12-12 21:20:55,615 Train INFO: test seed: 8************************************
2022-12-12 22:02:00,289 Train INFO: mean test reward1: [0.0, 0.0, 0.0, 0.0, 0.0, 0.0, 0.0, 0.0, 0.0, 0.0, 0.0, 0.0, 0.0, 0.0, 0.0, 0.0, 0.0, 0.0, 0.0, 0.0, 0.0, 0.0, 0.0, 0.0, 0.0, 0.0, 0.0, 0.0, 0.0, 0.0, 0.0, 0.0, 0.0, 0.0, 0.0, 0.0, 0.0, 0.0, 0.0, 0.0, 0.0, 0.0, 0.0, 0.0, 0.0, 0.0, 0.0, 0.0, 0.0, 0.0]
2022-12-12 22:02:00,290 Train INFO: mean test reward2: [60.726912801352256, 66.00031228057911, 63.63959446206656, 62.09813198375112, 61.1108908802834, 60.726909624115436, 58.509156573337854, 64.49238462546153, 64.16455143115087, 55.09630419812734, 65.63075211478788, 60.373677105949945, 62.02325925832897, 63.23831900231192, 63.532482460086065, 58.935617895762384, 60.11811306696243, 55.6191104552994, 62.44312344720317, 56.26082080941571, 66.38989434189888, 58.3992099485462, 65.27293024122268, 65.20078032750548, 60.86922433453512, 67.54456358994342, 58.305218558477684, 59.336622692274304, 71.33353827748283, 61.779855871478496, 57.424412725672305, 57.25082075931904, 63.58814053868526, 59.349685803595634, 60.15531074297458, 61.602533812510934, 64.08442271602831, 64.1600079803189, 62.58689811761537, 71.5532755672981, 64.2945210309191, 63.729458359130646, 63.42632276365727, 62.98101802665064, 63.99960404839516, 66.87675416967949, 63.784446388357615, 67.2630666944485, 64.67695771877739, 65.19980978081237]
2022-12-12 22:02:00,290 Train INFO: mean test reward3: [79.47812471203103, 81.63585704974388, 79.48266006309282, 82.77422420586707, 79.44929526557785, 81.09411362163847, 83.80749889543023, 85.354164626928, 80.55579450234052, 71.95859758173748, 85.37092755319951, 80.1064305761428, 83.7676060993604, 78.31522008652621, 78.92111309808743, 80.59565099304592, 77.80358681707254, 84.82945031514987, 83.80183726050848, 82.74182474865135, 82.69550625676915, 81.16187355358869, 77.74780693634197, 84.84464394815255, 81.13243511389182, 78.95507881884548, 77.86841699659422, 80.63711308238457, 77.85817375206092, 81.68806004385958, 82.67353589136708, 83.28441669688023, 79.54784462865624, 76.04778126716663, 78.42007510310803, 84.3352203841532, 84.31855457265775, 83.78463143629546, 78.86829891432934, 80.63711308238456, 81.12622653045005, 80.06343348835208, 78.42268173458513, 74.85296471646512, 83.25166285362283, 76.73040422651272, 77.80394120311425, 83.25548392850577, 81.0970746391573, 83.18372838238027]
2022-12-12 22:02:00,290 Train INFO: mean test reward4: [70.72885547614841, 80.82325291695278, 79.49921301095871, 79.42049644630174, 75.95157820975007, 81.03838301068039, 73.733248500061, 78.00990353155697, 78.67864521391967, 74.44820133573506, 78.43269515657326, 75.90559585128754, 75.50582227500445, 75.97821090816707, 78.38540976249779, 78.84681360167797, 83.39978080021291, 72.76914865112421, 79.08473540882787, 82.75583074764009, 79.76723924331822, 73.73891208176794, 78.85077844201501, 78.012197158268, 77.74351453396791, 76.22534543354938, 77.0647242655315, 80.8389667422335, 78.012197158268, 81.69919616683084, 77.75604206525671, 83.39110543493395, 77.75936580694979, 83.38118240728622, 79.48870883020786, 75.99256610267307, 79.98237800649477, 74.40873166794906, 81.71464342600076, 76.4940280578495, 80.1813576884229, 76.87610521088698, 83.39307122305242, 77.7435145339679, 77.7679786507045, 77.30670948254085, 76.91328125196195, 80.39879007831048, 77.69487038131503, 79.34048277796488]
2022-12-12 22:02:00,290 Train INFO: mean test reward: 0.0000,62.5432,80.7628,78.2667
2022-12-12 22:02:00,290 Train INFO: test seed: 9************************************
2022-12-12 22:46:51,199 Train INFO: mean test reward1: [0.0, 0.0, 0.0, 0.0, 0.0, 0.0, 0.0, 0.0, 0.0, 0.0, 0.0, 0.0, 0.0, 0.0, 0.0, 0.0, 0.0, 0.0, 0.0, 0.0, 0.0, 0.0, 0.0, 0.0, 0.0, 0.0, 0.0, 0.0, 0.0, 0.0, 0.0, 0.0, 0.0, 0.0, 0.0, 0.0, 0.0, 0.0, 0.0, 0.0, 0.0, 0.0, 0.0, 0.0, 0.0, 0.0, 0.0, 0.0, 0.0, 0.0]
2022-12-12 22:46:51,199 Train INFO: mean test reward2: [65.51579475299373, 67.41144559624887, 69.68600164739246, 69.87395132563891, 64.84580762196693, 69.64719639922313, 70.82373563856626, 73.94105489026764, 67.97473824123088, 66.97645930705195, 67.52614189503727, 73.68090858398953, 60.49221980358828, 65.81715310178787, 65.51114008845789, 67.81894959594602, 71.91553789143798, 69.92117873907252, 66.52730286170514, 71.27738434148871, 63.307162248668575, 68.18044286600075, 72.7451016018826, 67.44818262792303, 65.78753081604741, 68.72534014462795, 64.78463089109093, 66.77133207473135, 70.37245069172442, 65.27213160764678, 73.31214467754502, 63.86885095954495, 62.785703039996754, 68.65184056930195, 64.95620573471514, 68.94257722262952, 70.74037684657348, 61.92450002349585, 70.54557332736456, 70.69231792046814, 67.45324367541033, 66.63930434676114, 66.23685409533758, 66.04885634157252, 63.73567567063676, 71.2899373312526, 66.92906141222359, 67.21830815935998, 64.98049396118924, 69.45693097172213]
2022-12-12 22:46:51,199 Train INFO: mean test reward3: [84.3212641651693, 81.65862160416269, 89.41826555357449, 84.81549409616598, 89.89765474709587, 86.31503808002586, 86.8884680894163, 88.40346692241096, 88.40371937873374, 87.39726937033099, 81.65791283207928, 86.87337157118965, 92.38132917982658, 87.88483683049365, 89.90327122686645, 84.27546037009097, 89.39295832368381, 87.39726937033099, 78.36548816811965, 81.63027923058851, 87.89499092436552, 87.397833426645, 88.91572353396062, 87.40255677744831, 89.38357011395648, 88.41077086444177, 86.35321785140893, 90.39771708004228, 87.36250832462115, 86.8940079528564, 84.83587802150991, 88.91572353396063, 85.35687421943956, 86.87734214136094, 83.72385105410696, 89.40626907069266, 87.37613266435501, 87.88324689780646, 77.1385234855108, 87.85094737281895, 84.84310894970051, 86.37053105509705, 89.41272569013441, 82.20764125875162, 81.16329957265543, 81.16448018506581, 83.69211157844485, 84.85264094778144, 88.39028410013044, 86.38448727408097]
2022-12-12 22:46:51,199 Train INFO: mean test reward4: [81.69351476927868, 83.61989897433662, 86.52845380800193, 82.11797760792098, 82.75801040993774, 88.42403940926083, 79.5126763422171, 81.46909799325192, 86.57520193026724, 82.10374593890113, 89.65205600062957, 81.68805309649403, 82.11481823129633, 87.19897244331722, 83.3797631359729, 84.64804062499746, 84.01295957787416, 81.40520106914182, 81.4808619707634, 81.66704293530695, 89.40127773808031, 76.20742386468119, 85.93496497880813, 82.98961220287745, 83.39990563846763, 84.61436395951965, 84.0357958477808, 86.5395261003971, 77.56103691233496, 84.67987073860834, 80.39879007831048, 88.77536127232068, 87.1971351542077, 90.02467879152735, 86.55141491616328, 89.41475816854964, 82.09834653208421, 82.33705754941782, 89.05919491692653, 87.77965263917547, 82.04412502610583, 82.75117599452253, 84.03592068603552, 79.09276365902436, 83.37115853508608, 82.6469719721257, 85.9341790764856, 82.95668093295522, 90.66444514735926, 88.43542440387655]
2022-12-12 22:46:51,200 Train INFO: mean test reward: 0.0000,67.7397,86.3108,84.2597
2022-12-12 22:46:51,200 Train INFO: test seed: 10************************************
2022-12-12 23:32:02,566 Train INFO: mean test reward1: [0.0, 0.0, 0.0, 0.0, 0.0, 0.0, 0.0, 0.0, 0.0, 0.0, 0.0, 0.0, 0.0, 0.0, 0.0, 0.0, 0.0, 0.0, 0.0, 0.0, 0.0, 0.0, 0.0, 0.0, 0.0, 0.0, 0.0, 0.0, 0.0, 0.0, 0.0, 0.0, 0.0, 0.0, 0.0, 0.0, 0.0, 0.0, 0.0, 0.0, 0.0, 0.0, 0.0, 0.0, 0.0, 0.0, 0.0, 0.0, 0.0, 0.0]
2022-12-12 23:32:02,566 Train INFO: mean test reward2: [59.62372559950829, 65.46627452750845, 68.69321605984244, 67.94464569404835, 66.48205494923324, 61.63808965784485, 71.3049218734766, 65.09930163491124, 75.18708813954353, 68.76928702879727, 70.05066627867384, 71.10085027318463, 71.23493446192147, 62.84483373609711, 67.23092012122574, 63.7436855191229, 68.24359948056063, 71.01133541687143, 70.44249931617261, 67.07687433594162, 70.76491323687029, 64.89903819099516, 70.37983841469895, 66.79042001602532, 67.68906533948021, 74.14515739793192, 64.5351490308472, 66.21543692486831, 75.59412916637427, 62.848013411900816, 68.91231209725629, 73.25611534463147, 67.84547599171547, 68.36194894288322, 71.07084221095919, 68.82571520560879, 69.31586911336122, 66.86399459691668, 67.00621483904925, 69.82313736430199, 71.29272359344344, 66.66049558947732, 68.35199755756744, 70.66881139122192, 65.37038522972132, 67.37299653628291, 63.84141415410743, 67.42674738746634, 67.23434153762506, 78.61009351734336]
2022-12-12 23:32:02,567 Train INFO: mean test reward3: [78.98925868116964, 87.39279847585047, 83.25548392850577, 89.88112322293176, 86.36939075585431, 85.85830078381008, 89.39862271871831, 89.38729392864927, 87.90750944696717, 77.84793050752762, 89.88350386041584, 87.37216209418375, 91.89575730590707, 83.75971720016388, 89.39765086453481, 85.82125104697067, 81.62273220409415, 87.3925460195277, 90.890074610629, 87.39798876819174, 86.831154396069, 87.37858980054378, 89.39451407143169, 87.88458437417087, 86.87180227792084, 85.3374017006565, 88.4062028551852, 85.85467978473764, 85.84320426558342, 86.87734214136093, 85.34168058643687, 87.90776190328995, 84.31538746097758, 88.90946427265979, 91.38623662713162, 89.8668380489204, 88.90240899716775, 87.85173959722614, 86.8937554965336, 78.98040276672695, 85.82599844137043, 81.71878122842116, 89.41898495143522, 84.84464394815257, 82.75669520815727, 84.83920119948853, 82.24803771559617, 89.38657453078855, 84.32159604441932, 81.68602738516377]
2022-12-12 23:32:02,567 Train INFO: mean test reward4: [81.70224420842021, 80.4091344718481, 85.88029520341045, 82.10771077923815, 88.56854011931463, 88.80256390818903, 82.72720848251325, 87.19387384552718, 85.93568980115975, 83.3781867939702, 87.19172789281754, 76.6696248213266, 87.14759140236885, 87.1633971664533, 86.75652327184827, 82.08325252224813, 85.93084174260996, 87.17910156739451, 85.9147854392853, 81.46419356362489, 85.271482104793, 82.98468660377324, 88.21286163481304, 85.93235246728412, 84.64318577250934, 88.20952430093737, 81.0383830106804, 87.79042898818379, 88.1511201636435, 80.80041664704613, 80.82325291695277, 78.6702213953965, 84.6597282361136, 88.42189345655117, 86.55539815798247, 83.40954292226452, 86.57853926414288, 83.40167582393921, 86.54500938698241, 81.44424776905653, 85.84849614763799, 80.18135768842289, 85.3090485130485, 89.05321718370097, 84.03695051123307, 88.44682213301732, 83.40777273679292, 77.30056804952925, 88.81975113213694, 86.52642152367471]
2022-12-12 23:32:02,567 Train INFO: mean test reward: 0.0000,68.3032,86.3961,84.7336
2022-12-12 23:32:02,567 Train INFO: test seed: 11************************************
2022-12-13 00:12:17,102 Train INFO: mean test reward1: [0.0, 0.0, 0.0, 0.0, 0.0, 0.0, 0.0, 0.0, 0.0, 0.0, 0.0, 0.0, 0.0, 0.0, 0.0, 0.0, 0.0, 0.0, 0.0, 0.0, 0.0, 0.0, 0.0, 0.0, 0.0, 0.0, 0.0, 0.0, 0.0, 0.0, 0.0, 0.0, 0.0, 0.0, 0.0, 0.0, 0.0, 0.0, 0.0, 0.0, 0.0, 0.0, 0.0, 0.0, 0.0, 0.0, 0.0, 0.0, 0.0, 0.0]
2022-12-13 00:12:17,102 Train INFO: mean test reward2: [62.01227743268621, 62.150962234910814, 64.99860778084499, 59.25481861330549, 65.35872873394061, 60.48135417257572, 64.7455229187541, 55.55627052915749, 61.14255738745046, 64.56239845518925, 64.10372561187928, 65.15426754909443, 68.17340018484664, 63.33689666209359, 59.81153360562594, 57.461608453929585, 63.210961153143565, 57.231907212159456, 58.458483675933415, 58.4361170562461, 61.32321669728999, 61.8537985048969, 65.40968840470615, 61.663753047701896, 62.09485413750548, 65.08802884137569, 58.50408353760282, 64.38725988994712, 63.1275717751634, 61.64023610282817, 62.787428468024096, 62.67998571614534, 64.46271871965483, 68.07608741709656, 60.65827407183869, 59.847752632894675, 68.65981576017896, 56.97944680469301, 60.23881804182147, 62.74962273661579, 63.94370002844938, 64.25508371030554, 63.84942118801496, 64.39923601171546, 61.189188438334845, 59.90307228225257, 65.8610472226886, 58.452241987049014, 58.29296682899444, 64.27541349631562]
2022-12-13 00:12:17,102 Train INFO: mean test reward3: [73.17195513528497, 81.68948606292632, 84.29985990941867, 77.73875663755085, 81.67242643117454, 82.249607008865, 80.10939159366161, 83.23985031582072, 64.47203344555935, 80.60553985153753, 77.24464648354424, 78.98594327760911, 78.94779659183098, 80.60589423757922, 80.4419450368264, 79.9292490114587, 77.85852813810263, 82.74182474865135, 83.80153967607522, 76.6817950247499, 85.35563680542076, 77.79630459005806, 76.72225708415347, 80.03706504555933, 84.80705419859561, 83.28777440633615, 79.92771401300662, 78.30375754060644, 76.67155178021662, 77.74171765506966, 78.9859432776091, 76.59892624549984, 78.36334221541001, 82.24161000923614, 76.06229002300766, 82.21267724086165, 82.19825253487276, 85.37083043842345, 74.91960750504113, 79.51958680136966, 75.54764352939884, 72.58348647041355, 85.35687421943955, 73.1887728603409, 78.85766018323262, 80.04420702809824, 77.28934456004102, 74.31753083585605, 77.29958780457432, 83.20125738009004]
2022-12-13 00:12:17,102 Train INFO: mean test reward4: [71.83099376792076, 80.76563091401553, 77.31160876024164, 78.75463370576257, 77.58717224269758, 79.51664118255412, 73.76758340408149, 79.09103210924144, 74.83319450659135, 74.44820133573506, 72.36101520419767, 77.7492568847192, 76.6713563711095, 77.34003771731525, 77.75786972847388, 79.06597754134843, 79.7672392433182, 75.00879127006847, 78.81953087927471, 77.04450906995224, 76.20221422015136, 78.82234948494134, 76.6419929766721, 76.22776404260759, 78.92004511581652, 74.4295162388885, 77.98549975097727, 78.41887266828876, 80.79565204824162, 73.32183787394078, 75.54655516511298, 75.94115984943929, 78.01392870805088, 78.85077844201498, 79.31880889266665, 74.44820133573506, 78.80213428936212, 73.05422274555988, 73.30368556983089, 71.61093856301855, 78.84841025552582, 76.44934874553364, 78.00990353155697, 76.64026142688921, 78.84795983634835, 78.17688745127936, 76.64689225437287, 74.42798614015584, 78.38144492216074, 77.31279322827757]
2022-12-13 00:12:17,102 Train INFO: mean test reward: 0.0000,62.2459,79.2260,76.8778
2022-12-13 00:12:17,103 Train INFO: test seed: 12************************************
2022-12-13 00:55:40,633 Train INFO: mean test reward1: [0.0, 0.0, 0.0, 0.0, 0.0, 0.0, 0.0, 0.0, 0.0, 0.0, 0.0, 0.0, 0.0, 0.0, 0.0, 0.0, 0.0, 0.0, 0.0, 0.0, 0.0, 0.0, 0.0, 0.0, 0.0, 0.0, 0.0, 0.0, 0.0, 0.0, 0.0, 0.0, 0.0, 0.0, 0.0, 0.0, 0.0, 0.0, 0.0, 0.0, 0.0, 0.0, 0.0, 0.0, 0.0, 0.0, 0.0, 0.0, 0.0, 0.0]
2022-12-13 00:55:40,633 Train INFO: mean test reward2: [68.38415680234715, 64.20897528630417, 69.31307859849692, 70.45601818199002, 64.48969301541551, 68.07280080939282, 65.39921258133106, 65.45918538345603, 66.87785205445851, 65.26051465578264, 67.5400251147859, 64.9905824294037, 65.7383559680667, 64.75357852550081, 63.37015185554122, 61.75054445745629, 68.92440427446785, 65.93029127923853, 62.68692302826615, 62.75336752973333, 68.81875718030868, 61.691450796517174, 67.03350139269693, 69.36218831772047, 64.90342423339024, 75.21087059786899, 65.52675530170814, 65.70340859526816, 66.86452190776016, 61.02232326819863, 61.4126615624449, 65.43043902244679, 68.00258759105016, 62.7867913175022, 70.70993251903471, 65.66483557468138, 62.79305221715823, 70.61316529974567, 69.77771720097256, 68.66426491904956, 67.0005244841133, 65.38149951073866, 58.4451606546067, 67.79623134489091, 69.8082730978497, 64.38845014426978, 67.07237381809934, 67.47989053154997, 66.40631647103018, 70.2523092440419]
2022-12-13 00:55:40,633 Train INFO: mean test reward3: [80.62651545180957, 80.041386255055, 78.38624962682556, 84.29807353253774, 84.86140687442409, 84.84745065544017, 84.81673151018475, 86.36756900626273, 82.73382774902248, 85.86110749109768, 85.3557339201968, 84.78645322735917, 90.40658055960499, 81.15723426341576, 81.65705231089387, 80.60314433190005, 81.72031622687322, 90.87663933202572, 84.336789677422, 85.88025400242283, 84.82945031514988, 87.37926608247113, 84.86140687442409, 83.27046047789632, 90.39796953636508, 85.34525622073825, 88.38389691410126, 83.77243804443516, 84.82582931607743, 82.67462091668469, 83.80307467452727, 86.36263117024424, 83.72954701777061, 88.90228825535733, 80.63711308238459, 89.37678711230626, 84.84102294908013, 86.85298764584572, 81.1218394938645, 85.79042088302377, 82.2045712618475, 78.9862976636508, 88.91572353396064, 82.7338277490225, 85.82071103425314, 81.59047602108052, 85.3656401460822, 87.79323054094014, 83.79821626143602, 83.77472804437119]
2022-12-13 00:55:40,633 Train INFO: mean test reward4: [75.81523778941309, 83.62116303786974, 88.20952430093737, 75.52633996953377, 83.62863665634606, 84.03702127562522, 76.21753013802979, 78.64664945171393, 86.5552399256778, 77.76797865070449, 79.76723924331822, 79.7672392433182, 84.26575229350365, 86.52492147890857, 77.33830616753237, 80.154571570747, 82.09009284535566, 84.67480365095219, 84.2606852058475, 82.09009284535564, 82.74190999625377, 81.07069337342793, 82.32844470566313, 84.0290834129078, 78.67691366413676, 84.6600440601247, 82.12192745569023, 84.68164092407993, 84.65745445479955, 82.12180261743549, 79.74045312564232, 76.91328125196195, 82.09391785487017, 89.18362932776893, 80.81847332558048, 85.3090485130485, 80.41308431961733, 86.53338132935012, 81.67944849560725, 76.19731494245057, 87.82090566725766, 78.00990353155696, 85.19390750897176, 75.25995097194468, 80.15739017641363, 74.86826553234812, 82.09822169382949, 87.1938738455272, 82.77242728510693, 82.11797760792098]
2022-12-13 00:55:40,633 Train INFO: mean test reward: 0.0000,66.2477,84.5552,81.8485
2022-12-13 00:55:40,634 Train INFO: test seed: 13************************************
2022-12-13 01:35:18,910 Train INFO: mean test reward1: [0.0, 0.0, 0.0, 0.0, 0.0, 0.0, 0.0, 0.0, 0.0, 0.0, 0.0, 0.0, 0.0, 0.0, 0.0, 0.0, 0.0, 0.0, 0.0, 0.0, 0.0, 0.0, 0.0, 0.0, 0.0, 0.0, 0.0, 0.0, 0.0, 0.0, 0.0, 0.0, 0.0, 0.0, 0.0, 0.0, 0.0, 0.0, 0.0, 0.0, 0.0, 0.0, 0.0, 0.0, 0.0, 0.0, 0.0, 0.0, 0.0, 0.0]
2022-12-13 01:35:18,910 Train INFO: mean test reward2: [62.94809592420963, 63.28957470256429, 69.22609963119888, 61.56476618691874, 65.8458037450452, 60.66818315506406, 58.192510323665964, 58.999368956341016, 61.590695902815334, 62.04615226536085, 59.86235734534385, 57.867033724878965, 60.701108339029545, 60.37644022843614, 57.86413437224334, 62.71860854273401, 59.019092427483606, 67.01823000207166, 60.851686942461406, 66.19698963840283, 59.81160718647666, 58.75416584424502, 57.41191656808264, 62.731918384440625, 66.56441188346263, 64.91658958428368, 58.49888384829441, 62.21175166307359, 60.842181505871416, 60.21625677640457, 63.156266825139106, 61.569729434389245, 54.45156802037085, 59.73959083892437, 59.12586177278707, 65.68733239397878, 58.00108699929564, 57.43618895203114, 58.3843371913414, 64.60848738729683, 61.09613825424809, 67.942112063381, 63.47758554915981, 60.87341944792255, 59.11830870278065, 57.84525485487596, 60.70051680986182, 61.74575474215005, 64.05799740782999, 64.51783496448182]
2022-12-13 01:35:18,910 Train INFO: mean test reward3: [72.58778809070266, 74.92177691417481, 85.37083043842345, 81.65409129337506, 81.19569902987116, 81.72342051859411, 78.8458785757928, 81.16137589334494, 71.94589286217277, 82.76779649950703, 77.80358681707253, 78.38834572899962, 77.8581737520609, 79.53380258937312, 75.48071724770313, 79.97916270701042, 74.2583490060197, 80.56029051831139, 78.3434482006677, 80.07852713489797, 83.19172538200912, 83.69140280636144, 78.98854990908622, 77.2357053766991, 80.00777189061218, 81.7107842287923, 80.06496848680415, 83.80672996841646, 77.80619344854965, 81.64855078249292, 77.80323243103084, 76.6817950247499, 72.55201640275091, 79.46002558299016, 85.31657487737105, 77.2995878045743, 78.37565199625057, 81.6007824790997, 76.65386756652991, 81.72342051859408, 80.07556611737915, 71.32499018031568, 77.80654783459134, 80.06792950432296, 79.55080564617504, 77.74136326902797, 81.68095023970864, 80.04020564264464, 80.07556611737915, 81.71878122842118]
2022-12-13 01:35:18,910 Train INFO: mean test reward4: [68.86085343773433, 73.74736820850225, 77.34122218535117, 71.2164994382935, 79.49267367054486, 78.18209709580918, 79.44760737519464, 69.57752181303432, 75.97331163046631, 80.79845566134045, 74.42798614015582, 73.21070440946066, 76.65210189890271, 76.22013578901955, 79.51549494788375, 71.21345111442385, 82.08250964088452, 77.48374198833697, 74.44820133573506, 74.87266417437736, 78.67576627209613, 71.90125085292136, 75.54884879182401, 81.6803315204539, 79.9846716332058, 79.10252273744942, 73.74584998336528, 78.37788477536573, 79.48985506487823, 72.62306763817733, 75.29110152166028, 77.99582976898932, 77.76797865070449, 81.71258860195783, 77.96355300561513, 78.01219715826798, 76.48391913561888, 74.59795605871788, 77.08397873773828, 71.496704176383, 75.54496298796053, 77.33340688983161, 82.10608879215478, 75.14134679867747, 71.91083668092632, 76.8717780701016, 71.92832999808246, 74.1608336145884, 75.50416947950819, 78.15763297907259]
2022-12-13 01:35:18,910 Train INFO: mean test reward: 0.0000,61.4468,79.2032,76.2592
2022-12-13 01:35:18,911 Train INFO: test seed: 14************************************
2022-12-13 02:15:43,442 Train INFO: mean test reward1: [0.0, 0.0, 0.0, 0.0, 0.0, 0.0, 0.0, 0.0, 0.0, 0.0, 0.0, 0.0, 0.0, 0.0, 0.0, 0.0, 0.0, 0.0, 0.0, 0.0, 0.0, 0.0, 0.0, 0.0, 0.0, 0.0, 0.0, 0.0, 0.0, 0.0, 0.0, 0.0, 0.0, 0.0, 0.0, 0.0, 0.0, 0.0, 0.0, 0.0, 0.0, 0.0, 0.0, 0.0, 0.0, 0.0, 0.0, 0.0, 0.0, 0.0]
2022-12-13 02:15:43,443 Train INFO: mean test reward2: [58.81737044996024, 63.13121879561247, 65.47685212411028, 66.8691209513001, 66.68358402377139, 65.88324925469487, 60.90253873054144, 65.34427870623219, 70.34706049804268, 61.36858873144127, 61.15496435706937, 63.01940379249981, 63.21623957806914, 59.41534378610072, 63.7652812544248, 59.33492952942541, 63.115919927709356, 63.585877772272696, 63.07334019760065, 63.35757585946167, 60.57057074658297, 57.68446590377466, 61.248646064414885, 59.03230903058082, 62.17847279738377, 63.71252040882555, 55.56301035117378, 64.49218133193136, 65.56246528602125, 59.078787776444294, 58.98392666409345, 66.80804301091071, 59.650505387960415, 62.39109716635572, 60.470947461773626, 59.64589656020423, 64.3483251925118, 62.973987770594356, 64.07657185128227, 69.28360736974352, 66.12492354070525, 64.20075711512611, 62.04802278743078, 59.63128377594421, 63.566757763573534, 65.71111659342102, 61.453781222392664, 63.91139830595395, 63.76847654309439, 67.71285679127026]
2022-12-13 02:15:43,443 Train INFO: mean test reward3: [76.74064747104602, 79.44978233845684, 79.50602815327585, 77.23649934118498, 75.52783975711407, 79.5474902426145, 80.63675869634285, 79.54749024261451, 78.93423794373714, 82.24161000923614, 78.41936633102462, 73.16766322986567, 82.12807478953023, 81.1648345711075, 79.51248415392169, 78.27375799718754, 77.23475762505265, 83.77820372993541, 77.81909033346976, 81.12494378558537, 77.23475762505264, 84.31301470921764, 81.658267218121, 80.5708881488864, 82.76469220778615, 77.8149845462133, 84.86140687442409, 77.85852813810261, 78.95768545032257, 80.04470165861551, 76.61098711200266, 82.12403196882697, 77.23309874522204, 81.19569902987116, 76.65386756652991, 78.9538982064351, 82.24161000923613, 83.20371537736273, 74.25834900601969, 80.60175260765006, 78.42217120528207, 81.11543205708992, 80.07556611737915, 78.3493001761269, 81.1648345711075, 77.80106302189715, 71.3385338621661, 83.74423497945091, 81.07770028054969, 79.47502345003663]
2022-12-13 02:15:43,443 Train INFO: mean test reward4: [72.7676304259872, 82.11797760792098, 79.48870883020784, 77.3207832451085, 77.06289660231431, 78.15763297907257, 76.62025955595585, 79.09276365902433, 79.10137650277906, 79.07723238844302, 70.73584293426185, 72.29951889374635, 75.29942063973068, 78.17688745127936, 74.07233326447022, 73.47786880862373, 79.09103210924144, 71.62751330211228, 78.00823231793096, 80.15853641108403, 80.8184733255805, 71.8683637863638, 78.41224184080505, 77.3334068898316, 77.98549975097725, 84.01687877313047, 77.98147457448333, 77.0509384463857, 79.09390989369473, 75.00727304493145, 80.97281967978951, 79.51549494788374, 79.10137650277905, 83.35640334397166, 78.00302267340113, 78.15763297907259, 78.60544823414502, 77.98376820119437, 78.42863174671385, 74.46072886702389, 81.45211486738182, 72.29758868988867, 83.4076478985382, 75.27920544415144, 77.42834090883288, 75.54363914729417, 74.58605998120906, 77.58946586940858, 77.74351453396787, 76.22534543354938]
2022-12-13 02:15:43,443 Train INFO: mean test reward: 0.0000,62.8750,79.4742,77.4692
2022-12-13 02:15:43,443 Train INFO: test seed: 15************************************
2022-12-13 02:56:09,282 Train INFO: mean test reward1: [0.0, 0.0, 0.0, 0.0, 0.0, 0.0, 0.0, 0.0, 0.0, 0.0, 0.0, 0.0, 0.0, 0.0, 0.0, 0.0, 0.0, 0.0, 0.0, 0.0, 0.0, 0.0, 0.0, 0.0, 0.0, 0.0, 0.0, 0.0, 0.0, 0.0, 0.0, 0.0, 0.0, 0.0, 0.0, 0.0, 0.0, 0.0, 0.0, 0.0, 0.0, 0.0, 0.0, 0.0, 0.0, 0.0, 0.0, 0.0, 0.0, 0.0]
2022-12-13 02:56:09,282 Train INFO: mean test reward2: [60.5542512554052, 61.77411661804602, 66.42078614956222, 60.70131806354252, 61.28000846196357, 56.71165667696233, 58.32282752624799, 62.038725990384854, 63.28122440318743, 59.062243488267704, 62.16860453709601, 62.63913545543433, 60.69437850707326, 55.59418392889204, 61.214270282177985, 59.30120662737627, 58.098258395535034, 61.360463620247415, 66.60488958025543, 57.69734549241633, 62.34324732040008, 64.1475247403885, 65.811028186377, 60.09281339992777, 57.56224126077908, 61.71683729250503, 58.113257611602855, 57.40331744113025, 65.0527987337899, 56.32255913589149, 60.627768634232034, 63.06095294216776, 58.637319441944754, 60.054140988015135, 59.83371695475124, 64.68631993015936, 57.42232065852326, 56.36789204510956, 57.11897278787118, 67.28331214782314, 64.54149885997664, 63.472111620439826, 61.232267305303104, 61.65619428239888, 60.59617362904833, 59.149651225410736, 61.537548714618396, 61.51728861982583, 63.33861139181807, 59.87276919600946]
2022-12-13 02:56:09,282 Train INFO: mean test reward3: [71.31913743412746, 74.9806059040469, 76.06014407029801, 77.80394120311425, 82.20624953450162, 80.04470165861551, 82.75359091643642, 82.77265491259826, 75.54769337993444, 82.24960700886501, 76.66486527490763, 78.36217276455912, 81.64349366280008, 76.67576744098874, 78.35489053754465, 81.12443811426294, 81.63181422904057, 82.772689207415, 78.98629766365082, 81.10409274031763, 83.7682660431944, 82.66067744892055, 74.37963084927843, 81.16329957265545, 82.76779649950701, 79.54784462865622, 80.51310733561533, 75.53139909521596, 80.04470165861554, 81.09550534588848, 73.73904261117252, 81.15423694053251, 74.98658363727247, 80.63365440462196, 78.41885580172156, 81.1644801850658, 79.50342152179876, 83.2924136965091, 73.76779819011493, 77.30168390674838, 77.3098310491076, 80.63415206486576, 78.36548816811965, 73.7444626070877, 76.67906787830587, 77.24789707032575, 80.02350639746548, 79.48161969515805, 83.80903389388232, 81.72031622687322]
2022-12-13 02:56:09,282 Train INFO: mean test reward4: [68.15828925375035, 75.10187713089147, 78.84681360167797, 78.67864521391967, 80.41308431961733, 78.67864521391964, 72.27924179499746, 79.10137650277905, 76.8963204064662, 72.58788175425248, 74.40713949079661, 73.9683220284003, 75.50416947950818, 81.45211486738184, 71.74051383699029, 76.65545494532468, 80.8389667422335, 75.54705580078453, 79.09855789711243, 79.32054044244956, 76.63341680205613, 77.34524736184508, 76.24459990575617, 78.00996386771386, 81.46909799325194, 81.03012932395184, 71.43443914729704, 77.3020981482619, 76.66472554362579, 75.48987547409797, 76.90838197426116, 82.11481823129633, 77.58717224269756, 75.922809828663, 77.02459685795681, 72.62306763817732, 82.3126060421277, 78.43269515657326, 76.23449098352556, 76.58873748974028, 75.52863359624477, 76.64199297667209, 73.7263845504791, 74.44820133573506, 72.59119207104595, 76.23678461023658, 71.90971885325135, 79.09103210924144, 82.73581308340009, 79.09390989369474]
2022-12-13 02:56:09,282 Train INFO: mean test reward: 0.0000,60.9218,79.1502,76.7730
2022-12-13 02:56:09,283 Train INFO: test seed: 16************************************
2022-12-13 03:38:48,419 Train INFO: mean test reward1: [0.0, 0.0, 0.0, 0.0, 0.0, 0.0, 0.0, 0.0, 0.0, 0.0, 0.0, 0.0, 0.0, 0.0, 0.0, 0.0, 0.0, 0.0, 0.0, 0.0, 0.0, 0.0, 0.0, 0.0, 0.0, 0.0, 0.0, 0.0, 0.0, 0.0, 0.0, 0.0, 0.0, 0.0, 0.0, 0.0, 0.0, 0.0, 0.0, 0.0, 0.0, 0.0, 0.0, 0.0, 0.0, 0.0, 0.0, 0.0, 0.0, 0.0]
2022-12-13 03:38:48,420 Train INFO: mean test reward2: [58.766125136488995, 66.0697606547926, 67.03385675527578, 66.30458527614678, 68.08485951600407, 63.41581371296253, 67.73539444486967, 63.53206942836458, 71.42688074489452, 64.58263847743083, 61.76127776886573, 64.23301439073467, 65.22264324973585, 64.96804998587535, 65.14548122590894, 65.59142138868442, 65.60592480965734, 63.027176633927745, 68.51662541649063, 58.74134798582308, 65.12129074893066, 61.36785345992292, 65.47190386622025, 62.35688087400768, 70.4608869274682, 69.06018133893939, 60.93745635785029, 66.80581340916322, 66.17838006858733, 60.1095613011565, 64.9723997892933, 70.88011250532199, 66.45307308694376, 70.89968198368359, 64.50383360910202, 60.963938220740786, 63.15036022511299, 63.33725419690602, 66.0763580611803, 62.860027826469, 60.72990882658675, 65.90649496987054, 65.72966584666757, 67.43223306680126, 63.113198200018445, 63.95277955977345, 63.18844411898807, 65.01746736604827, 63.59814430688912, 64.70849237613426]
2022-12-13 03:38:48,420 Train INFO: mean test reward3: [78.97570003307581, 80.5850533624709, 83.74927387982008, 84.3352203841532, 83.29730640441707, 76.675389598523, 85.87506371008159, 86.37914164019297, 75.48286320041277, 82.24650271714411, 83.26001423929338, 84.2770296633598, 88.90672833988555, 83.75625051132266, 85.31647776259499, 81.1618735535887, 82.69189629372588, 86.364103348737, 79.998743553306, 83.2414196090895, 86.84744778240561, 85.33501811560285, 82.14846872123056, 84.81030380382471, 85.86962096141754, 84.33454857191548, 81.64645468031887, 82.67151662496381, 80.009341183881, 81.15862598766576, 78.85888955004285, 84.8074970965371, 82.14856127859684, 80.54997879182675, 82.21267724086167, 81.16033855513663, 84.82788102188107, 82.13867786197827, 78.42700294408081, 85.33006258773557, 79.36474102893447, 78.29305067961815, 84.29934524137329, 80.6032876061021, 76.73040422651272, 79.51366476633206, 74.94670861029618, 85.81230726807027, 86.88846808941632, 84.82481102497695]
2022-12-13 03:38:48,420 Train INFO: mean test reward4: [77.82742590992405, 76.66462943019152, 79.5126763422171, 76.22534543354938, 78.76079109607022, 81.01836534644036, 74.86823086017044, 78.4002027896402, 85.31191928810979, 79.51664118255414, 79.51549494788374, 80.18135768842289, 77.76797865070449, 85.27474341347352, 78.39961819608193, 76.91849089649179, 79.73292733777134, 79.49265867797708, 84.6597282361136, 82.72720848251325, 77.09408765996889, 78.43269515657326, 81.05365671115007, 80.41308431961733, 81.44895549075716, 77.46873643728756, 80.8389667422335, 85.30904851304851, 78.0139287080509, 78.00593869121995, 78.40823103983664, 82.11797760792098, 77.33117359927746, 81.48086197076337, 81.44035088987034, 80.15739017641363, 80.37991864874084, 76.87995301718753, 81.69209518530481, 75.94788679035724, 81.0667435256587, 81.26291638209398, 81.45802570085674, 84.00033630952622, 74.85474260550916, 85.9547687510929, 79.04526574104189, 82.73546216924181, 81.46036855411036, 82.34183714079012]
2022-12-13 03:38:48,420 Train INFO: mean test reward: 0.0000,64.9022,82.4629,80.0174
2022-12-13 03:38:48,420 Train INFO: test seed: 17************************************
2022-12-13 04:22:20,538 Train INFO: mean test reward1: [0.0, 0.0, 0.0, 0.0, 0.0, 0.0, 0.0, 0.0, 0.0, 0.0, 0.0, 0.0, 0.0, 0.0, 0.0, 0.0, 0.0, 0.0, 0.0, 0.0, 0.0, 0.0, 0.0, 0.0, 0.0, 0.0, 0.0, 0.0, 0.0, 0.0, 0.0, 0.0, 0.0, 0.0, 0.0, 0.0, 0.0, 0.0, 0.0, 0.0, 0.0, 0.0, 0.0, 0.0, 0.0, 0.0, 0.0, 0.0, 0.0, 0.0]
2022-12-13 04:22:20,538 Train INFO: mean test reward2: [61.08641160423402, 64.906927696062, 69.34258277178841, 65.22772749815402, 66.28872975729142, 67.5808012379431, 65.42767044501076, 67.72564262550678, 69.61746827522754, 63.32220852510593, 62.86677943518823, 65.12651470360527, 62.863305897335934, 65.829945015638, 68.06330429836699, 61.51560002344383, 65.70276946969697, 61.308045449025556, 59.447095295867605, 65.23772860463373, 61.99065948905011, 62.55039110159835, 69.24443260700052, 71.93280388681661, 69.47593853968866, 68.59420391326829, 64.59043559112774, 64.22039239786675, 69.63419911275646, 60.49716201992227, 68.28951375593168, 70.30334892748678, 66.41441827017518, 67.95906120150978, 71.15221090820954, 63.83183793517305, 64.2132849632105, 65.82436060059092, 68.41858452775352, 68.85226580967436, 62.54725947280318, 60.961634797154154, 71.80451022723857, 69.14448258709443, 67.86512893523046, 68.07135523501374, 64.59336323029616, 62.621130475772354, 71.6997134465333, 70.39397732899687]
2022-12-13 04:22:20,538 Train INFO: mean test reward3: [80.54397179437899, 87.87547601423768, 80.53656804208666, 85.32692400119792, 82.53965715276779, 86.35632237979037, 84.30730794618539, 83.20723511331562, 79.51248415392168, 89.38431842489891, 87.3843981480417, 83.71944687073209, 86.83409259724745, 80.04470165861552, 87.888911292841, 83.80903389388232, 78.8175967315311, 89.40000980939183, 83.29398298977792, 87.39773631186894, 84.33368538570113, 88.39805498369921, 86.84754489718168, 83.80026796723963, 86.86827839362446, 85.87490836853488, 87.90109484411961, 83.2640327715363, 79.98247811057095, 84.32645445751054, 78.8280250912792, 86.38448727408095, 80.07403111892712, 85.35406751215196, 82.72740004266245, 83.78864996853834, 88.40371937873373, 86.31503808002584, 85.37083043842345, 81.625836495815, 81.12483480620007, 77.86062424027665, 86.89410506763245, 81.7138885205132, 82.74182474865137, 84.8462132414214, 86.89410506763245, 85.35044651307952, 84.31483645880925, 83.25844494602457]
2022-12-13 04:22:20,538 Train INFO: mean test reward4: [78.67691366413675, 77.33331077639733, 82.7354621692418, 77.75936580694979, 76.63188670332346, 79.47859990797724, 78.42408231281858, 82.09356694071191, 84.02224899749255, 81.4690979932519, 83.38652964470847, 82.11182261798032, 81.47608237939109, 82.1062136304095, 84.02226168479775, 85.92909115860358, 81.46909799325192, 82.08961709294269, 84.63450646201441, 79.50442265548855, 85.31191928810979, 81.695992064491, 84.6514394592379, 82.11797760792099, 83.39691002515164, 82.10656454456776, 80.14841249628562, 82.74178515799906, 82.12670704706252, 80.81613047232685, 80.82325291695278, 76.61305639808518, 78.84681360167794, 79.09276365902436, 80.82325291695278, 88.19598061908695, 79.4681945612405, 75.21860777865277, 85.27514286864995, 78.6071797839279, 81.28812576331553, 80.17425023636474, 83.36833992941943, 80.16248625885325, 78.01219715826797, 85.9129481501758, 78.17688745127936, 80.40052162809339, 86.53453916124022, 87.14780893730227]
2022-12-13 04:22:20,539 Train INFO: mean test reward: 0.0000,66.1236,84.2730,81.4922
2022-12-13 04:22:20,539 Train INFO: test seed: 18************************************
2022-12-13 05:04:32,946 Train INFO: mean test reward1: [0.0, 0.0, 0.0, 0.0, 0.0, 0.0, 0.0, 0.0, 0.0, 0.0, 0.0, 0.0, 0.0, 0.0, 0.0, 0.0, 0.0, 0.0, 0.0, 0.0, 0.0, 0.0, 0.0, 0.0, 0.0, 0.0, 0.0, 0.0, 0.0, 0.0, 0.0, 0.0, 0.0, 0.0, 0.0, 0.0, 0.0, 0.0, 0.0, 0.0, 0.0, 0.0, 0.0, 0.0, 0.0, 0.0, 0.0, 0.0, 0.0, 0.0]
2022-12-13 05:04:32,947 Train INFO: mean test reward2: [58.94948684357089, 68.31465251322894, 64.67400077105425, 64.2272890399625, 62.760437892457084, 59.982458189071764, 63.33444598650532, 64.28713759104893, 63.431694507764675, 63.02256616012268, 69.56675881488246, 62.795256401998635, 68.81482922250059, 68.28457853327295, 65.46113629096958, 64.28389916433615, 63.41878806231919, 64.30616859323642, 66.89879133915498, 60.37885616731614, 66.05008512598081, 63.609398034134706, 71.8759782283444, 70.07144255026093, 69.62386055123409, 67.42834240539904, 64.27156499010373, 66.03131654914823, 64.66212293936377, 65.57138154011763, 64.62343577154148, 61.58478390452072, 69.05998097396107, 66.99912818230509, 65.67175929534281, 63.65425598935161, 67.98788972938256, 63.82143657384532, 59.704752078439405, 62.850986806085615, 66.4231999827791, 66.66900228221365, 66.76883258230163, 66.50791680768268, 62.27472691284573, 65.52410882816767, 66.18227245013586, 61.58555126268878, 63.58406574958291, 64.80982886578443]
2022-12-13 05:04:32,947 Train INFO: mean test reward3: [84.77666693259023, 84.32002675115048, 81.67242643117453, 84.84621324142137, 86.89410506763244, 78.41972071706633, 79.97489719570268, 83.68951386575787, 78.89918739006814, 85.34525622073828, 87.90206669830312, 83.81217248041993, 87.90750944696718, 78.98629766365082, 90.91466623244297, 80.63415206486573, 80.07260509986035, 84.77147664024896, 78.94483557431217, 84.28727290789308, 85.33006258773555, 81.7234205185941, 85.84923703607362, 83.76128649343269, 87.89596277854903, 84.85264094778144, 83.30041069613794, 85.3374017006565, 85.34500376441548, 88.4062028551852, 81.13172634180842, 87.89382171204109, 77.24247707441057, 84.28816730665235, 83.81703089351117, 84.83920119948853, 84.07062403569199, 77.22305114459151, 83.78167041877664, 80.60032658858329, 83.17935560308335, 82.16811085980213, 86.83421252836388, 82.21563825838048, 76.65596366870396, 83.7660368060916, 80.60589423757922, 88.41174271862529, 83.28930940478823, 81.19569902987115]
2022-12-13 05:04:32,947 Train INFO: mean test reward4: [78.43269515657327, 78.42190480579588, 75.95309643488707, 75.2994206397307, 81.28985731309842, 82.95845111842682, 75.54884879182401, 81.46821528106581, 79.09276365902433, 75.97171945331388, 77.58717224269758, 72.59145461257991, 78.15763297907259, 83.3764166084986, 81.45645130355432, 78.67864521391965, 84.0299128091063, 77.0891883822681, 81.4690979932519, 78.84795983634834, 85.3090485130485, 81.0667435256587, 82.11406035736493, 84.24173621142309, 75.27920544415146, 84.65431023429917, 83.4095429222645, 85.28553163965002, 79.31995512733702, 80.16134002418288, 76.41529739153246, 82.7354621692418, 80.8232529169528, 82.77448210914983, 81.45211486738184, 79.51549494788375, 81.45802570085674, 78.34667265096553, 84.04562587651203, 74.17183104714455, 81.04625010900568, 79.3079024222009, 85.88821685654281, 79.46647880476428, 76.4009421970265, 75.25995097194468, 75.97418573167317, 78.67864521391964, 80.8184733255805, 80.18135768842289]
2022-12-13 05:04:32,947 Train INFO: mean test reward: 0.0000,65.0535,83.4417,79.8665
2022-12-13 05:04:32,947 Train INFO: test seed: 19************************************
2022-12-13 05:44:46,122 Train INFO: mean test reward1: [0.0, 0.0, 0.0, 0.0, 0.0, 0.0, 0.0, 0.0, 0.0, 0.0, 0.0, 0.0, 0.0, 0.0, 0.0, 0.0, 0.0, 0.0, 0.0, 0.0, 0.0, 0.0, 0.0, 0.0, 0.0, 0.0, 0.0, 0.0, 0.0, 0.0, 0.0, 0.0, 0.0, 0.0, 0.0, 0.0, 0.0, 0.0, 0.0, 0.0, 0.0, 0.0, 0.0, 0.0, 0.0, 0.0, 0.0, 0.0, 0.0, 0.0]
2022-12-13 05:44:46,122 Train INFO: mean test reward2: [61.83256047903946, 55.622168816598546, 66.54359878328171, 60.50352699094221, 59.380553299198475, 64.70773927083782, 63.51986729854307, 58.43833301267846, 70.72048838065187, 57.55424739309943, 65.2736280084167, 64.5430740547851, 63.89936681458984, 60.482920158511135, 67.75444866889129, 61.55102197581183, 66.72920126935439, 61.03671400920132, 61.10053133633194, 61.749934648320355, 58.05268242989555, 67.5273165482486, 61.675628640942925, 66.33724829090562, 61.94961340431314, 69.33725522656032, 63.46398188041209, 65.9781592763134, 62.81195607262543, 63.773656355933255, 61.11890586002102, 60.60053009705921, 63.273945686916335, 65.38171144325618, 65.964827358465, 65.92210256118679, 59.660370105356634, 64.0497777174336, 58.662808717244, 64.15661290559876, 65.85904973874615, 67.91709661899144, 68.02189775207654, 64.16207275944639, 62.204499290763515, 66.13994010571719, 64.2087421173345, 63.59829169077161, 64.71062017281761, 73.8488318917296]
2022-12-13 05:44:46,122 Train INFO: mean test reward3: [78.94779659183098, 79.89534382001312, 80.59115497707505, 82.67507088981915, 79.51401915237376, 83.82502789314005, 78.3883457289996, 82.20728687270991, 63.20000620813608, 78.36477939603625, 78.41972071706631, 81.09965000554413, 78.36334221540999, 80.07521173133745, 85.86987341774032, 79.54784462865622, 77.80358681707253, 79.91729354500757, 85.34011129316806, 85.88025400242283, 80.59725659167914, 83.26644194565343, 80.0439928865321, 82.21267724086164, 88.90795265039186, 81.68652504540754, 81.19569902987115, 81.68649075059076, 78.91397111554852, 80.60328760610211, 80.5693188556176, 78.98629766365083, 78.93265848030892, 83.27565077023758, 80.07542284317711, 84.80230680419587, 79.51366476633204, 86.35543453687042, 76.03330200554012, 80.60032658858329, 79.49159881383723, 78.31225906900738, 83.81217248041995, 80.56325153583022, 70.74907180870592, 78.39613848531715, 73.68833730723564, 86.34356408184634, 78.42700294408081, 82.70750161212513]
2022-12-13 05:44:46,122 Train INFO: mean test reward4: [72.90480247499949, 78.65582393658077, 78.79035372273562, 78.79410603916565, 76.24689353246718, 81.675498647838, 78.0139287080509, 78.00072904669011, 76.64026142688918, 75.22476508801984, 74.12052353619534, 79.51549494788372, 75.25995097194469, 77.58946586940858, 77.3452473618451, 79.34048277796488, 81.46466931603787, 78.60163638229699, 81.46036855411039, 84.03584992164339, 81.44539400372693, 77.33513843961448, 73.73197213391687, 78.0139287080509, 81.04233285844963, 79.32054044244956, 79.32054044244954, 84.62343416961922, 81.45721094982146, 81.70069978619163, 81.45645130355432, 74.87495780108839, 80.38824276487092, 84.68274151366963, 76.62667705879365, 82.00195900822543, 81.04463515460961, 82.09783510542624, 82.74906309339264, 77.76797865070449, 76.61781294075585, 78.42631560337269, 82.73909139058715, 76.4009421970265, 79.73407357244173, 77.06472426553148, 76.38072700144726, 81.45211486738182, 75.52863359624477, 81.45606471515107]
2022-12-13 05:44:46,122 Train INFO: mean test reward: 0.0000,63.6663,80.4135,79.0233
