2022-12-17 17:49:18,153 Train INFO: Namespace(logger=<Logger Train (INFO)>, name='A2C2022-12-17-17-49-18', gpu='0', device=device(type='cuda', index=0), gamma=1, epoch_num=3000, test_episode=50, val_episode=50, test_size=0.1, val_size=0.5, batch_size=50, train_batch_size=50, num_steps=10, h=2, w=[120, 80, 50], nn_out=40, share_lr=0.01, actor_lr=0.001, critic_lr=0.1, step=50, lr_min=0.0001, e_rate=0.001, a_rate=1, c_rate=1, lr_decay_lambda=0.99, load=False, duse_T=True, est_T=False, use_pref=False, same_price=False, use_price=True, only_test=True, test_benchmark=True, change_T=True, num='0', print_grad=False, max_norm=10, seed_range=20, net_seed=10, seed=0, info=True, selling_length=180, cardinality=8, ini_inv=2, num_products=100, number_samples=10000, num_cus_types=4, seg_prob=None, num_cus_features=4, MNLdata=10000, p_file='../Gene_databeta/simul/p10_random.npy', c_file='../Gene_databeta/simul/c4_random.npy')
2022-12-17 17:49:18,154 Train INFO: log/A2C2022-12-17-17-49-18
2022-12-17 17:49:22,090 Train INFO: products price: [1649.73814547 1127.61563842  931.02871698 1360.34237971  725.13091995
  923.26577906 1048.06358099 1335.59336555 1195.40725861 1064.01482778
  911.06874296 1048.7285084   862.45852977  562.0352617  1338.46425903
  990.15321765  520.29278707 1208.23053483 1211.78612974 1415.52984074
  793.16221683 1876.27989159 1532.58284504  955.82118943 1761.86348334
  839.64872328  552.35384058 1249.34487063  512.10224121 1264.40811504
  800.71457455 1724.21396565 1820.46937714 1053.61927862 1303.52226404
  687.23532693  553.41199285 1166.92080199  888.36091138 1555.51175855
  945.60906956  904.8232257   185.11950973  956.00340393  921.97706365
  777.00211129 1233.85864419 1855.13122698 1247.19421357  809.85084994
  477.38637086 1180.64638022  688.85646935 1821.84964101 1336.34462326
 1180.51360642  846.06710047  671.01312444  972.26852132  920.40072648
 1206.16552071 1416.03566126 1211.55189823  896.40685864 1067.94770214
 1577.1507714  1254.63336377 1273.60053127  109.15494726 1404.48282551
 1341.31287433  440.47487253 1148.9827406  1464.57599267 1204.3751098
  570.81428852  460.8940235  1490.06233971 1354.33031959  984.32869752
 1393.98066869  796.41108887 1427.58864888 1277.02973902 1164.10629816
 1159.15216995 1300.53489406 1407.42098991  808.96765814  987.27313092
  169.27919123  946.08274828 1174.39447852  944.25927782 1517.41984827
 1615.68280386  142.22238131  657.0012701  1487.17636032 1170.3680706 ]
2022-12-17 17:49:22,091 Train INFO: seg_prob [0.21154331 0.33382619 0.24539256 0.20923794]
2022-12-17 17:49:22,091 Train INFO: Load Factor 0.9
2022-12-17 17:49:22,102 Train INFO: test seed: 0************************************
2022-12-17 18:43:20,109 Train INFO: mean test reward1: [0.0, 0.0, 0.0, 0.0, 0.0, 0.0, 0.0, 0.0, 0.0, 0.0, 0.0, 0.0, 0.0, 0.0, 0.0, 0.0, 0.0, 0.0, 0.0, 0.0, 0.0, 0.0, 0.0, 0.0, 0.0, 0.0, 0.0, 0.0, 0.0, 0.0, 0.0, 0.0, 0.0, 0.0, 0.0, 0.0, 0.0, 0.0, 0.0, 0.0, 0.0, 0.0, 0.0, 0.0, 0.0, 0.0, 0.0, 0.0, 0.0, 0.0]
2022-12-17 18:43:20,113 Train INFO: mean test reward2: [89.32088562923137, 85.60708187698765, 89.40224300194848, 90.94042197468086, 84.98011911086917, 86.94994301104656, 86.4798789033802, 87.60958988805272, 90.31060903162688, 84.7558690985407, 84.66240452103787, 84.67824128521613, 85.97324474529977, 92.19286098921982, 88.5148454985286, 90.04473875911324, 88.70973453483727, 89.20608919973044, 89.35790621788699, 87.2365952202483, 87.59667624899608, 87.53934340918049, 91.87436251679688, 91.49460663621221, 88.1353456436466, 87.39727232160138, 88.48123289643407, 87.92924990629209, 87.55373049638428, 89.46064803903928, 93.74618005900544, 86.31477435717885, 89.51558492184137, 89.07346667307837, 89.87220717054986, 86.78220297205951, 85.38451688332124, 84.38482841101401, 89.17985336275069, 89.37424007209201, 91.18341417092006, 91.25740439978905, 84.28643707303064, 89.35037519899213, 92.25372221776053, 90.3564085175969, 93.97991321688242, 89.94307626712215, 91.05307532885259, 88.63536372030828]
2022-12-17 18:43:20,114 Train INFO: mean test reward3: [104.8202387023846, 104.53411341040587, 105.54497999296754, 101.62507610646611, 104.16748879143461, 105.7844351444084, 102.91528390659218, 103.71891998318394, 100.23242412429828, 103.91928226384135, 104.03399160173468, 103.65462308523851, 107.31868909674571, 105.7385486148052, 107.87953302737904, 104.56356839588729, 95.64648223942307, 107.2541980600903, 107.33564762375437, 104.57620641613597, 100.2146129143976, 107.25910523148173, 101.10011787823349, 104.59628623264696, 106.63940768116402, 108.40417366558918, 102.50276055130698, 104.01522987389447, 104.91269084579645, 108.71994921059769, 103.33135144811311, 104.96714148737723, 105.37905688911515, 103.83231850339223, 105.23972175025723, 106.88263516816583, 105.81183023832713, 107.79850163915293, 99.30869312609559, 105.79394510344527, 101.44098408733586, 99.55542416093245, 108.10655091798711, 101.09961864251474, 104.93473307669373, 103.61738633912908, 104.06008650032813, 105.49365432289176, 104.47336700401756, 106.87845043129153]
2022-12-17 18:43:20,119 Train INFO: mean test reward4: [101.20902229002758, 102.06697755190908, 101.10016550267726, 102.56821926666748, 105.46953280789674, 106.23776222229489, 98.90290091800593, 101.56212529751161, 101.88531759411025, 102.5544402913353, 104.40250269953412, 103.78279416572352, 102.55528043100645, 105.69132336413611, 105.72602237416905, 97.96626149001517, 104.22388662664262, 103.04768581266092, 101.62507181675494, 101.57203629894327, 100.77461103396196, 101.00608630461154, 99.88188822236766, 103.93812037248416, 100.59029965240923, 102.05949541044419, 102.85074196323093, 102.09649072287655, 98.92677600843705, 104.55693819743477, 104.74707299389293, 103.88006113276028, 105.17210470510538, 106.18720628015797, 101.86360800043252, 101.44516026035456, 102.55623427584915, 102.07320105248554, 105.91883058550599, 101.5305773942984, 99.20865452313926, 102.08485337357236, 102.12211800200653, 102.56343327050057, 102.08097099959181, 102.28138748172148, 102.22977139357324, 101.73922585684119, 100.60843465478145, 104.98536759748211]
2022-12-17 18:43:20,120 Train INFO: mean test reward: 0.0000,88.6065,104.4327,102.5222
2022-12-17 18:43:20,120 Train INFO: test seed: 1************************************
2022-12-17 19:34:59,321 Train INFO: mean test reward1: [0.0, 0.0, 0.0, 0.0, 0.0, 0.0, 0.0, 0.0, 0.0, 0.0, 0.0, 0.0, 0.0, 0.0, 0.0, 0.0, 0.0, 0.0, 0.0, 0.0, 0.0, 0.0, 0.0, 0.0, 0.0, 0.0, 0.0, 0.0, 0.0, 0.0, 0.0, 0.0, 0.0, 0.0, 0.0, 0.0, 0.0, 0.0, 0.0, 0.0, 0.0, 0.0, 0.0, 0.0, 0.0, 0.0, 0.0, 0.0, 0.0, 0.0]
2022-12-17 19:34:59,322 Train INFO: mean test reward2: [84.00683732138606, 81.63316673096625, 86.05660675441393, 82.93864647968171, 80.71334136537003, 87.15332099585927, 84.36792360642943, 84.5777265450906, 90.28121413266453, 83.85283600761767, 80.44340673767769, 87.37638016365176, 84.23034916825773, 81.90871211533074, 80.95470449066752, 80.98411737022512, 85.71461003274194, 84.8572613412499, 85.0127450888162, 85.27101722492719, 84.0848246294445, 82.19221261926232, 85.51387717131324, 89.12738334168687, 83.81145361739844, 87.9232566135288, 83.51936627279703, 81.49327196940992, 83.8742966133668, 77.7038162375181, 82.56884827689821, 88.61404000870196, 82.39841463146433, 89.22086185504217, 80.7725547612377, 86.43766049645782, 84.7742800555945, 81.9123844916748, 85.98525479556216, 86.87409102953225, 88.5101935663485, 87.7969287265654, 89.47153369847175, 92.52360816821286, 85.9811851384099, 83.97187587754588, 84.7757203005646, 85.7712064573518, 84.78438323132147, 84.83503379640467]
2022-12-17 19:34:59,322 Train INFO: mean test reward3: [94.29051032577817, 97.48111362831376, 101.21395021516497, 100.69469594198247, 102.4949699467958, 100.23351295637661, 101.51565214361688, 98.82199809894583, 98.45578456872155, 103.30020422883914, 103.68224183201214, 102.83811488110065, 105.23346003220712, 103.68940989182161, 101.5059774861802, 104.79676222183231, 101.15995659029454, 102.45672713827156, 98.40754570813058, 101.13847862121847, 98.46949211664425, 102.96666770173543, 100.72388288100376, 102.85089183948504, 101.99895934279637, 100.7255488862608, 101.0661440983508, 98.36636887581217, 101.5339938356276, 99.65024579270683, 100.74535027976759, 97.94725632843446, 96.63309021175958, 104.84321205370759, 101.13124539538859, 102.51466463050538, 99.76667120961768, 99.76223341710708, 99.69974905128672, 101.98078440578767, 101.14055308460185, 98.77017607290485, 99.26202283386841, 102.4758864023968, 97.03389250029186, 96.05086878571082, 97.98651041795635, 100.65808862134716, 100.70135582171885, 102.21947868002569]
2022-12-17 19:34:59,322 Train INFO: mean test reward4: [100.33087705718856, 102.18132945362281, 98.48636358330234, 97.30688378698564, 95.83777665820068, 97.38334211204628, 96.13269334622436, 99.79390610847305, 98.44774591702752, 99.79852842039287, 98.00305698750593, 96.9033080003579, 96.14189126639027, 100.34374234538026, 99.17832177096453, 95.33705194814033, 98.98116637613091, 100.14643984068572, 97.47609881010852, 98.01920638874633, 100.51177685286464, 97.94852670956014, 96.31262037683928, 97.66637452562799, 96.91201331234944, 94.12027472046474, 101.13076659401288, 100.99113349456114, 97.98194748321251, 96.41356298802727, 99.49445120841574, 103.03320698788858, 99.81714057642934, 102.17868580333666, 101.07198781230488, 100.99331230872639, 100.5958395158493, 98.93257625074642, 97.51317764732335, 97.96166548758748, 99.34107191161091, 102.52931831932118, 102.23025074676701, 100.01047417215025, 99.26131965910687, 98.489412918781, 99.83161744834295, 99.99742072579238, 102.79312213581356, 94.88702688518542]
2022-12-17 19:34:59,322 Train INFO: mean test reward: 0.0000,84.7912,100.6617,98.9436
2022-12-17 19:34:59,322 Train INFO: test seed: 2************************************
2022-12-17 20:26:30,822 Train INFO: mean test reward1: [0.0, 0.0, 0.0, 0.0, 0.0, 0.0, 0.0, 0.0, 0.0, 0.0, 0.0, 0.0, 0.0, 0.0, 0.0, 0.0, 0.0, 0.0, 0.0, 0.0, 0.0, 0.0, 0.0, 0.0, 0.0, 0.0, 0.0, 0.0, 0.0, 0.0, 0.0, 0.0, 0.0, 0.0, 0.0, 0.0, 0.0, 0.0, 0.0, 0.0, 0.0, 0.0, 0.0, 0.0, 0.0, 0.0, 0.0, 0.0, 0.0, 0.0]
2022-12-17 20:26:30,823 Train INFO: mean test reward2: [78.80097436513967, 85.11699106554751, 86.9323520863403, 80.61718188093637, 83.88121353157126, 78.51596142016496, 81.96210658548837, 82.65811247060645, 87.87928664869963, 83.27843693136137, 83.5799626557287, 84.03472332495654, 80.20702951242686, 84.1968303247481, 83.88635965792959, 76.87793429159497, 83.82276555993302, 80.01185811884861, 80.7424981253752, 82.74050350302613, 85.09011218849284, 78.62914074832197, 82.58855483105681, 82.44712565873596, 80.42766858203372, 82.70386962683011, 81.64301409555222, 87.00586546944375, 84.11044096397966, 82.10609475621509, 86.05507875504618, 84.70124286779631, 83.15982533964217, 76.83691944103528, 75.57219848763054, 82.15465389667506, 77.20490641878813, 80.88259376241673, 82.53115490606119, 82.41714510398872, 87.22322214242544, 81.19818171981262, 82.8680557034341, 87.80458606154251, 81.8759984260158, 82.85115452890382, 81.2872875456364, 83.3451151341377, 83.54217812597803, 85.50041086687878]
2022-12-17 20:26:30,823 Train INFO: mean test reward3: [97.61984568025818, 101.1665761358564, 98.45739892482447, 96.97076380608863, 96.66468824663419, 101.5942759570522, 103.84322497385797, 95.6745417648876, 103.35867734752658, 96.92162327425724, 97.43052999076482, 95.61676814995273, 100.2608742599489, 101.99802806801056, 99.28831957301054, 95.6859958058168, 95.69161669553998, 99.65089529194253, 94.7131321595102, 99.94855854844683, 95.21925909017585, 97.00523584140706, 98.45236376929219, 98.42869583151388, 101.91771714518427, 101.1089879567239, 100.6632777796921, 93.72971883591407, 94.6879744075871, 102.0808515016911, 95.61287685392169, 95.71064476657907, 97.61502552427109, 98.80547703411357, 94.68871942066599, 101.1489791022127, 98.41450004772273, 97.99316322167438, 92.22907359810989, 100.67692370805665, 101.5372187371244, 95.76109739716439, 101.4093400549149, 101.09652574626831, 101.18735666450395, 93.32199198523936, 96.09079761012987, 94.67513062985387, 98.4739370448863, 100.16456591656487]
2022-12-17 20:26:30,823 Train INFO: mean test reward4: [94.8805991788254, 102.7031551583128, 95.4487603325463, 97.44832111923046, 97.51292519100058, 100.32306271968923, 95.79484892078766, 100.30091551325702, 99.50083947100062, 99.79678408265039, 94.83958475401414, 96.52258316245022, 95.40796628150662, 97.42363196784343, 99.88715697801211, 91.33601290479116, 98.92000206744366, 97.1696014358077, 98.98315843830454, 97.51392023407446, 100.31317265474539, 97.92269474950481, 98.52757706973195, 94.94963548754606, 96.77186277335092, 99.80863949832869, 100.46960685112869, 99.606576124709, 98.45134618586243, 97.42468963935876, 98.18110036058543, 101.08490659271334, 99.62978851695807, 97.472739516815, 94.3712780204038, 96.95309701455231, 94.8870268851854, 98.29307493162557, 97.62820230523721, 98.85930708697289, 93.6193586425761, 90.83655441888291, 94.52626760066437, 97.9116745550268, 97.90800198273399, 95.31423751695989, 91.91740420177368, 95.26459097698879, 97.63696823187985, 94.7459615066644]
2022-12-17 20:26:30,823 Train INFO: mean test reward: 0.0000,82.5101,98.2493,97.2600
2022-12-17 20:26:30,823 Train INFO: test seed: 3************************************
2022-12-17 21:18:16,530 Train INFO: mean test reward1: [0.0, 0.0, 0.0, 0.0, 0.0, 0.0, 0.0, 0.0, 0.0, 0.0, 0.0, 0.0, 0.0, 0.0, 0.0, 0.0, 0.0, 0.0, 0.0, 0.0, 0.0, 0.0, 0.0, 0.0, 0.0, 0.0, 0.0, 0.0, 0.0, 0.0, 0.0, 0.0, 0.0, 0.0, 0.0, 0.0, 0.0, 0.0, 0.0, 0.0, 0.0, 0.0, 0.0, 0.0, 0.0, 0.0, 0.0, 0.0, 0.0, 0.0]
2022-12-17 21:18:16,531 Train INFO: mean test reward2: [76.27182657888264, 81.72948940394063, 84.80111760900427, 79.3471468524832, 78.61756818604981, 85.33441405037802, 76.14719211265387, 84.32733997637838, 82.65679420259369, 82.34420367457538, 80.19572461015542, 83.05905164937829, 90.70829790499954, 89.96996400554428, 86.79700350295755, 74.82187662547801, 84.72268442236293, 83.70109577716532, 83.25136054281664, 82.04439046557893, 82.93972067930203, 83.68128914069713, 81.44957726362074, 85.83512919039478, 84.75274672097582, 81.02795413497248, 78.01325513147437, 88.09378038732741, 83.40245951198719, 82.56068883112887, 88.58845238725263, 87.76633199582795, 82.18906666850289, 82.59279639306583, 85.55523904796007, 80.3588678781824, 83.00792413544995, 80.45254158935758, 80.94542546704834, 88.76121656127363, 85.58872703028533, 83.55647380022535, 85.60524366281732, 83.98337808983361, 83.67964126476139, 86.46728229051058, 83.55826254852921, 86.09456717937663, 76.27253606678595, 86.3836429036919]
2022-12-17 21:18:16,531 Train INFO: mean test reward3: [96.53647042466973, 100.73724394086797, 98.84966956487665, 99.28949656635814, 100.60476232010917, 101.64328241015338, 97.4232898955387, 97.54431844561957, 97.12830611422157, 97.52417815092953, 98.0224544569907, 102.28767215183838, 106.16343993404885, 98.05934808154254, 100.35533971533656, 101.51834939202678, 95.13797177762235, 99.78529804435064, 98.52222569823527, 100.0557140336709, 97.43736090587544, 96.11223658701472, 99.75263262480634, 100.74134168198967, 102.90606639386499, 98.48547347828138, 101.43252954558812, 102.37855747914239, 94.23283466395677, 102.50319168291323, 99.70472109426464, 99.4237794610483, 96.20812434395728, 101.98943860678641, 100.67684234111108, 93.79452899054378, 99.40112984760616, 103.29582256757612, 95.20673845428341, 101.58669959209777, 96.60326914479096, 100.32312851435668, 100.12939539712166, 97.55411431591571, 95.18552888288443, 95.22578527806424, 101.15284117988774, 103.62933258763151, 99.67121596819378, 97.47206576170416]
2022-12-17 21:18:16,531 Train INFO: mean test reward4: [98.14120150353797, 100.28837797227064, 97.91507169702484, 100.79240303071171, 99.83173819015337, 98.01529876555522, 97.45315436146453, 94.83365863136292, 98.66369898289408, 97.15130351108417, 97.92390253592133, 96.383251710988, 97.04714353178707, 99.50299023605564, 100.82294957962763, 94.82700959985753, 95.90174328652331, 98.01291387169506, 99.31389155117398, 97.88463389255095, 98.49406054098543, 95.52305563075679, 94.43932604880838, 97.51392023407443, 99.32735763972956, 102.37491330405695, 98.03716719224842, 97.14762187693228, 101.79560660540974, 96.60675643548922, 98.4725949496635, 97.89393977457178, 96.58595751023987, 100.4933516642809, 101.58452959018032, 96.46455707544685, 101.59042546285976, 98.48567673726649, 102.5623831925779, 99.78198110096126, 97.4780685975961, 93.08513153453274, 97.2918680929568, 94.80984993507055, 99.58300015235511, 97.43798037661111, 94.79660120804225, 101.80244154781538, 101.76021810819367, 96.88789425182607]
2022-12-17 21:18:16,532 Train INFO: mean test reward: 0.0000,83.2803,99.2281,98.2163
2022-12-17 21:18:16,532 Train INFO: test seed: 4************************************
2022-12-17 22:12:32,968 Train INFO: mean test reward1: [0.0, 0.0, 0.0, 0.0, 0.0, 0.0, 0.0, 0.0, 0.0, 0.0, 0.0, 0.0, 0.0, 0.0, 0.0, 0.0, 0.0, 0.0, 0.0, 0.0, 0.0, 0.0, 0.0, 0.0, 0.0, 0.0, 0.0, 0.0, 0.0, 0.0, 0.0, 0.0, 0.0, 0.0, 0.0, 0.0, 0.0, 0.0, 0.0, 0.0, 0.0, 0.0, 0.0, 0.0, 0.0, 0.0, 0.0, 0.0, 0.0, 0.0]
2022-12-17 22:12:32,968 Train INFO: mean test reward2: [84.4846127665492, 87.82039899569445, 86.40021724558129, 87.50293863060655, 80.11525978011203, 81.4556723540121, 83.62894251185406, 84.06819339736953, 85.34982002004318, 77.06510718390126, 76.97617877383497, 90.52716582537602, 86.23320581578824, 82.26510844639508, 86.14055358219443, 90.48742921778455, 84.29001933491587, 87.79015631231009, 80.95053674311566, 84.5401241726012, 82.08503540641563, 90.31766363681469, 87.41698173692377, 77.11016506210908, 83.79574475538055, 87.2346387378004, 81.03961659241432, 91.1110684211751, 87.04142374048237, 82.57424122137989, 91.16079197092006, 86.55540255167995, 85.44131962463712, 84.58041615258387, 89.3572977241202, 79.16414915904353, 88.11193858520869, 83.18421288285829, 85.58990434205212, 84.72654578802617, 85.50504200016127, 83.24091611610187, 86.63815683180374, 87.77262295109352, 84.42322549622156, 81.18489919048349, 87.78604817511354, 86.06037862724504, 87.98154193236114, 83.07951403864743]
2022-12-17 22:12:32,969 Train INFO: mean test reward3: [103.75035582827992, 100.17048512390784, 99.87342949794022, 102.77200352323824, 103.25973392453218, 99.27429305992523, 93.17669664297493, 99.33410714603755, 100.3141707501062, 102.46588330301263, 103.54646869540149, 100.95820721450627, 103.36958381799235, 101.15649552126177, 102.68822861459108, 99.30433957504661, 101.995861305507, 102.50252545577442, 96.61334354431031, 98.40611378035139, 102.49010059044966, 103.7366994068848, 103.66450613159417, 104.74079826328757, 102.45546139426453, 101.94279665598579, 102.87153933575856, 98.4284103002507, 101.04666664553697, 102.34135992433758, 100.65796114307273, 103.9957354541413, 100.74927628027129, 102.83976373703678, 98.3350735318908, 104.97012766507777, 104.97960452833777, 101.08029635885899, 94.79848425149959, 102.51483418151204, 97.98079027333269, 97.95609970729679, 101.17787262780071, 97.05843962851516, 98.43582463591079, 97.41501542925172, 98.48440286630408, 94.24441823984631, 94.20611740038547, 102.77088554559614]
2022-12-17 22:12:32,969 Train INFO: mean test reward4: [98.24454298335793, 99.82259571731261, 96.8594340693874, 99.13496046977339, 95.3964504491848, 102.09362728539129, 96.2022730445111, 102.23716205798583, 99.80077927365024, 99.20402675034265, 100.56669921083001, 100.79614576538879, 102.03117231599539, 103.72004197138494, 102.3237385459448, 99.48151349146866, 101.29824667585333, 101.59434839983672, 98.77671963937085, 96.0595430461224, 103.29709594633006, 100.17159727557035, 102.52231566485501, 99.2164288867804, 98.66335834352512, 98.96580782868467, 96.61457180984239, 100.43851622011321, 99.75969278446868, 98.03049239855793, 103.79919768637497, 103.8862185362476, 94.92099563566993, 103.57394400372203, 100.1185699750994, 98.64026094873388, 99.82207198648987, 100.37224862323855, 101.10604218644175, 101.11666973506858, 96.39946145553513, 101.32581886014117, 100.66420124761026, 98.00123523791434, 96.95952472091236, 94.71544002236422, 100.13846905606233, 100.58802517834998, 101.23569721470126, 102.20097602762752]
2022-12-17 22:12:32,969 Train INFO: mean test reward: 0.0000,84.9873,100.6660,99.8582
2022-12-17 22:12:32,969 Train INFO: test seed: 5************************************
2022-12-17 23:08:12,344 Train INFO: mean test reward1: [0.0, 0.0, 0.0, 0.0, 0.0, 0.0, 0.0, 0.0, 0.0, 0.0, 0.0, 0.0, 0.0, 0.0, 0.0, 0.0, 0.0, 0.0, 0.0, 0.0, 0.0, 0.0, 0.0, 0.0, 0.0, 0.0, 0.0, 0.0, 0.0, 0.0, 0.0, 0.0, 0.0, 0.0, 0.0, 0.0, 0.0, 0.0, 0.0, 0.0, 0.0, 0.0, 0.0, 0.0, 0.0, 0.0, 0.0, 0.0, 0.0, 0.0]
2022-12-17 23:08:12,345 Train INFO: mean test reward2: [82.04750824309025, 82.80647433926191, 84.61526390715306, 91.03607241369065, 91.44861458476646, 83.99539009552399, 83.05743260869276, 86.17450267637734, 87.6802393962217, 80.82292144746215, 89.37044313655717, 82.8141385219553, 87.251222568356, 86.37070585686808, 88.415392924629, 85.2930234326215, 86.92185771712155, 86.78858200859571, 84.58182559147721, 90.30873022655886, 82.73070095475832, 86.40242522368243, 90.33538103584077, 90.03029849745968, 87.121397478382, 89.24734042097384, 84.84457543807709, 85.75968364090973, 82.71697330709081, 88.56011390693956, 91.46571515912859, 87.5509564276509, 84.49711296368791, 83.5597978163047, 83.99181368675642, 87.92518586320588, 88.8094881714573, 87.70635945204533, 85.69831045181981, 88.81913031669956, 84.40384535426465, 84.99896644681353, 86.1934822695304, 90.25116913926432, 87.88239748073023, 88.07019861964332, 87.29497263164208, 84.2399308877719, 89.47954252529036, 87.01313024084705]
2022-12-17 23:08:12,345 Train INFO: mean test reward3: [102.05159747628683, 104.59454353242947, 100.27018307223429, 98.95562518676682, 103.28682494060256, 104.59856870892341, 99.71027730551003, 106.89388341451502, 101.13522949682658, 98.36933843001965, 101.12913789840022, 101.18027592775871, 102.87398096306859, 104.43986076395214, 106.09048773049803, 102.39854032776277, 96.54862827373114, 101.56514034745913, 102.90616774176956, 102.87997479235483, 104.08992724002162, 102.50005791653103, 102.36966188917216, 105.25391930691268, 105.04808174241214, 101.45127079498373, 102.05159747628683, 105.0120129390213, 99.35244335960687, 105.3143316326698, 100.31809457869554, 104.12014067514632, 101.14153380773475, 101.11420089619239, 102.03884963107498, 104.84313052140041, 104.19834657892056, 105.03946889865743, 98.46355266432771, 103.35709572125714, 103.40785566474995, 98.79177185740399, 101.51997804574299, 103.78543381287992, 98.47389047707223, 104.47652346620428, 103.22923849510742, 101.45083322302548, 104.5541746273285, 100.6815939083426]
2022-12-17 23:08:12,345 Train INFO: mean test reward4: [100.6142484572651, 101.5911108809956, 95.18338552106718, 101.43426996057994, 104.07260597048716, 103.49675394722605, 98.68220326946553, 101.9232351897489, 103.8269087095378, 96.8087510615267, 101.99907463696924, 100.29382187394705, 102.38549326028318, 103.31551313893416, 105.04218455854705, 99.28154059437736, 102.33731366126442, 100.53572565772053, 100.09879995363181, 100.91429293240648, 102.8322895678846, 100.61450091358788, 99.4810393887754, 101.57754531577999, 100.57543068979892, 100.79826512974306, 95.06424082963821, 103.05287745344654, 100.43349729705372, 99.40078033210006, 105.17404232073842, 105.23454679339154, 100.4592376964491, 101.28030297075402, 101.2952491695063, 102.3982816858108, 101.88600444014611, 100.28902215145993, 101.60405360284277, 102.55811544886346, 101.87124623302641, 100.275655468494, 102.37619890254526, 101.26398438883136, 101.59741735362472, 104.27398209049764, 102.30814221023746, 101.57446446463429, 103.32312616660467, 96.98773374380357]
2022-12-17 23:08:12,345 Train INFO: mean test reward: 0.0000,86.5880,102.3865,101.3140
2022-12-17 23:08:12,346 Train INFO: test seed: 6************************************
2022-12-18 00:02:59,182 Train INFO: mean test reward1: [0.0, 0.0, 0.0, 0.0, 0.0, 0.0, 0.0, 0.0, 0.0, 0.0, 0.0, 0.0, 0.0, 0.0, 0.0, 0.0, 0.0, 0.0, 0.0, 0.0, 0.0, 0.0, 0.0, 0.0, 0.0, 0.0, 0.0, 0.0, 0.0, 0.0, 0.0, 0.0, 0.0, 0.0, 0.0, 0.0, 0.0, 0.0, 0.0, 0.0, 0.0, 0.0, 0.0, 0.0, 0.0, 0.0, 0.0, 0.0, 0.0, 0.0]
2022-12-18 00:02:59,182 Train INFO: mean test reward2: [82.93680823354512, 80.77609630689201, 86.10638532837359, 81.44857697918144, 82.85540202174737, 81.95909437254828, 82.22355995309391, 87.97495201973948, 88.33111666104597, 83.55752416331038, 81.01832487608826, 85.81739847389512, 87.57835226419768, 81.3139653492541, 84.30853442606322, 83.94082669236168, 87.9295832502567, 86.12641102080526, 85.98690745962935, 77.53977552565803, 83.80325851761212, 88.25629801930026, 82.94582970418467, 87.397307415609, 84.86736040005782, 87.0617736826528, 85.17942764946551, 86.72832538578103, 85.83010954315343, 83.58021454359636, 83.07077504436256, 87.30417518865488, 87.26669927725321, 87.59044477044623, 81.74277151815409, 83.58051458107725, 86.13750238618499, 76.4950721345689, 85.93798027651737, 82.36343353378899, 87.36385914549764, 82.47009831972936, 84.68567895550122, 90.84378431470415, 75.30790831767293, 81.33795438429648, 83.20715469423244, 81.85376651207434, 84.09040250251253, 85.35522015369816]
2022-12-18 00:02:59,182 Train INFO: mean test reward3: [99.90511066294145, 100.7365570948321, 97.59850849616912, 97.06397568144294, 102.43080803882087, 102.42342893078646, 102.04429421216169, 100.18767603757598, 96.35494532707641, 98.4527375580401, 100.70854074538471, 99.77956403683511, 102.47699433755423, 101.5338742699258, 96.12144058577611, 99.30433957504661, 98.9654922851944, 99.34563250736797, 96.61085629478535, 100.05521479795215, 97.97300712759568, 99.23550302054251, 101.55504877196059, 100.36198191226732, 102.92377586506683, 101.19332699625335, 103.3313680268291, 98.38325459543654, 100.29462199165384, 100.61424452299492, 97.01328278526424, 101.997946792448, 99.86788963450012, 100.18818453144385, 96.01306778960304, 100.27719276165621, 96.99604404156102, 102.93455095232143, 95.24717040850524, 101.55150121222236, 97.98666257315486, 95.1347377014802, 103.67490138365432, 100.59442322824, 97.99121362736084, 102.04218710537434, 97.12180546570204, 100.63112210612294, 94.27128937448654, 99.16959207638858]
2022-12-18 00:02:59,182 Train INFO: mean test reward4: [96.96953293385606, 97.49971155876776, 99.24013489085578, 101.81675653383427, 99.01417267571108, 96.47113988669305, 93.71659920768141, 96.45812936908678, 99.72594956555585, 93.75940063383926, 97.47413224249206, 99.51065828065701, 100.8284740796286, 97.60949179448842, 100.73724188078651, 99.03709774850738, 96.08522202748766, 97.554089857327, 96.32500410961194, 98.31542325465584, 99.79946342509348, 99.45264260433729, 99.5122729517986, 99.04486863207616, 99.25322649463168, 96.92618443460123, 98.96997217144035, 102.26813005656871, 99.96523141733769, 96.64058191177169, 94.82440296838044, 104.27800240960273, 98.52667914143412, 97.29130118397487, 100.7017536380164, 99.46761903145848, 97.6490484413028, 102.73857314530711, 101.29087779717119, 96.96310517015662, 101.10407459613644, 99.82569815636388, 97.14883050696099, 96.42676038155105, 97.43183001348224, 95.86303716967754, 96.87680459691686, 96.12681762049864, 99.3276366330076, 97.94499317759208]
2022-12-18 00:02:59,183 Train INFO: mean test reward: 0.0000,84.2677,99.5734,98.4358
2022-12-18 00:02:59,183 Train INFO: test seed: 7************************************
2022-12-18 00:54:32,270 Train INFO: mean test reward1: [0.0, 0.0, 0.0, 0.0, 0.0, 0.0, 0.0, 0.0, 0.0, 0.0, 0.0, 0.0, 0.0, 0.0, 0.0, 0.0, 0.0, 0.0, 0.0, 0.0, 0.0, 0.0, 0.0, 0.0, 0.0, 0.0, 0.0, 0.0, 0.0, 0.0, 0.0, 0.0, 0.0, 0.0, 0.0, 0.0, 0.0, 0.0, 0.0, 0.0, 0.0, 0.0, 0.0, 0.0, 0.0, 0.0, 0.0, 0.0, 0.0, 0.0]
2022-12-18 00:54:32,270 Train INFO: mean test reward2: [85.20117447409356, 78.5218004417994, 89.22846713445354, 85.23572571875164, 86.65942951712417, 81.6518060201535, 83.84262158847416, 86.29522210690277, 85.68599863034721, 86.87459738752138, 81.34498509378705, 83.17651498179023, 83.66494516166772, 90.76302654373323, 90.8554811303033, 84.50714182913796, 88.27254720145632, 88.74366383713303, 87.85832344785557, 84.08166192265891, 90.60344038592504, 83.57141667935994, 86.59061963512774, 84.7980662701333, 87.33284286155805, 86.18581063119852, 86.89275148698205, 87.9896615044798, 88.22739085121998, 84.91587052260033, 93.58567387232758, 87.03865080455219, 84.09666339498845, 84.77945370599079, 87.5907259111, 86.46677701550495, 81.54852673568101, 83.91220262746032, 86.75603643542571, 88.7158336294515, 87.84150311438991, 87.02832695027179, 87.32533854690125, 84.71352558520819, 78.62393670247846, 88.66464735078551, 83.73588650606627, 88.89816406742106, 86.67814178596161, 90.79615679822656]
2022-12-18 00:54:32,271 Train INFO: mean test reward3: [98.87172785364368, 97.48867844255496, 100.32905662376312, 99.37666722597974, 103.97494608951123, 103.77452734241423, 101.43143501319895, 102.4666499440166, 98.91367612933831, 98.51297268814659, 96.90394366327389, 100.65368897824226, 104.42544056990158, 106.03677887691163, 103.67629037702314, 105.00166854548368, 99.79447018488563, 104.96119885243112, 95.2782882101146, 102.32041825842217, 100.71167599236136, 96.17416295915257, 100.27764465103762, 104.09707578292537, 102.50907976835067, 100.60947327588326, 104.49241468002376, 98.37780163519665, 104.17295830558979, 105.69132393960753, 102.91125873009824, 101.54253051075655, 101.60246427799262, 101.95341274460422, 102.38527362319431, 104.80294407290125, 102.79029976451089, 104.46166774678731, 100.32752963805606, 105.40574087269232, 96.99147899919804, 104.58593068867478, 103.3586773475266, 98.90315177073242, 95.58897876115573, 102.7779772769513, 101.01710792462926, 99.38248794166076, 101.07112136966404, 103.2756167699033]
2022-12-18 00:54:32,271 Train INFO: mean test reward4: [96.82884921657445, 105.04559816650274, 99.74453115707632, 98.79494148147215, 105.03737184026568, 102.57086256575246, 97.64817338533999, 94.78899288927185, 100.56124691519867, 100.1060730857103, 99.67849907033631, 99.30870675121119, 100.80023273829373, 102.86711296178468, 99.51367655703528, 99.79519975003579, 102.37676286545651, 98.31795609171272, 103.3017873877804, 100.58079070087145, 102.84103397677947, 101.30687846912447, 101.095681482474, 101.61235593601239, 102.3410967528611, 102.08997064825492, 96.93496487082248, 102.21625411642647, 102.0696503900439, 102.58047661724252, 97.49625937950512, 101.40664779844961, 100.8300010653357, 101.25099596364693, 101.1078436710762, 101.8662359429642, 101.89816518936516, 99.50627774997506, 103.3555003107476, 103.23770336732296, 101.30353408297067, 102.54514335852204, 103.08065818625576, 99.8219648317927, 100.82847407962863, 101.41687898109817, 97.37829113706222, 101.3068784691245, 100.14485284895761, 99.32524356142262]
2022-12-18 00:54:32,271 Train INFO: mean test reward: 0.0000,86.1674,101.5288,100.8373
2022-12-18 00:54:32,271 Train INFO: test seed: 8************************************
2022-12-18 01:43:02,068 Train INFO: mean test reward1: [0.0, 0.0, 0.0, 0.0, 0.0, 0.0, 0.0, 0.0, 0.0, 0.0, 0.0, 0.0, 0.0, 0.0, 0.0, 0.0, 0.0, 0.0, 0.0, 0.0, 0.0, 0.0, 0.0, 0.0, 0.0, 0.0, 0.0, 0.0, 0.0, 0.0, 0.0, 0.0, 0.0, 0.0, 0.0, 0.0, 0.0, 0.0, 0.0, 0.0, 0.0, 0.0, 0.0, 0.0, 0.0, 0.0, 0.0, 0.0, 0.0, 0.0]
2022-12-18 01:43:02,069 Train INFO: mean test reward2: [81.91367230360981, 79.80301963950618, 80.35641258423486, 77.5647139643155, 82.25741871085297, 78.1283261391571, 87.64606838099488, 79.5549871037117, 86.30105597645203, 78.53352462634437, 78.8472050903501, 85.63771745878412, 85.29500455904403, 83.44280234871653, 78.62157452226056, 79.67899224931058, 80.00777938195986, 85.63548719012473, 81.2169986479521, 82.40695269676442, 77.89735233042101, 82.87159384433944, 83.95291995084082, 88.55964421577042, 84.86935973287383, 83.66367044270943, 82.77196802650602, 79.94571877588116, 79.95750735434488, 87.10611542186139, 80.36645519042459, 81.82007242028857, 81.52201728388914, 82.99646413994837, 80.5754071883888, 81.67153162911585, 86.18451720390689, 79.76724898239537, 79.99414018495166, 78.9662644069331, 88.54477449910665, 86.88061046391103, 83.20530456371645, 82.2111132182006, 83.36341030660509, 78.13889473547756, 81.82760826425941, 76.79054712362925, 84.7252821336583, 80.76810820047004]
2022-12-18 01:43:02,069 Train INFO: mean test reward3: [97.1245974379843, 97.9573966773156, 99.82386576737198, 94.75388253977219, 100.62330039647988, 97.92034357259305, 97.39641853689935, 97.09274139964711, 98.02249178326774, 94.3215343029257, 101.14391946559077, 97.43420732649665, 101.25106958162255, 98.34126800843721, 104.64487343470877, 97.0099508091171, 96.64192855561585, 101.98205213861822, 99.32053080242802, 101.07123415513817, 95.18487384993313, 94.69602395213438, 100.17447917849621, 100.2245189656918, 100.33233536094161, 102.06440287815659, 97.0153932643105, 94.72449240546699, 95.68643253377073, 100.29714417261688, 96.09092784693864, 96.5830852626147, 97.0349167575488, 100.21626109928316, 97.55034218273909, 99.70191394980155, 100.73269031891027, 97.05643710929637, 94.30060038604007, 99.40916945120678, 98.97251021584492, 91.8457289388919, 100.07477176270908, 97.90661912666725, 93.24830276386466, 99.84691512022182, 93.6419897855833, 102.7061143409091, 97.06374777527944, 100.63219492931995]
2022-12-18 01:43:02,069 Train INFO: mean test reward4: [94.98652700167922, 96.37809602833602, 99.61888196552658, 100.32200473360734, 92.61609737753157, 98.30571431366342, 96.3757389793104, 99.82629544148934, 98.47198900234041, 98.99661148538979, 97.13962487730343, 102.58575797487339, 94.08129727714302, 99.58772880172087, 99.77229110970195, 94.77399195813798, 95.84815773506303, 92.84133052740162, 93.05007808654501, 96.41365657888102, 96.43242201647284, 92.42537102746618, 92.14621082477703, 100.70773137124193, 99.48786880855921, 93.41184561137037, 100.97286826860329, 101.60308104277964, 98.66055085969882, 99.53553491061861, 97.93945767577635, 97.73255372722254, 95.28080889066025, 98.01488299091714, 96.90570687544312, 94.72170780258926, 95.51544569233133, 94.88702688518545, 96.95691808943528, 100.41224044699413, 99.47290643857579, 97.79004480651807, 98.5079218559772, 96.43577941195852, 94.73939092671921, 92.82693055618196, 97.9141775045755, 97.11424181059952, 101.30784430843843, 94.7713181469264]
2022-12-18 01:43:02,069 Train INFO: mean test reward: 0.0000,82.0953,98.1779,97.1325
2022-12-18 01:43:02,069 Train INFO: test seed: 9************************************
2022-12-18 02:38:44,337 Train INFO: mean test reward1: [0.0, 0.0, 0.0, 0.0, 0.0, 0.0, 0.0, 0.0, 0.0, 0.0, 0.0, 0.0, 0.0, 0.0, 0.0, 0.0, 0.0, 0.0, 0.0, 0.0, 0.0, 0.0, 0.0, 0.0, 0.0, 0.0, 0.0, 0.0, 0.0, 0.0, 0.0, 0.0, 0.0, 0.0, 0.0, 0.0, 0.0, 0.0, 0.0, 0.0, 0.0, 0.0, 0.0, 0.0, 0.0, 0.0, 0.0, 0.0, 0.0, 0.0]
2022-12-18 02:38:44,338 Train INFO: mean test reward2: [82.9077964434516, 84.48534118081216, 90.46766775228373, 84.71808320910357, 87.31664832190897, 84.38837872087707, 87.44120684768158, 93.85397624310988, 86.6858070498667, 85.32819560098353, 83.67181967538227, 86.82042784654448, 86.54496463473589, 80.86761301238187, 85.87569788747335, 87.43806475790959, 85.67435422160366, 82.6837022408715, 90.57527845399892, 84.58736459741964, 87.78255475692424, 86.52268258467251, 90.44049384362118, 89.52700148980811, 89.53456898588388, 93.51098228631108, 88.62944769407595, 91.15115393584358, 88.2838333526271, 88.69914375397619, 91.39954688966327, 83.07423806599755, 86.68942249736337, 85.67056525642019, 86.75306032436187, 83.23071769350683, 80.95867157474, 82.52890206064146, 87.4933044812949, 90.45609692836814, 91.81009691637496, 83.45126884795265, 87.06729277995021, 91.04151544968389, 82.6088659039769, 92.56184597809487, 88.77580656044728, 88.35882206889455, 84.29687912705309, 90.98550059135614]
2022-12-18 02:38:44,338 Train INFO: mean test reward3: [99.91334755949075, 105.02626360440884, 103.35914806184353, 103.22021917503795, 103.62298564143724, 107.61770723620596, 104.41986778880351, 103.30281762935228, 105.77068569537559, 105.80169392769463, 102.49710517293474, 104.21352930209468, 103.63714599986893, 105.59055606195743, 104.53850184337827, 102.85046708522512, 104.5087205335831, 102.50661386367877, 103.28290707194002, 98.37936594718069, 103.80412181276407, 101.09130316539967, 100.29580807340844, 105.69025968838491, 101.52298141335837, 106.81334868770773, 104.48189452795476, 99.75096710457684, 105.37828842382845, 101.5045194125415, 101.95024132812831, 100.28429683567713, 101.90419497787752, 103.37304691755813, 103.64854920840642, 102.44808525628348, 106.83814524664305, 104.4247801583196, 101.06401698654913, 104.99335397737049, 102.38999017209213, 100.66580111261372, 102.44734778622853, 100.13487973750559, 98.92855493337251, 104.8782274181516, 102.86651057480762, 104.86863458780775, 103.56804284235074, 108.5796736886016]
2022-12-18 02:38:44,338 Train INFO: mean test reward4: [97.47587545416114, 104.73930211032418, 101.61091884895701, 98.7981528730804, 102.88727283983576, 103.28680364859595, 102.52903331117354, 101.5779366346398, 96.63236998804788, 101.94936607303602, 104.07450789606625, 102.88556535713106, 100.81240086289024, 102.36189808047062, 101.58541496790262, 104.18444046828408, 102.58507255673756, 97.8926572324425, 104.58986466020748, 102.301314088136, 105.33420435456951, 100.8036170516499, 99.28351203427604, 103.50148598729082, 102.07324336004734, 103.82173748770393, 100.26556457604453, 103.22025739982436, 103.72490410530416, 101.43968475493722, 97.94147522385211, 104.03089433080906, 102.57940816170303, 99.61888196552658, 106.14149319627273, 101.4439225771302, 105.19191847966762, 104.2497870795417, 101.27614258538347, 98.61478660849573, 97.93828318978211, 102.80405375733284, 104.29205609749582, 100.44327740878867, 99.22751240344462, 106.64484417048777, 103.31041417322538, 99.72510942588468, 106.6183602580053, 96.97906493193696]
2022-12-18 02:38:44,339 Train INFO: mean test reward: 0.0000,87.1125,103.2930,101.9460
2022-12-18 02:38:44,339 Train INFO: test seed: 10************************************
2022-12-18 03:30:19,733 Train INFO: mean test reward1: [0.0, 0.0, 0.0, 0.0, 0.0, 0.0, 0.0, 0.0, 0.0, 0.0, 0.0, 0.0, 0.0, 0.0, 0.0, 0.0, 0.0, 0.0, 0.0, 0.0, 0.0, 0.0, 0.0, 0.0, 0.0, 0.0, 0.0, 0.0, 0.0, 0.0, 0.0, 0.0, 0.0, 0.0, 0.0, 0.0, 0.0, 0.0, 0.0, 0.0, 0.0, 0.0, 0.0, 0.0, 0.0, 0.0, 0.0, 0.0, 0.0, 0.0]
2022-12-18 03:30:19,734 Train INFO: mean test reward2: [78.92841553405809, 85.3152025298411, 81.2972469557017, 88.90383058947697, 80.16071795091416, 78.02731130088588, 80.80379891569623, 82.54347826665618, 80.67474650368575, 76.8617947853725, 80.33172881099293, 80.54796380934631, 82.01605894277122, 87.0238672553346, 81.5136602206009, 81.32426277165482, 84.3197761645749, 80.2110563425211, 83.81874825915656, 82.10438088170896, 78.64806463085793, 79.22866629707757, 85.28271835017799, 83.54191093545444, 85.58500742212718, 87.42778126888132, 79.5408254278756, 84.19731013888293, 85.29054847684374, 81.45103745888261, 84.05791193444385, 84.57999953789796, 84.7991990401604, 87.43699763196132, 84.23475129817739, 84.45861003826131, 87.49961906634334, 78.87356089961726, 87.39989490612976, 87.10587144325648, 87.02985066623314, 80.4644967827792, 85.9947249579374, 87.41946526309349, 83.51123216146773, 83.85716557546398, 84.02377735786045, 84.05492170285096, 83.94080076785038, 88.58709825800005]
2022-12-18 03:30:19,734 Train INFO: mean test reward3: [97.9741905567612, 100.26650860251794, 101.12357203591729, 98.03568209249505, 98.40962236253178, 101.05810570094141, 91.82983502641058, 100.15664254017186, 100.22228746878615, 97.09578628457831, 98.31192357901004, 101.49721941330353, 103.37966027790253, 101.1506755399368, 106.19474764635886, 96.49212751959536, 96.64797853474215, 102.32021613678084, 96.05550141819202, 102.40598244354676, 100.70076015000569, 98.88941903306483, 99.89862568869343, 100.27852318495488, 102.53246484662007, 102.48475014555223, 101.97521345485687, 94.30279805055581, 96.49965908712711, 101.61753774680834, 97.47262995236855, 96.07301146227893, 98.91262505747456, 98.79730221873696, 99.81531701118638, 98.35161015638236, 98.3732736679257, 100.08762547987394, 94.24445782796731, 101.23025981914951, 97.08716157127009, 97.09772831330727, 97.05021696085649, 94.26083244573412, 97.01888599174092, 99.77321709009972, 98.44056646587441, 98.44822357200209, 97.38937823786173, 99.21998350359563]
2022-12-18 03:30:19,734 Train INFO: mean test reward4: [95.81589983685876, 99.80093396714673, 98.29052068066073, 90.6975529634461, 100.7978026623434, 95.27424409910932, 95.01256043373236, 95.21819159920291, 97.4681045705924, 101.89453227266591, 96.96953293385603, 99.52711183563859, 97.95328776165422, 98.99049385204336, 98.9365575818364, 89.54385631495835, 94.33914669142753, 100.4793292930777, 95.91438266856117, 95.07933734786488, 101.30944704814185, 95.39766535641192, 98.51379899435435, 98.5186558015426, 98.82766627983077, 98.84004737143519, 94.43847393037287, 95.40382465157747, 99.82054929511783, 98.13291089112946, 101.25802388335283, 100.15028875239395, 99.77131925551845, 103.14360274080619, 96.35897605303889, 95.28817834813583, 101.08619219120163, 94.72521663585418, 96.96568401607792, 90.73074112363139, 95.82658791512867, 93.89922115954386, 97.944513697605, 95.41596328113548, 98.49879281657924, 101.24912173017528, 96.46158154834944, 95.44718212594084, 102.29497468373636, 101.84026115873124]
2022-12-18 03:30:19,734 Train INFO: mean test reward: 0.0000,83.3250,98.9790,97.5113
2022-12-18 03:30:19,735 Train INFO: test seed: 11************************************
2022-12-18 04:24:58,965 Train INFO: mean test reward1: [0.0, 0.0, 0.0, 0.0, 0.0, 0.0, 0.0, 0.0, 0.0, 0.0, 0.0, 0.0, 0.0, 0.0, 0.0, 0.0, 0.0, 0.0, 0.0, 0.0, 0.0, 0.0, 0.0, 0.0, 0.0, 0.0, 0.0, 0.0, 0.0, 0.0, 0.0, 0.0, 0.0, 0.0, 0.0, 0.0, 0.0, 0.0, 0.0, 0.0, 0.0, 0.0, 0.0, 0.0, 0.0, 0.0, 0.0, 0.0, 0.0, 0.0]
2022-12-18 04:24:58,965 Train INFO: mean test reward2: [83.14200183702424, 82.39514193123878, 90.4982216618541, 85.19509724772703, 85.2064898484818, 80.80804422444916, 87.52034289340767, 80.98862433521033, 86.87189012512145, 79.92603276710084, 87.9561705153116, 87.37448820086215, 82.71013421575525, 84.88780181008266, 81.54321703990186, 84.7724054337793, 83.20282261802733, 84.93965738426606, 86.72048287174147, 83.74397663989835, 84.43965917959068, 84.67967230241977, 83.20175578175548, 86.4891358086368, 86.27494470854215, 82.4753512592034, 83.0857121395827, 84.21067473788979, 88.19589879609248, 87.98370281247138, 90.49549324226591, 77.9583349450071, 82.12313918939233, 82.86453859654355, 84.10578704156025, 83.28088829001986, 87.01298438685234, 81.47328849554509, 82.47045520242726, 84.6563090799123, 85.83841863164713, 81.11611776545904, 86.34142913124519, 83.60104529040609, 83.47096135198144, 88.33988498188889, 82.24502138342801, 86.00138951022309, 85.28525230357123, 88.61350782584003]
2022-12-18 04:24:58,965 Train INFO: mean test reward3: [104.20502729517605, 100.24585826446477, 102.09194449208053, 98.44939588247058, 97.46039099292463, 103.58091605690964, 102.383512551346, 104.03400808387819, 99.81701960899832, 99.3901637673017, 96.04928623916307, 99.62747361335211, 105.30568974355712, 102.40656476612654, 102.00141754882242, 97.54678835674864, 97.0822221809767, 104.89949385683826, 101.13799486517507, 105.27297569499262, 99.43062146421734, 101.55640051266967, 99.32899098568926, 101.61517281445879, 101.60562945391207, 104.51284697171923, 99.27107347133251, 96.61936558594869, 101.1583728707715, 101.92930654861597, 98.4406445240565, 101.0754040500745, 99.87414889580094, 99.6465571577511, 101.17241657719562, 104.03330475569882, 101.53555849298002, 104.10231031866444, 96.20753970950972, 102.48013214411748, 102.389613094969, 94.69940884660961, 105.21917119118379, 102.47588640239678, 101.5570197404302, 99.70330351346377, 100.22257119713673, 104.99492910721742, 98.91637753090694, 103.71223926692848]
2022-12-18 04:24:58,966 Train INFO: mean test reward4: [100.82226273359176, 103.30989626895558, 96.07824355561985, 96.46766136716765, 95.31808208526962, 100.81214840656747, 98.78141218022188, 100.93941621004072, 103.27146190146277, 100.61135924038221, 99.77687269460739, 99.47689066614468, 99.94018319496763, 100.55479702714585, 98.50387478710124, 98.6443402444021, 95.91595196183003, 101.32138674173886, 102.05895017329094, 99.31640370889427, 97.6589734688211, 97.50527776247054, 99.52122868239188, 100.94506439802393, 96.96829064755502, 104.76552538923931, 98.44360850770002, 103.23367187075128, 99.77660600840939, 102.33688617774052, 101.19960461540389, 100.60062031728212, 101.39318221254773, 100.78631644651217, 101.12192725490463, 100.12619145121901, 98.31892794589623, 96.00394237092358, 103.43719412737487, 101.06384404494713, 98.3518522412768, 96.12369045644274, 101.86186806544664, 96.12438430772451, 99.96661126269491, 94.26447127936255, 101.11767298995284, 98.47505214319163, 101.92443324284974, 100.16858615340806]
2022-12-18 04:24:58,966 Train INFO: mean test reward: 0.0000,84.5747,101.0495,99.7101
2022-12-18 04:24:58,966 Train INFO: test seed: 12************************************
2022-12-18 05:18:30,358 Train INFO: mean test reward1: [0.0, 0.0, 0.0, 0.0, 0.0, 0.0, 0.0, 0.0, 0.0, 0.0, 0.0, 0.0, 0.0, 0.0, 0.0, 0.0, 0.0, 0.0, 0.0, 0.0, 0.0, 0.0, 0.0, 0.0, 0.0, 0.0, 0.0, 0.0, 0.0, 0.0, 0.0, 0.0, 0.0, 0.0, 0.0, 0.0, 0.0, 0.0, 0.0, 0.0, 0.0, 0.0, 0.0, 0.0, 0.0, 0.0, 0.0, 0.0, 0.0, 0.0]
2022-12-18 05:18:30,359 Train INFO: mean test reward2: [84.0219211776156, 85.84176349502661, 88.20448698801724, 83.51952060438846, 83.57762395396404, 82.19035078643418, 84.15963665939698, 84.52028086045675, 89.72417931317489, 84.72901979189726, 88.72778230288948, 86.39006191295805, 82.5711220418221, 81.57559249009944, 82.25293854068819, 87.57015972113452, 84.37708677316972, 84.00527578909448, 85.78320685005906, 82.54356234283136, 82.98918477120179, 81.38967548178573, 78.89931607095431, 88.9650073692381, 82.13072882118844, 81.55279528597981, 83.27823131747463, 83.79000322678452, 85.12859040144738, 86.65400573727283, 87.94834163367206, 88.81247817719533, 84.42479673725822, 85.06881530771402, 84.82778988586716, 85.42831049985108, 79.20259964665306, 83.60900515210342, 83.15180044706271, 87.82563403879932, 88.46459979859401, 77.2461007974146, 86.52357032415719, 86.60634133367454, 89.64457729028243, 83.66632594904615, 85.44524766688039, 84.96499411891119, 86.93899019965622, 87.9432578036171]
2022-12-18 05:18:30,359 Train INFO: mean test reward3: [98.01029707201943, 100.60698796129083, 96.59257932566939, 102.49609641376749, 100.6262445702703, 103.288023837565, 101.0398104312699, 101.62897799444676, 104.1809163273353, 96.21786791261187, 102.36406138250057, 101.5323139766195, 104.1270732178417, 102.00605180963595, 105.88579549588152, 101.99523918345157, 92.30227093131238, 102.93907538817182, 96.09803368216801, 103.69381101552099, 101.61037476375117, 100.91143924163715, 104.44253400480426, 101.97379372529645, 100.72554888626075, 101.63841305380727, 99.75742512915592, 94.7035559562355, 100.99882735217507, 104.06307396466383, 96.12847400026448, 99.72952673894721, 96.65277995373793, 100.74413056654865, 98.38024398682067, 103.18507162940374, 99.76923286911605, 101.609061657388, 100.1696321080422, 102.52530186356292, 101.60365604219902, 96.98089321458652, 102.0055669982732, 96.64588632392814, 102.39861917109828, 95.58767566525647, 98.4265994448328, 96.1366676051811, 98.95904598619616, 99.3216713395365]
2022-12-18 05:18:30,359 Train INFO: mean test reward4: [97.00104449081243, 101.7684386966699, 97.95683037302632, 98.5003962675759, 97.09067126582818, 100.26495489660155, 98.21332058322558, 96.94816399347671, 99.76111479097342, 98.13220946083523, 98.00514298812631, 96.95952472091236, 99.51678141494571, 99.45425844687159, 100.62709605252003, 100.49584019496682, 98.50912380346166, 99.51759291074076, 98.77214078987211, 98.01715846265868, 99.26275454687963, 100.32286943309373, 99.07080051968033, 99.32181777628948, 97.98251255219373, 98.34946928287826, 98.52328431885773, 101.7806778263627, 100.58227467607813, 96.8454472117099, 95.27558779712061, 95.77203783372329, 97.50649748464052, 100.5977416083713, 96.97743281870885, 99.48539964778904, 98.71867857826581, 99.78489882494111, 100.30407324294973, 95.39011985760081, 99.30652355406596, 96.48442429343922, 100.46474349150559, 96.92674970968763, 97.38576542321597, 100.28572188025431, 98.04939098620616, 97.46202821835706, 102.1935099479429, 97.44913763186722]
2022-12-18 05:18:30,359 Train INFO: mean test reward: 0.0000,84.7761,100.3083,98.6675
2022-12-18 05:18:30,360 Train INFO: test seed: 13************************************
2022-12-18 05:57:37,836 Train INFO: mean test reward1: [0.0, 0.0, 0.0, 0.0, 0.0, 0.0, 0.0, 0.0, 0.0, 0.0, 0.0, 0.0, 0.0, 0.0, 0.0, 0.0, 0.0, 0.0, 0.0, 0.0, 0.0, 0.0, 0.0, 0.0, 0.0, 0.0, 0.0, 0.0, 0.0, 0.0, 0.0, 0.0, 0.0, 0.0, 0.0, 0.0, 0.0, 0.0, 0.0, 0.0, 0.0, 0.0, 0.0, 0.0, 0.0, 0.0, 0.0, 0.0, 0.0, 0.0]
2022-12-18 05:57:37,836 Train INFO: mean test reward2: [84.2318550292915, 85.4276045459127, 90.49093652708609, 89.57667305611629, 81.50799609683364, 86.70347386644147, 88.66152628010788, 80.46469162956329, 83.45024174373972, 83.43665170639134, 90.24581019233327, 83.54412650675366, 80.33328772326944, 85.24709909977754, 87.44116112066321, 83.70818296272536, 84.20520838618692, 88.44035329445241, 87.35161207838915, 83.5927372455202, 89.28582150322349, 85.16635332916144, 89.2260494932195, 82.96513601981022, 81.58285569926385, 87.4803178159348, 82.23512400875711, 83.805201058752, 88.1430742256315, 87.09126880414497, 88.21823814895848, 89.2356158514619, 84.9976865957009, 90.11357461273163, 87.32075494855764, 81.61893726786795, 88.67218062740646, 81.13248184074385, 87.06163740187851, 90.0788160183461, 87.01968590893948, 86.11473963495034, 82.70983789420714, 85.71322555083377, 85.37545802849938, 87.22462234856583, 83.95318690351708, 85.58483518006392, 86.4066261302253, 83.18317699571652]
2022-12-18 05:57:37,836 Train INFO: mean test reward3: [97.00722638238845, 99.3823816521201, 96.6325613547334, 99.23189133516352, 93.29788988674818, 104.13568606159639, 104.07684347157334, 102.86588395738629, 98.72079994050641, 99.67231361512238, 94.24820346819173, 98.3673407299957, 105.33050544745434, 97.10212152439763, 100.74700530492915, 104.07606910055557, 95.67463940630454, 103.2690922650896, 98.87351991773967, 103.36746205540345, 102.37292148179222, 103.31944315521683, 101.67553242026484, 103.16488133759928, 103.27520356236242, 101.0658882632469, 102.47772628457291, 93.27233769127275, 106.19765647423087, 104.45027251609612, 95.99496455140769, 102.03882842482236, 97.1228037206772, 104.05565435775932, 101.89671046281445, 99.7555288376535, 98.4613171805793, 105.60352967593968, 101.46639223868843, 104.48332328029501, 97.05021902032867, 95.59793938683427, 101.99197808837506, 100.72186561166923, 100.62040884008815, 105.85814973174689, 100.25006342614392, 105.32684238667801, 98.91855452221006, 98.79980669136633]
2022-12-18 05:57:37,836 Train INFO: mean test reward4: [101.58483492372108, 100.74812559779689, 92.9975536645945, 98.93977301114111, 103.63539407261938, 99.01724786705654, 96.62736827953887, 100.48273366262138, 101.89430395679757, 98.48385498767487, 96.13269334622436, 96.74237399415729, 101.04435041752316, 101.11750987473972, 102.29831289136082, 102.65807619237927, 98.63393587985776, 99.18673734996969, 99.27972860052269, 95.29371644723209, 101.88509075300561, 98.51796274394452, 96.65057079799543, 101.32219548070927, 101.06209203377824, 100.95895471305087, 104.24775205324075, 99.80981913933651, 99.83794842927757, 100.51706425998194, 98.46036677061004, 104.0948094181546, 101.23582613221029, 102.75899418279249, 103.80054625188893, 98.46283745875964, 99.46111377085717, 95.36083270318466, 103.14758248928082, 98.14377175392404, 95.39011985760081, 97.57324278704421, 101.85513960450507, 99.99238054383882, 95.36879026859886, 101.61304278204825, 95.88845707713152, 99.52613998145507, 103.34526724843757, 97.604363521727]
2022-12-18 05:57:37,836 Train INFO: mean test reward: 0.0000,85.7356,100.6673,99.6938
2022-12-18 05:57:37,837 Train INFO: test seed: 14************************************
2022-12-18 06:31:36,573 Train INFO: mean test reward1: [0.0, 0.0, 0.0, 0.0, 0.0, 0.0, 0.0, 0.0, 0.0, 0.0, 0.0, 0.0, 0.0, 0.0, 0.0, 0.0, 0.0, 0.0, 0.0, 0.0, 0.0, 0.0, 0.0, 0.0, 0.0, 0.0, 0.0, 0.0, 0.0, 0.0, 0.0, 0.0, 0.0, 0.0, 0.0, 0.0, 0.0, 0.0, 0.0, 0.0, 0.0, 0.0, 0.0, 0.0, 0.0, 0.0, 0.0, 0.0, 0.0, 0.0]
2022-12-18 06:31:36,573 Train INFO: mean test reward2: [82.27574473315713, 89.31494177428375, 88.31754006934756, 84.5421058471114, 83.39429643598592, 81.62406150514342, 83.82273579709634, 82.06444370845009, 88.71455176590187, 85.03243102284056, 87.61184734911879, 81.88419992798532, 83.11278965186693, 85.81890939142643, 84.16884268858321, 84.81604104368783, 85.17998357396961, 85.87861686118843, 88.97552098961435, 82.75481353718727, 82.32029370209337, 80.07966383476527, 86.03888312582305, 91.95227360121072, 84.89166865905324, 84.08446029200483, 87.56875634578904, 91.3530766236844, 87.69771566305786, 82.74355374268117, 92.39613226264679, 86.2816281997789, 85.09535377292579, 88.56381668471545, 86.26370910458607, 85.20485512091466, 89.25326269888993, 81.4737967368207, 90.75940507969348, 88.18608442098261, 83.87371067262941, 83.5500721162703, 92.03355307594289, 88.49893340718734, 78.21366254232336, 84.3247131303328, 89.19328869795133, 83.60294170925344, 82.62036717810771, 94.21048555318283]
2022-12-18 06:31:36,573 Train INFO: mean test reward3: [102.3932203025326, 102.85122113399605, 101.95527526378947, 104.02536325107076, 102.88010078064633, 100.02840135020583, 104.9089541335421, 102.78802298194799, 96.15607371677001, 101.46784180222598, 102.3982173091296, 100.62503194626281, 101.1081467786122, 104.04679084378871, 102.87847437220927, 100.21018562209457, 102.85614639288882, 102.46312509363489, 96.5464533207087, 107.32819905578259, 101.17905877412637, 99.86837533233148, 101.47144657695935, 101.63403387071658, 100.77288933410497, 104.01897518558579, 98.02752982830769, 95.60687128766288, 100.80030000270705, 101.90630602037555, 97.52192699290958, 101.94022992232371, 102.46477039363472, 102.80848629251287, 100.14468925465714, 104.13027024466335, 105.37760588164424, 103.72566013452851, 99.70767363409118, 102.77434559656206, 102.01988198429206, 102.3423772582467, 98.37809449116577, 101.1693138826912, 98.86658513428918, 103.3697556821145, 98.40258856976054, 100.66076865744866, 103.32979487761833, 102.85900911560226]
2022-12-18 06:31:36,573 Train INFO: mean test reward4: [92.99139441273304, 102.55596727704233, 101.78165038642582, 95.79498284416213, 101.90325959398811, 101.33668699708899, 101.88447155159885, 101.54321478438278, 102.29983987706785, 100.11223523223511, 101.1210910014196, 102.67115062873881, 101.60333420498202, 99.94459503567094, 101.60321346317158, 98.89284797954438, 99.81791676357487, 101.8077673546288, 101.89900532903631, 98.340881164509, 101.88916647289231, 100.95472707928968, 99.80195933564588, 101.09978707348017, 98.46513758800161, 100.25480454680232, 97.51046805481181, 105.46078238826867, 100.46304404414764, 98.20990259560084, 100.78563930140342, 101.12083854509682, 98.00853917994516, 99.67678964624344, 102.57388366170207, 101.36328933566604, 97.98770284453498, 100.59750486784523, 101.05420475411941, 100.93378151314141, 99.00229693463967, 102.27784910309256, 101.857601520631, 95.91423252583078, 96.85777006965131, 97.47145495025359, 100.5250875998735, 101.60805541147174, 102.08243839035576, 98.90378795773408]
2022-12-18 06:31:36,573 Train INFO: mean test reward: 0.0000,85.8327,101.5439,100.2924
2022-12-18 06:31:36,574 Train INFO: test seed: 15************************************
2022-12-18 07:06:58,346 Train INFO: mean test reward1: [0.0, 0.0, 0.0, 0.0, 0.0, 0.0, 0.0, 0.0, 0.0, 0.0, 0.0, 0.0, 0.0, 0.0, 0.0, 0.0, 0.0, 0.0, 0.0, 0.0, 0.0, 0.0, 0.0, 0.0, 0.0, 0.0, 0.0, 0.0, 0.0, 0.0, 0.0, 0.0, 0.0, 0.0, 0.0, 0.0, 0.0, 0.0, 0.0, 0.0, 0.0, 0.0, 0.0, 0.0, 0.0, 0.0, 0.0, 0.0, 0.0, 0.0]
2022-12-18 07:06:58,346 Train INFO: mean test reward2: [85.80249679815967, 85.19593028343836, 91.71573111580793, 85.97861268042492, 87.1712389123621, 86.33968754351814, 84.75370483430558, 88.27347416581156, 90.84712496464297, 89.44258036449104, 85.61469995853585, 86.16169009253856, 88.55771237410328, 90.31611800268912, 89.7111221826921, 83.46577794634494, 89.59701323269489, 86.37818770253756, 88.10321236755456, 87.5068588412174, 88.74283007920312, 87.54276789575759, 91.78934247717001, 91.42337433697402, 87.6387505904759, 89.12352021748221, 84.98444031540684, 85.36231294204715, 82.55570262851718, 84.38599305295172, 92.18370786815815, 87.99478332546926, 89.43414170889116, 88.09346228870459, 88.61273634622553, 83.83700631611174, 85.21765700467145, 86.1329064722198, 89.38118376544932, 90.53224429789327, 90.1143821248369, 87.0893836924733, 92.18883114930803, 88.56722267518961, 88.17266606835958, 83.3631770035058, 85.99403048907858, 86.53602004997815, 90.10012138382885, 89.28200150783091]
2022-12-18 07:06:58,346 Train INFO: mean test reward3: [99.75661907176249, 105.38045043484877, 100.76395351046317, 103.38139052390466, 100.55268495611934, 103.712954772737, 108.116060877024, 104.50228503938841, 103.37131536777522, 100.55755687928527, 102.89461170607312, 100.70298602359718, 104.98009977475954, 103.58572447676127, 104.75660407071038, 104.12752120483685, 103.59112528136711, 104.89346789315326, 101.93466843813289, 104.42116964890207, 102.8490453675169, 100.65477813050566, 102.39570119427738, 102.44825712040561, 104.11276453716525, 104.61722767057417, 95.62324447824949, 104.45849635153985, 104.06358255300628, 105.59298895552837, 100.28042007204652, 98.33963449427414, 99.8531620914529, 98.97095735246175, 99.40963301534457, 97.58311400822649, 104.49508792087586, 102.89608706260387, 101.93364328571062, 105.82134019736398, 103.22302750726942, 96.49834349554516, 103.81675983301271, 101.1741832390373, 102.81713119465891, 101.95431402863368, 101.06200439533801, 102.81879614459658, 104.16694288722393, 104.60000198306477]
2022-12-18 07:06:58,346 Train INFO: mean test reward4: [94.48758885068858, 104.95512371918515, 100.33669085967222, 97.97392414332099, 97.39398241630693, 100.96789460579075, 100.15190433466563, 99.43557461851707, 101.73490277278923, 100.78135711839577, 104.82305774732366, 103.34833898567103, 101.51279658575959, 104.27882157933456, 104.12462169470102, 104.51287686041091, 104.96645106290211, 101.62174314639783, 100.82070319605987, 98.78141218022186, 104.270531964916, 101.8036299453013, 100.41769034682731, 100.09962958408276, 102.60768987592608, 101.06486622368165, 100.30528102936621, 102.06895109397996, 106.62062688305078, 100.74375360977122, 102.79409416910092, 103.25671767743137, 100.4532250435998, 106.01033821553354, 105.45092957720117, 98.50427500901844, 98.60515857008588, 102.3583562300969, 102.04419370193587, 101.0171287216118, 98.76351082208092, 100.58581398526697, 103.64390547684562, 100.79370652044132, 99.50982202717198, 104.4886670877104, 97.71746331306876, 103.74712018022345, 102.54182131148538, 102.5372495124448]
2022-12-18 07:06:58,346 Train INFO: mean test reward: 0.0000,87.7462,102.4903,101.6367
2022-12-18 07:06:58,347 Train INFO: test seed: 16************************************
2022-12-18 07:41:29,672 Train INFO: mean test reward1: [0.0, 0.0, 0.0, 0.0, 0.0, 0.0, 0.0, 0.0, 0.0, 0.0, 0.0, 0.0, 0.0, 0.0, 0.0, 0.0, 0.0, 0.0, 0.0, 0.0, 0.0, 0.0, 0.0, 0.0, 0.0, 0.0, 0.0, 0.0, 0.0, 0.0, 0.0, 0.0, 0.0, 0.0, 0.0, 0.0, 0.0, 0.0, 0.0, 0.0, 0.0, 0.0, 0.0, 0.0, 0.0, 0.0, 0.0, 0.0, 0.0, 0.0]
2022-12-18 07:41:29,672 Train INFO: mean test reward2: [81.786668678909, 83.21613772056624, 87.45097724798799, 86.18953599804009, 86.74923421574239, 82.22006896612774, 85.8687047583504, 88.64840703870901, 88.24378396750501, 85.60264958039339, 85.7186148784165, 85.96960780243485, 86.71488107125947, 86.75793558999389, 82.60098424263397, 85.18427207034543, 91.60533625126473, 90.91104101981671, 89.23925024059955, 83.05958996640972, 86.30475437082842, 89.29246981454988, 89.20762024506499, 86.83781804579256, 79.61514113449208, 86.73239750674435, 80.64953025185635, 84.63488632218515, 89.27572568549338, 84.92248637434075, 86.30989704512247, 85.45926119195124, 85.79575949919035, 85.91081346281467, 89.03502458003078, 83.19966402225748, 88.29712036352103, 83.11839007396557, 84.23241200013044, 82.24483106733564, 87.12972738055855, 86.1725360314631, 91.12075685203145, 89.28800489132529, 83.11104409320747, 84.7733276577043, 90.28076670406585, 87.96233213304562, 87.51898117970781, 86.305081062947]
2022-12-18 07:41:29,672 Train INFO: mean test reward3: [102.81771135729434, 102.42761593875603, 103.22988205113684, 98.82685820355242, 102.44348101030667, 102.43900417988199, 103.74755895585297, 101.59691452789673, 102.40507631720928, 104.40755961391169, 103.34569399294342, 97.84959704287873, 104.98368967530503, 100.20930484968746, 102.78898863311217, 101.98595212469007, 102.41450367745685, 103.75433014625132, 101.61671701169864, 99.73405188183042, 100.69762638362347, 102.5580862214519, 101.57462802260959, 103.68572596888787, 104.11394840996553, 104.53526499546186, 104.0928778419657, 99.32779922700783, 101.56264078418904, 101.55222792293232, 102.0283138212739, 98.44610875942196, 99.83250511713072, 102.88534451574648, 99.3124910871448, 98.39043717377517, 101.62174946686369, 102.01141997588655, 99.78242475053742, 103.33622080445927, 98.89620425433982, 100.56364587618333, 100.62901789598965, 100.76068244546259, 103.19077154576658, 97.98537945179676, 102.77974467427745, 102.33329451344976, 101.93744363860422, 102.19089454869588]
2022-12-18 07:41:29,672 Train INFO: mean test reward4: [100.95517872504821, 99.24292054947567, 101.7578402124072, 102.18953467626919, 97.99990249519854, 101.6190717746775, 91.55090200502862, 101.27124186473044, 98.68742203403433, 100.26528032138017, 100.80785560080494, 99.50236645670763, 96.76499456682221, 103.3413328254556, 99.93059579257933, 95.83559627005559, 99.95872533514681, 102.75022909559067, 99.03143335347286, 99.8031555684656, 102.68365362090303, 99.8160208566573, 100.69786621446039, 101.28619884343347, 102.60376083574889, 103.94875843033117, 99.02493699928833, 103.79704924854185, 103.08993307948847, 98.28560733956374, 91.69880664459205, 102.57291180751852, 102.37521459833366, 102.0256080251998, 96.96953293385606, 97.81376673479016, 103.32640855103287, 97.95135345656637, 100.29382184700808, 99.47019787737979, 97.50515430743181, 95.45827029158319, 101.57721723677906, 97.45179042277034, 97.4437302936335, 106.49223132580018, 98.48147984955166, 99.46949200822121, 103.17937783807453, 95.50907191947717]
2022-12-18 07:41:29,673 Train INFO: mean test reward: 0.0000,86.1695,101.7128,99.9113
2022-12-18 07:41:29,673 Train INFO: test seed: 17************************************
2022-12-18 08:17:42,069 Train INFO: mean test reward1: [0.0, 0.0, 0.0, 0.0, 0.0, 0.0, 0.0, 0.0, 0.0, 0.0, 0.0, 0.0, 0.0, 0.0, 0.0, 0.0, 0.0, 0.0, 0.0, 0.0, 0.0, 0.0, 0.0, 0.0, 0.0, 0.0, 0.0, 0.0, 0.0, 0.0, 0.0, 0.0, 0.0, 0.0, 0.0, 0.0, 0.0, 0.0, 0.0, 0.0, 0.0, 0.0, 0.0, 0.0, 0.0, 0.0, 0.0, 0.0, 0.0, 0.0]
2022-12-18 08:17:42,069 Train INFO: mean test reward2: [83.15798533505684, 85.9091549658056, 95.28816205413108, 91.0700015481898, 89.69616104646771, 81.79226700818289, 87.47024897006347, 87.17259155212416, 92.63179919505545, 89.59225690142331, 91.11362584268828, 87.66874970548947, 87.2803143057715, 89.95741514034779, 87.46254323468827, 84.81867454036808, 89.06454338550749, 87.98373414460734, 90.82699465509046, 84.14104463276487, 87.72575021033897, 86.2114059341204, 91.68263288198398, 89.14310572271637, 88.64420255613454, 94.04636971298872, 87.3228553689518, 86.81506056035316, 86.75303519170666, 88.39349422211633, 94.1235919637836, 92.31127502757056, 86.68195806435513, 87.84655466396698, 90.83526141962602, 90.27606163311043, 89.47037693006857, 91.02135025297125, 88.61265825440141, 90.80740031309776, 92.87912409467933, 86.30886863487432, 81.54671029029515, 92.09224276342555, 86.27673547847611, 87.93841382087945, 89.5107112943086, 87.30023348882054, 88.02298982964766, 92.6273997763909]
2022-12-18 08:17:42,069 Train INFO: mean test reward3: [106.03125913269479, 100.67930164537151, 104.9580337996133, 103.30355338962791, 106.95235480002714, 104.48753200589867, 106.08981077109154, 106.51785013352801, 102.90507938812402, 107.20934892821289, 96.95719300775819, 104.47417066562627, 105.33995843088022, 106.90686794528769, 108.37929751568858, 106.90564765369037, 104.1461244355324, 106.15130465514717, 105.76228882402357, 106.03378482527019, 107.63008780617132, 102.92514721157848, 106.96072619941563, 106.10049800821757, 105.46306420702211, 104.88871591645898, 105.37762728190943, 102.3928584046404, 102.88271709533656, 106.99703722643964, 97.86572704003854, 108.05210408586535, 105.68909541260197, 105.05077156198024, 101.54208809347054, 98.04109636293617, 106.39673204774161, 106.62989772212717, 99.70100988675276, 106.14410675739128, 104.89300476936398, 104.03492287651979, 103.25879452424644, 107.23539912892947, 103.88955183769036, 104.50475244399478, 104.88849160595645, 104.39717119114145, 105.71735325773315, 106.44596059008676]
2022-12-18 08:17:42,069 Train INFO: mean test reward4: [101.79862153146206, 102.51862214129478, 100.30364855416377, 103.75229418550276, 104.45778566273394, 105.19697848030171, 105.76392057117906, 102.30872245470196, 103.33132211478478, 101.08502397252958, 104.51831682978505, 106.15979561155588, 101.24882702110052, 107.0533682599484, 104.27059458568795, 103.34184644900822, 105.62257530937192, 107.40161468391983, 105.17045721770671, 104.05984631686901, 106.613912370414, 103.15744593702186, 104.76552538923931, 105.03838901994179, 103.31197712037532, 103.34075754311675, 103.32849949965114, 103.57808842420596, 101.60308174865922, 105.77265670344703, 104.2994432207691, 106.31487327791743, 104.05135784181249, 106.14119238086032, 102.65067455662695, 101.09782310850198, 105.62210459505502, 103.7109711765406, 106.7589746673355, 108.82952183584125, 105.46459252466624, 100.30913944541567, 99.80086102498721, 103.80902027710268, 100.49185687023687, 106.1181037497694, 102.90073655420838, 98.73883679092405, 105.0314041481486, 103.31238471341516]
2022-12-18 08:17:42,069 Train INFO: mean test reward: 0.0000,88.7465,104.7237,103.9066
2022-12-18 08:17:42,070 Train INFO: test seed: 18************************************
2022-12-18 08:50:40,738 Train INFO: mean test reward1: [0.0, 0.0, 0.0, 0.0, 0.0, 0.0, 0.0, 0.0, 0.0, 0.0, 0.0, 0.0, 0.0, 0.0, 0.0, 0.0, 0.0, 0.0, 0.0, 0.0, 0.0, 0.0, 0.0, 0.0, 0.0, 0.0, 0.0, 0.0, 0.0, 0.0, 0.0, 0.0, 0.0, 0.0, 0.0, 0.0, 0.0, 0.0, 0.0, 0.0, 0.0, 0.0, 0.0, 0.0, 0.0, 0.0, 0.0, 0.0, 0.0, 0.0]
2022-12-18 08:50:40,738 Train INFO: mean test reward2: [77.22038587362853, 78.0421838484144, 85.41950070081757, 81.73486034439125, 85.95688700058224, 78.26712956683338, 83.1638604054399, 81.60142570390339, 84.43077495052857, 81.64218645444858, 78.14354743167381, 84.44003627348319, 85.74212258833525, 83.39884359006724, 84.58408393973906, 82.41238173260894, 83.94940408258854, 84.36743624060769, 82.47190821530653, 85.36560572740946, 85.10087298487375, 78.19755439969558, 89.16590819205395, 84.24154717281353, 81.52666608316693, 82.88598245677126, 83.02524975469078, 83.00644659934214, 77.83255419336241, 84.85700200686426, 87.71709990877903, 83.74147154275975, 85.90283682369883, 83.88184732476843, 82.17420072817431, 84.18918275596646, 85.49169701297006, 83.25251596325123, 84.9263998237121, 85.76178738682509, 84.00507297800102, 77.26630836497219, 84.96550311129752, 83.65971217495739, 80.75627515096583, 82.22528331978889, 82.64267672740691, 79.53318444629598, 84.70765284031475, 85.87169042012863]
2022-12-18 08:50:40,738 Train INFO: mean test reward3: [99.79864758123409, 98.35719404203209, 99.84446688637999, 99.37389537261744, 100.99948577388889, 101.97424907979776, 100.24920280937909, 98.39982888701455, 95.6427012690197, 98.76882712251663, 97.00085811398704, 101.1007948647173, 105.09592470270968, 102.01292910209933, 102.89608706260383, 100.33789404499377, 98.89030912968103, 102.47459517929634, 97.42806424582191, 99.2030492702083, 95.63986963064228, 98.47242644996781, 98.80149726155857, 103.29556107287051, 101.17081678912929, 102.07405249987688, 98.8894123909715, 96.05968023934149, 99.34916872695963, 97.46397531453883, 99.72022421412281, 95.65457371334256, 90.3428515844963, 99.29535593312, 97.46508145347862, 98.94109583446597, 98.32700997620819, 100.7076757731186, 94.24971792682754, 100.76836230634042, 91.86449571500184, 101.88102085931433, 95.68197124334912, 99.21636592886425, 99.37551688476023, 93.2478397019979, 95.71320025124065, 94.18019283051194, 98.46202875199, 100.56157713109485]
2022-12-18 08:50:40,738 Train INFO: mean test reward4: [93.44583980937948, 94.50365849593628, 94.76727267474467, 98.53286447684926, 100.31376578687595, 101.61091884895701, 97.97934085173542, 95.04758683055186, 101.61176043345084, 96.53837074091987, 91.33903114660684, 91.32079512239066, 95.94316594164732, 99.48361323024031, 97.58384567857654, 90.99777911169926, 100.8352733234091, 98.691214264239, 96.93016694669147, 96.84471177896525, 98.78492580769414, 93.5925457439645, 92.40108197118754, 98.7675578909569, 98.2982915642295, 97.96115677266627, 97.61382223708084, 96.49952081166586, 96.62859123911996, 94.47175980084086, 97.9744314236755, 101.94585296721272, 98.78651405682426, 101.41606614908316, 98.31739294744418, 97.51846505444067, 96.86462297851268, 93.5357040621658, 98.39399582920149, 100.74507984999644, 95.04628879523877, 96.28386788213376, 95.44561283267201, 97.61382223708083, 99.16698047754744, 96.92334953618665, 98.96264273490527, 97.47771421155439, 98.28954882647723, 101.11327666392026]
2022-12-18 08:50:40,738 Train INFO: mean test reward: 0.0000,83.0973,98.7344,97.2232
2022-12-18 08:50:40,739 Train INFO: test seed: 19************************************
2022-12-18 09:24:43,515 Train INFO: mean test reward1: [0.0, 0.0, 0.0, 0.0, 0.0, 0.0, 0.0, 0.0, 0.0, 0.0, 0.0, 0.0, 0.0, 0.0, 0.0, 0.0, 0.0, 0.0, 0.0, 0.0, 0.0, 0.0, 0.0, 0.0, 0.0, 0.0, 0.0, 0.0, 0.0, 0.0, 0.0, 0.0, 0.0, 0.0, 0.0, 0.0, 0.0, 0.0, 0.0, 0.0, 0.0, 0.0, 0.0, 0.0, 0.0, 0.0, 0.0, 0.0, 0.0, 0.0]
2022-12-18 09:24:43,516 Train INFO: mean test reward2: [81.85791165009765, 81.29967499431798, 84.65632438708361, 87.84687020740027, 80.53642983637646, 77.59020027645761, 81.20882173437677, 78.02437380166243, 87.55528210559848, 88.74740474448257, 82.40161809318698, 82.43260396762193, 86.21806164482696, 88.42510255752251, 84.1296837022025, 83.766378675679, 84.14790247062801, 86.8626085568076, 84.48822615960003, 78.01319225522151, 87.08809140441565, 85.19881951277154, 85.05463934849935, 86.81622110628595, 88.30947951082413, 77.86526366780203, 82.44840107981045, 83.95532454235612, 88.60261640859184, 82.36418311597407, 83.80374888173351, 81.67404807606408, 82.44058100099733, 82.17778408025913, 86.24886844227737, 84.67185244934028, 89.86713112174752, 87.27577127020011, 83.00012530127599, 85.56506873259161, 88.98415771592715, 78.95383327446312, 88.74381514252367, 88.63390821775361, 79.59011454268223, 83.06717922400811, 85.99908146790844, 84.74897989478995, 84.27357172350304, 87.7533915212466]
2022-12-18 09:24:43,516 Train INFO: mean test reward3: [100.66773723366374, 99.80811344085446, 95.68294989487862, 100.7340589040452, 98.52789087881361, 102.80531394449572, 99.68842104704432, 103.37652116755852, 91.80466406145132, 98.43439167705267, 100.21741811244001, 99.37579300386142, 104.54442324267382, 102.34370985704523, 102.96359182280185, 101.53663786493735, 100.68228075437848, 101.51004289634571, 100.19452723008831, 102.42620736886023, 100.2361453671333, 99.27581717784581, 101.14300146542568, 103.28301689690325, 103.76787435530932, 100.23181035856472, 102.44371474545501, 97.95494100850722, 101.49582540359621, 102.36764774259551, 94.21810626130011, 97.89692588569665, 98.48372578165076, 103.33974674523444, 97.98491849386127, 102.03954855816754, 103.23414690376543, 101.99947719322367, 96.66382080138686, 100.19449285862139, 101.98218210655317, 99.6628517794883, 100.25904142034203, 104.04606394105653, 97.99338650357252, 100.69770617859162, 99.42290523893003, 98.85730808144565, 98.52294616704656, 100.19966904580491]
2022-12-18 09:24:43,516 Train INFO: mean test reward4: [97.44291339768671, 99.54107856384273, 101.3783780973397, 96.42380623256057, 96.94666547472127, 102.57629864491862, 96.61647108128167, 99.50531858086663, 99.80077927365025, 98.33707743285453, 96.11230942088044, 97.97427852936268, 101.00733080343592, 101.40409630263542, 100.83080980430607, 92.45329611894118, 94.5380801384665, 101.06945964294201, 100.81214840656749, 99.47616679859436, 99.46736786090064, 95.26312479902697, 100.28323840380288, 96.98708827182854, 97.88714423880486, 101.89946077288177, 98.9987569643975, 102.75560663951276, 96.40565957925217, 98.53991596255732, 99.83245758801412, 101.80776735462878, 101.08237217484829, 99.36582471453181, 100.31027429416159, 99.51405838928072, 99.53528245429582, 98.62008657630535, 96.92322341708245, 98.45145553045917, 100.78368541886206, 96.19447458947522, 98.77880206534306, 98.68723908680057, 96.99950949236035, 102.6625828495232, 99.0170929636538, 98.4877680239342, 101.10687181689268, 95.96077738034715]
2022-12-18 09:24:43,516 Train INFO: mean test reward: 0.0000,84.3077,100.3445,98.9371
