2022-12-11 17:18:30,938 Train INFO: Namespace(logger=<Logger Train (INFO)>, name='A2C2022-12-11-17-18-30', gpu='1', device=device(type='cuda', index=1), gamma=1, epoch_num=3000, test_episode=50, val_episode=50, test_size=0.1, val_size=0.5, batch_size=50, train_batch_size=50, num_steps=10, h=1, w=[120, 50], nn_out=40, share_lr=0.0001, actor_lr=1e-05, critic_lr=0.01, step=10, lr_min=1e-05, e_rate=0.001, a_rate=1, c_rate=1, lr_decay_lambda=0.999, duse_T=True, est_T=False, use_pref=False, same_price=False, use_price=True, only_test=True, test_benchmark=True, change_T=True, num='105', print_grad=False, max_norm=10, seed_range=20, net_seed=10, seed=0, info=True, selling_length=200, cardinality=8, ini_inv=2, num_products=100, number_samples=10000, num_cus_types=8, seg_prob=None, num_cus_features=4, MNLdata=10000, p_file='../Gene_databeta/simul/p10_random.npy', c_file='../Gene_databeta/simul/c4_random.npy')
2022-12-11 17:18:30,939 Train INFO: log/A2C2022-12-11-17-18-30
2022-12-11 17:18:32,987 Train INFO: products price: [1649.73814547 1127.61563842  931.02871698 1360.34237971  725.13091995
  923.26577906 1048.06358099 1335.59336555 1195.40725861 1064.01482778
  911.06874296 1048.7285084   862.45852977  562.0352617  1338.46425903
  990.15321765  520.29278707 1208.23053483 1211.78612974 1415.52984074
  793.16221683 1876.27989159 1532.58284504  955.82118943 1761.86348334
  839.64872328  552.35384058 1249.34487063  512.10224121 1264.40811504
  800.71457455 1724.21396565 1820.46937714 1053.61927862 1303.52226404
  687.23532693  553.41199285 1166.92080199  888.36091138 1555.51175855
  945.60906956  904.8232257   185.11950973  956.00340393  921.97706365
  777.00211129 1233.85864419 1855.13122698 1247.19421357  809.85084994
  477.38637086 1180.64638022  688.85646935 1821.84964101 1336.34462326
 1180.51360642  846.06710047  671.01312444  972.26852132  920.40072648
 1206.16552071 1416.03566126 1211.55189823  896.40685864 1067.94770214
 1577.1507714  1254.63336377 1273.60053127  109.15494726 1404.48282551
 1341.31287433  440.47487253 1148.9827406  1464.57599267 1204.3751098
  570.81428852  460.8940235  1490.06233971 1354.33031959  984.32869752
 1393.98066869  796.41108887 1427.58864888 1277.02973902 1164.10629816
 1159.15216995 1300.53489406 1407.42098991  808.96765814  987.27313092
  169.27919123  946.08274828 1174.39447852  944.25927782 1517.41984827
 1615.68280386  142.22238131  657.0012701  1487.17636032 1170.3680706 ]
2022-12-11 17:18:32,988 Train INFO: seg_prob [0.09764755 0.15409284 0.11327223 0.0965834  0.06760932 0.12737399
 0.07061169 0.27280898]
2022-12-11 17:18:32,988 Train INFO: Load Factor 1.0
2022-12-11 17:18:32,994 Train INFO: test seed: 0************************************
2022-12-11 18:17:56,143 Train INFO: mean test reward1: [0.0, 0.0, 0.0, 0.0, 0.0, 0.0, 0.0, 0.0, 0.0, 0.0, 0.0, 0.0, 0.0, 0.0, 0.0, 0.0, 0.0, 0.0, 0.0, 0.0, 0.0, 0.0, 0.0, 0.0, 0.0, 0.0, 0.0, 0.0, 0.0, 0.0, 0.0, 0.0, 0.0, 0.0, 0.0, 0.0, 0.0, 0.0, 0.0, 0.0, 0.0, 0.0, 0.0, 0.0, 0.0, 0.0, 0.0, 0.0, 0.0, 0.0]
2022-12-11 18:17:56,143 Train INFO: mean test reward2: [89.24554441902407, 95.53495691772156, 92.2658683005458, 95.45881749454487, 90.54763221751416, 90.53249702456671, 93.42129907409345, 97.63590150835257, 93.94623771140542, 90.98233321984237, 90.59445400356363, 91.8594673747525, 91.30181023364084, 92.84630164091114, 96.31671951488458, 95.07345656358066, 92.17694300698642, 97.25560846371587, 92.48754947561821, 95.19009654133932, 95.0372086393142, 90.3628829523398, 94.85840428243122, 94.2487107243502, 90.29775006097093, 96.88116937519437, 91.07822269133769, 94.69236211205461, 92.75402493813655, 95.70239037237074, 97.04397729527162, 96.63004386312957, 95.47244856826207, 97.48451868093802, 92.13109804511309, 92.44220775972045, 93.1089380011714, 90.71718447758543, 93.96803343430823, 91.2374544119562, 91.22261190508043, 91.10896815329308, 94.86987569741744, 97.37140798143956, 96.96242355999625, 92.56122307462732, 97.31255765628825, 91.68095639360381, 89.83768264023298, 95.87578067227825]
2022-12-11 18:17:56,143 Train INFO: mean test reward3: [106.88310547413573, 106.24462241271694, 107.31872219252257, 107.991748297614, 107.87541076990061, 109.82588109496078, 112.28584897275562, 109.38147647819248, 106.15044063564184, 108.71994921059772, 108.97153144943192, 110.57349423755795, 110.23816854157539, 108.28769496039526, 108.91173715015007, 108.98916309843442, 104.4798670156458, 109.17401373019165, 108.21735530041958, 109.24132862395038, 108.87077215392507, 110.81836941067567, 106.83741856161812, 110.43030038047579, 109.90914612095554, 110.01696585083634, 108.29303336150544, 108.09043708712598, 109.69987637187008, 110.78177035734161, 107.99518016100964, 108.65235737197382, 110.19226464449565, 108.12217548369564, 108.27707601631185, 109.66321723589043, 110.1159593153434, 109.6566569779762, 104.89418146225637, 109.54306632808498, 106.12763320898387, 109.91826438644526, 110.48352217611942, 108.96960364532924, 109.91690583245163, 106.04780775319102, 104.20671524104178, 109.34348632052024, 108.06864079076217, 110.27718993040011]
2022-12-11 18:17:56,143 Train INFO: mean test reward4: [109.38754591453981, 110.4470259282647, 107.02398134005507, 105.27986720016875, 107.33351351880954, 109.72791627170122, 107.06705369534237, 108.87267432910691, 110.85264990917578, 104.96544257017857, 104.32592098646816, 109.89135219606891, 107.95573036163574, 110.39572975879855, 109.52958725377397, 103.33097685401574, 108.21609930985706, 109.18804849639898, 109.04438463547335, 105.4404508780412, 110.00400553555411, 106.6359496376477, 106.51891798906995, 108.5315484719056, 109.59374747848864, 111.2997274861087, 109.32964490727427, 109.90133286942275, 108.74640872934233, 107.76420042158847, 106.9023791784236, 111.1336197732918, 108.98275775904041, 107.78495172245839, 105.87427243459878, 107.72339651122397, 108.35233061907456, 111.22773429033572, 108.08574548125286, 105.65454999360563, 110.05656060406484, 107.76789300662847, 108.67322956200395, 109.9516800160034, 103.3345284922804, 109.7221088352906, 107.0026230832493, 109.74688472648941, 110.39318164314066, 109.60964666807226]
2022-12-11 18:17:56,144 Train INFO: mean test reward: 0.0000,93.5925,108.6796,108.2916
2022-12-11 18:17:56,144 Train INFO: test seed: 1************************************
2022-12-11 19:15:30,088 Train INFO: mean test reward1: [0.0, 0.0, 0.0, 0.0, 0.0, 0.0, 0.0, 0.0, 0.0, 0.0, 0.0, 0.0, 0.0, 0.0, 0.0, 0.0, 0.0, 0.0, 0.0, 0.0, 0.0, 0.0, 0.0, 0.0, 0.0, 0.0, 0.0, 0.0, 0.0, 0.0, 0.0, 0.0, 0.0, 0.0, 0.0, 0.0, 0.0, 0.0, 0.0, 0.0, 0.0, 0.0, 0.0, 0.0, 0.0, 0.0, 0.0, 0.0, 0.0, 0.0]
2022-12-11 19:15:30,088 Train INFO: mean test reward2: [91.03930628931447, 91.83273956477228, 92.36214609829297, 89.8555402303099, 89.65559928474129, 89.01345905971287, 93.49198379840466, 91.93574974141666, 97.79431351565889, 91.14574959931115, 96.26361831251782, 92.15006976691441, 94.53787166478256, 94.37062294522795, 89.91127078622209, 90.91368755322576, 92.44558575015229, 92.25861377827961, 91.43910681685276, 92.0683657100701, 90.27090735076087, 91.27353488329929, 92.2745190348243, 94.66289234293436, 92.10100430167087, 100.0788880193891, 97.88832323068569, 93.21158560300502, 88.29869963213088, 91.92743449526212, 92.94097876920158, 96.15901684644318, 90.85517846183322, 92.71159300788788, 91.87877687469458, 90.50584836356109, 97.1781686482978, 91.14719068820837, 96.0919017922311, 97.75166751714748, 92.23105471594909, 91.19633809550841, 94.11441343032898, 91.92541429018983, 88.89763705014636, 91.1058688446086, 96.61070534668978, 93.93531993704771, 94.08826385252998, 96.91701773006984]
2022-12-11 19:15:30,088 Train INFO: mean test reward3: [104.9836264438946, 106.51813106644782, 109.595905291023, 109.28378592752088, 109.28298689880548, 107.39215584694125, 110.84555151977513, 107.17544390277742, 107.1982477552082, 105.94359738575729, 109.12061080434239, 108.92991835679035, 111.44472986539499, 109.91527975691683, 110.22220362415663, 108.28560093849809, 110.73662502375957, 110.70816394258344, 106.50000826365624, 109.04623416752581, 109.58963862248196, 106.82159838366795, 108.82385207624563, 109.33153898955669, 109.46855117056175, 111.22238380169952, 105.79591786109891, 107.43625650003099, 107.57712782588798, 111.1239006562674, 106.58388056189241, 106.58357565362006, 108.93785752358413, 108.57461803137679, 109.3327368675576, 109.3250495481287, 108.5927418472707, 109.60800730813796, 105.62114619103093, 109.02269115478238, 107.26652070367662, 108.97100796997887, 108.15032742552549, 107.59818739121746, 106.85494918447715, 106.8317200838078, 108.74285862280912, 106.56507691146321, 109.9174916176102, 110.28702878654411]
2022-12-11 19:15:30,089 Train INFO: mean test reward4: [108.24989895110696, 109.39817381537982, 107.10240846642967, 104.3414787116755, 109.82451825966669, 109.60791511828933, 105.2744163207016, 109.32238879207026, 106.74672950090985, 109.75566648620395, 106.65629894114998, 107.5178718237026, 109.02997518117564, 110.62756665282483, 109.97934889677657, 103.61609997471943, 108.86035425178976, 109.18616763292066, 109.4588287084583, 104.0109095512902, 107.78566900305775, 106.7030458401766, 107.32830271426496, 106.7467450668983, 106.6232716303781, 111.2500144446288, 107.74382553301372, 106.8969308280961, 111.1378949848894, 109.93410299288708, 108.21183943453472, 109.26312265510492, 108.5841511132233, 107.99892426415113, 111.265724448008, 108.01834823741751, 107.70632428599087, 105.87345538463266, 111.84257231256271, 107.26109940058686, 105.20429629213358, 108.68672199442088, 108.65074120210852, 108.00235126781378, 109.66877002497729, 110.19188497392078, 109.03207224310498, 107.71514466451855, 111.21698010844266, 108.52560893498605]
2022-12-11 19:15:30,089 Train INFO: mean test reward: 0.0000,92.8943,108.4737,108.2727
2022-12-11 19:15:30,089 Train INFO: test seed: 2************************************
2022-12-11 20:15:45,092 Train INFO: mean test reward1: [0.0, 0.0, 0.0, 0.0, 0.0, 0.0, 0.0, 0.0, 0.0, 0.0, 0.0, 0.0, 0.0, 0.0, 0.0, 0.0, 0.0, 0.0, 0.0, 0.0, 0.0, 0.0, 0.0, 0.0, 0.0, 0.0, 0.0, 0.0, 0.0, 0.0, 0.0, 0.0, 0.0, 0.0, 0.0, 0.0, 0.0, 0.0, 0.0, 0.0, 0.0, 0.0, 0.0, 0.0, 0.0, 0.0, 0.0, 0.0, 0.0, 0.0]
2022-12-11 20:15:45,092 Train INFO: mean test reward2: [93.63877837511528, 96.57893270922874, 96.45911317618851, 98.23651166419194, 98.56061591065895, 95.947072263867, 95.84007234120006, 98.73961080568404, 100.49638995804783, 97.08007488191522, 92.88007910198303, 96.51202763359949, 102.6743730568278, 97.44483756593264, 89.10502968548292, 93.42038379414194, 95.80421637752012, 93.26100862365494, 94.05968208621042, 94.24783808377094, 92.42644857072864, 93.1682357430506, 97.43446390347953, 97.16426325312861, 90.0101930696891, 100.05158129157888, 95.55182660847942, 99.0193088922162, 95.70684906335309, 98.36281915967179, 91.98629270621666, 99.56840023047, 96.67099979254155, 97.36367730230839, 94.71539959653384, 99.86275852696124, 97.62433396233631, 96.90600525198722, 97.56980757842783, 97.2311946240656, 99.07885159385992, 92.43079083046045, 93.82372210056603, 94.50629748613267, 97.50915399579594, 94.45846823571271, 97.98071518534739, 94.44697000852616, 92.39010005167003, 100.7054715684728]
2022-12-11 20:15:45,092 Train INFO: mean test reward3: [110.60811234221538, 110.86339570243028, 109.37840744107473, 110.37640239801513, 110.92632384200978, 112.55701202188098, 112.01641782754346, 111.3936920284673, 109.24176491910765, 109.8520668154366, 112.46075481927029, 109.23378298333269, 112.74247974379323, 110.74749030322258, 112.51232533509845, 111.22472292806282, 110.27433698471633, 112.84733207992188, 112.26617126046762, 111.17989329051149, 109.85157050803232, 111.50693270883785, 111.36177376158938, 112.01862659184712, 109.71573914992565, 110.14979938159856, 109.28503172033606, 107.65534871093782, 110.52960660373503, 111.07086440299325, 109.33716071722546, 110.51882164094468, 109.74743637247764, 109.8573097320856, 109.8493793707303, 112.0308526231825, 110.58634582406154, 112.87462449932022, 109.86059145456387, 112.88348610812969, 110.5960484073484, 110.7171371124997, 111.12205859492033, 109.579309297451, 109.20223252705904, 110.83934123370472, 111.05727499941833, 112.02109678128122, 110.19605615615555, 111.35611287216301]
2022-12-11 20:15:45,092 Train INFO: mean test reward4: [112.84353073150932, 111.28631844161808, 108.71856663345278, 110.8242779386118, 112.22444905403778, 110.34337076196792, 105.92101407796864, 110.56758767615385, 111.1018753026843, 112.20243221538647, 111.63952771711038, 111.47602159727904, 112.25633741293107, 113.61832064591685, 110.69353241591394, 109.69747913236878, 110.77680631084813, 111.721664065423, 110.8285661832885, 110.35571790579628, 111.87984844751631, 110.02963418350468, 109.78203648031037, 109.82137735032474, 110.32230722364001, 113.09599832428862, 111.99428531055146, 113.00542895941074, 111.97387731165864, 110.7001362877382, 110.49431930121608, 109.42599617124696, 109.57724907020076, 112.94147216825208, 111.47856934835661, 112.01661579161656, 113.14990352183325, 109.96742558233782, 113.64997837663908, 111.28792633354797, 111.8808178335002, 109.63045832146238, 111.29425382282587, 107.72061360063549, 110.57813044494922, 113.36647339851943, 111.7781170140452, 109.54899540325677, 111.90148104928917, 112.07751704243275]
2022-12-11 20:15:45,092 Train INFO: mean test reward: 0.0000,96.1342,110.8016,111.1094
2022-12-11 20:15:45,093 Train INFO: test seed: 3************************************
2022-12-11 21:14:47,950 Train INFO: mean test reward1: [0.0, 0.0, 0.0, 0.0, 0.0, 0.0, 0.0, 0.0, 0.0, 0.0, 0.0, 0.0, 0.0, 0.0, 0.0, 0.0, 0.0, 0.0, 0.0, 0.0, 0.0, 0.0, 0.0, 0.0, 0.0, 0.0, 0.0, 0.0, 0.0, 0.0, 0.0, 0.0, 0.0, 0.0, 0.0, 0.0, 0.0, 0.0, 0.0, 0.0, 0.0, 0.0, 0.0, 0.0, 0.0, 0.0, 0.0, 0.0, 0.0, 0.0]
2022-12-11 21:14:47,950 Train INFO: mean test reward2: [88.6380002768043, 96.17474806769019, 95.32037657906662, 95.94265427109472, 93.3597177036322, 97.64055014611249, 96.61238143457673, 92.83786978793596, 101.7409364683105, 91.6008063355898, 96.52774645125896, 97.74128612414007, 95.0369952486302, 99.31746174098417, 93.27275144215693, 95.6726187305556, 93.12711200068907, 96.95826276442567, 94.99394461184474, 94.29671729745947, 94.65312430274716, 95.21148529297793, 96.84922591645584, 96.1208836346247, 93.51026860236635, 95.47742913383966, 92.16047615947261, 92.46834890666234, 92.70997673933387, 94.21732945121157, 96.19653109277417, 93.62492155404244, 89.44093541552706, 99.24244957636522, 93.50158461183712, 98.34601078989856, 93.45218706888515, 94.39641654736246, 94.70924343239491, 96.01465919536012, 94.84877549127843, 92.99872772773259, 96.91725479297263, 97.7854616281634, 92.79342358873846, 92.4172006301616, 98.01103714250505, 93.85968269903152, 96.7164388176044, 96.05346414789742]
2022-12-11 21:14:47,950 Train INFO: mean test reward3: [108.33097507697464, 109.62437803075981, 109.7515780092597, 111.48008930252038, 110.12600474916462, 109.91871567166264, 109.94208349043957, 111.71137145262414, 108.68128352191096, 111.4391102420428, 111.45456872153899, 111.34786699577691, 112.58023673603793, 111.12705569673986, 109.98487952786994, 109.5907005606644, 108.61704579783249, 111.2311144243473, 110.52341758043966, 111.13736952852305, 110.79423192770736, 111.45640173482309, 109.16690733362255, 111.73941523475982, 110.92227217309969, 111.17497598088347, 111.99019164275174, 110.28578574755218, 110.80517754998614, 111.61968455293743, 108.7875410492216, 110.45122980232077, 108.51331464435523, 111.22181983878826, 108.3908487723199, 111.38244400770944, 111.9496900084249, 112.87462449932023, 109.53516398630809, 110.90738424278722, 107.18509081572977, 109.41547951629322, 111.51733552789308, 109.84963207387456, 107.66798673118642, 110.80861346473195, 109.6015567642734, 111.12137371788768, 110.7672743697072, 110.58888444115597]
2022-12-11 21:14:47,950 Train INFO: mean test reward4: [109.65077463230776, 109.75126784417472, 108.99523776015508, 110.82427793861179, 109.54136236723464, 109.55176841901314, 107.37823635559138, 110.91736259119087, 110.6324763531964, 110.87740721457044, 110.54961999344451, 110.62476718518855, 108.83325807500123, 111.66358218583599, 108.95806697805442, 105.43752608879366, 112.77786514347693, 111.00331900089199, 108.77125140313001, 108.02061373292776, 112.79636764435736, 108.66738881776331, 110.31526807953722, 112.51705664526058, 110.57863547046784, 110.51994309111409, 110.61914283430168, 111.20126914949044, 110.59063382992866, 111.1754008647913, 109.73650723717492, 110.7072531027809, 111.02966003481882, 110.70100030724352, 110.88235706437557, 109.57031308294644, 106.66558063020409, 110.94703957283465, 109.6245201600433, 108.35403424082898, 106.94681547668625, 111.16675492525972, 109.63382931520545, 106.82069874757036, 111.71698511168526, 112.74141851779407, 110.89858494369551, 111.96767253240515, 111.87428740009169, 111.63665576527586]
2022-12-11 21:14:47,950 Train INFO: mean test reward: 0.0000,95.0304,110.4218,110.1473
2022-12-11 21:14:47,951 Train INFO: test seed: 4************************************
2022-12-11 22:12:17,170 Train INFO: mean test reward1: [0.0, 0.0, 0.0, 0.0, 0.0, 0.0, 0.0, 0.0, 0.0, 0.0, 0.0, 0.0, 0.0, 0.0, 0.0, 0.0, 0.0, 0.0, 0.0, 0.0, 0.0, 0.0, 0.0, 0.0, 0.0, 0.0, 0.0, 0.0, 0.0, 0.0, 0.0, 0.0, 0.0, 0.0, 0.0, 0.0, 0.0, 0.0, 0.0, 0.0, 0.0, 0.0, 0.0, 0.0, 0.0, 0.0, 0.0, 0.0, 0.0, 0.0]
2022-12-11 22:12:17,170 Train INFO: mean test reward2: [92.59086725617861, 88.98923457312675, 94.72357092156501, 91.06579591621957, 90.88548379332205, 92.00997897147727, 90.8991239375601, 92.65576062732407, 94.19451338079186, 95.40542484985761, 94.14585592013435, 90.63660219881415, 91.31806822095497, 94.53009388616633, 90.1909786085119, 87.36608324563083, 95.75509631479785, 91.44173052046139, 92.46177073698689, 89.08642843696423, 92.07527456231965, 93.24201506268963, 95.90863528379649, 99.67370232585728, 91.66670598097417, 98.92860635109263, 95.85871035065183, 92.02805586705902, 89.05052650850918, 91.36475439649757, 93.73022942510889, 92.1727061454078, 91.1345901434477, 90.35725992854651, 98.18301777335768, 92.25125234029937, 93.95165507774625, 93.273625548197, 89.60758382778059, 90.51755331337071, 96.34345777119103, 93.00559914189233, 93.67232077734906, 95.34868973848936, 92.55499084628867, 94.52276476708568, 91.87367438254222, 91.69841066797453, 94.38769768886725, 96.1511777758187]
2022-12-11 22:12:17,170 Train INFO: mean test reward3: [106.90457065164101, 107.91685663186995, 107.07704009861213, 105.41794208516218, 108.03946606561675, 109.10212600866679, 108.33330653951356, 109.85824491762926, 106.58530720340292, 104.98412495125348, 108.58743676331105, 109.60015939201446, 111.55091216991646, 107.80375752719297, 108.35638594183905, 105.74095648233244, 105.72527332300108, 108.14947450841265, 109.35979297428133, 107.61652046325538, 105.28820696596993, 109.21669541891657, 108.94402425532228, 108.91702040122703, 109.40628763730317, 110.20925774955542, 110.30922299475208, 105.61673236808511, 108.36545620542849, 110.04581332093996, 107.27398734697539, 111.18505456208415, 108.6166978717829, 106.85016991760226, 103.76668258158537, 109.02263341639265, 110.27758825593014, 111.73646485990018, 104.43556009076117, 109.95080199462903, 109.10115227511179, 108.99580110563677, 109.009741034385, 110.21616167797372, 107.9543256136253, 109.64535132115033, 107.64028293440731, 107.10483597342942, 110.04144800961603, 109.87475327642731]
2022-12-11 22:12:17,170 Train INFO: mean test reward4: [106.40667812610153, 109.72360275668228, 106.62030033901303, 106.27400173274697, 108.4047096873415, 106.2246731194505, 105.28725147127476, 107.67941447598409, 107.45665451207631, 105.92401455836229, 107.72396047413523, 107.99728639864573, 108.1305387655465, 109.76100768211525, 107.46861207236411, 108.37533666346314, 107.37871354101021, 110.45065074921713, 107.86514403169764, 106.33505694879747, 109.16998378580489, 107.31891280475318, 107.43303495433253, 107.79095723782574, 108.88183830189718, 108.80387668531675, 109.7435248062302, 107.78439059615884, 108.38884159088582, 105.45686626280946, 106.49223132580018, 109.93805605309448, 109.2820282785006, 111.76113446732857, 108.6485467898599, 108.58001911729308, 108.58443331159611, 110.01307579914354, 108.56868352993965, 104.96453048377114, 106.60242968606815, 108.43117484670024, 107.4064795884418, 106.12047145213894, 103.81848107347193, 105.62984655142954, 107.66342046116534, 108.0428730962881, 105.75557932892328, 109.45035564840532]
2022-12-11 22:12:17,171 Train INFO: mean test reward: 0.0000,92.8978,108.3146,107.7603
2022-12-11 22:12:17,171 Train INFO: test seed: 5************************************
2022-12-11 23:13:59,073 Train INFO: mean test reward1: [0.0, 0.0, 0.0, 0.0, 0.0, 0.0, 0.0, 0.0, 0.0, 0.0, 0.0, 0.0, 0.0, 0.0, 0.0, 0.0, 0.0, 0.0, 0.0, 0.0, 0.0, 0.0, 0.0, 0.0, 0.0, 0.0, 0.0, 0.0, 0.0, 0.0, 0.0, 0.0, 0.0, 0.0, 0.0, 0.0, 0.0, 0.0, 0.0, 0.0, 0.0, 0.0, 0.0, 0.0, 0.0, 0.0, 0.0, 0.0, 0.0, 0.0]
2022-12-11 23:13:59,074 Train INFO: mean test reward2: [92.41924634255048, 91.28786007002924, 100.14360651204798, 95.50589276920432, 97.20046837258016, 97.57755876804607, 96.3113702521033, 97.84812059987692, 99.26830359461935, 93.86545962269025, 97.15531042762123, 90.90125721136533, 94.62387083781196, 99.05310927534323, 94.6643604921736, 94.13087057642929, 96.04308985969709, 94.29937467100477, 95.55984026329821, 100.36372881036085, 97.80633145748648, 98.15499277272198, 93.32562362346397, 95.78232718388492, 90.96148244757161, 95.00697122967519, 95.34649880343733, 99.13546214604797, 100.0246006648471, 97.95288775502479, 98.13828647975994, 100.1882854046024, 99.56027601383363, 95.80141912132441, 94.96102214144331, 94.53860194796219, 100.02680061671505, 94.92439720542524, 97.94246093310923, 96.22359235574918, 96.89842425016455, 93.55114240332568, 92.75157747353111, 94.20840059683691, 92.98116288470978, 94.28492543279957, 93.85226688287463, 97.67615358949068, 99.54725034517861, 95.03515707099666]
2022-12-11 23:13:59,074 Train INFO: mean test reward3: [111.51620760207057, 111.9287734686875, 113.3613134961131, 110.49572320056923, 112.22558885664655, 112.84567690240694, 111.77698419943187, 112.21742596532926, 110.59627903551953, 111.44838513527553, 111.14518219970641, 113.16078630699587, 113.64997837663904, 112.31604850747478, 112.61559617316333, 112.0071429343107, 112.79212215216941, 112.85551575855091, 105.39513465850423, 112.87462449932025, 113.89562084478298, 111.86477333083975, 109.98222675909285, 110.92283613601094, 112.08845952713028, 113.89562084478301, 111.8152940114169, 108.68194120775257, 108.82385207624561, 110.2781522188414, 111.3744797739232, 113.4043359084951, 109.21130782633678, 107.91480239863382, 112.283822787795, 112.53149144089959, 112.81076476729083, 109.91316096766617, 109.55636483513756, 112.38777656464775, 111.87993413464598, 112.85846613341056, 113.6608611618017, 108.99086462608949, 112.00727920716788, 112.60680625464543, 108.38522907753351, 111.45321016754536, 111.72984774405202, 112.57967277312667]
2022-12-11 23:13:59,074 Train INFO: mean test reward4: [108.838964724735, 108.52796195527004, 110.69832568610924, 111.13646537768369, 109.58348736586008, 114.13038052776434, 108.21996191700353, 113.89562084478304, 113.06063888716324, 110.61684631992193, 112.04422127013515, 112.10444346299288, 111.52268601652928, 112.48815633393237, 112.40625061379089, 110.18441708259122, 111.01387286620138, 113.60066911858948, 111.11866570189407, 107.5059556713803, 111.05980790072111, 109.62060179334702, 109.86359964678589, 110.62963654153471, 109.98075841344868, 113.43381008013283, 113.3457517572128, 113.97495870952956, 113.3726781777729, 109.6310044264067, 112.51963140840243, 109.7005233543568, 112.92611550960925, 112.48379102260847, 113.88473805962042, 113.11567102796919, 109.13888031885413, 110.27200699625912, 111.34457599091682, 111.59215295297427, 112.5890983448474, 111.13875900439473, 111.71182520927898, 110.09686427431863, 111.23071171641841, 109.45193300029587, 109.51656714589988, 111.07635397653674, 111.07406034982569, 110.17490712355432]
2022-12-11 23:13:59,074 Train INFO: mean test reward: 0.0000,96.0962,111.5403,111.2530
2022-12-11 23:13:59,074 Train INFO: test seed: 6************************************
2022-12-12 00:15:31,341 Train INFO: mean test reward1: [0.0, 0.0, 0.0, 0.0, 0.0, 0.0, 0.0, 0.0, 0.0, 0.0, 0.0, 0.0, 0.0, 0.0, 0.0, 0.0, 0.0, 0.0, 0.0, 0.0, 0.0, 0.0, 0.0, 0.0, 0.0, 0.0, 0.0, 0.0, 0.0, 0.0, 0.0, 0.0, 0.0, 0.0, 0.0, 0.0, 0.0, 0.0, 0.0, 0.0, 0.0, 0.0, 0.0, 0.0, 0.0, 0.0, 0.0, 0.0, 0.0, 0.0]
2022-12-12 00:15:31,342 Train INFO: mean test reward2: [95.59917150492915, 94.90376333778741, 97.98555960551538, 97.31051762874564, 91.32578185385142, 97.31550947384105, 98.02760803256749, 95.85815674494961, 96.019924631385, 96.25387095898226, 95.39133167192165, 99.08715601155343, 94.28572437891492, 96.36635598015577, 93.98530521878025, 96.96414008950305, 92.59742301856963, 98.67323477668391, 94.22711676357315, 99.54196512036143, 92.44795728569092, 95.528063439471, 103.63967038128432, 97.11600598157341, 90.8374099969045, 94.99767373097285, 92.82782068976023, 95.56473180022394, 93.52829390822738, 98.38915153940009, 100.98237311109011, 95.1333426351738, 96.09395257761702, 97.23435137912726, 98.39751232175088, 96.39982248620761, 94.80168595614964, 89.32910827547965, 97.5166244288694, 100.20033752711711, 95.48661916225828, 95.5203175063895, 93.7102150918519, 94.82684739796771, 90.24297464199253, 93.528936747505, 94.86500380854228, 95.76085108502845, 96.81772148161248, 97.15617026317982]
2022-12-12 00:15:31,342 Train INFO: mean test reward3: [110.54552887844731, 107.64434744511507, 112.45849381700498, 109.78627067133031, 112.32636831228729, 111.7349236496544, 110.07273974150009, 109.96802259162497, 110.2746201758657, 108.27611107293191, 109.59864083410552, 111.48819957978628, 111.45789509431243, 110.79819587227973, 112.52502680828545, 112.31136955373705, 111.51677156498178, 111.79900103808315, 110.58017351083448, 111.75411638722758, 112.16466819367575, 112.8653496060875, 112.22547914259685, 112.81443245610795, 109.64636373197112, 111.43138726692088, 113.11499138671715, 109.97754780535513, 111.39484593656911, 112.76568716096963, 109.60356674930617, 110.40244759087815, 110.78698321943524, 107.90159821879048, 108.2247820755091, 110.55584271023055, 112.85846613341056, 112.81499641901922, 110.6493372855574, 111.74895648482129, 110.14967420430297, 110.83982218237325, 112.34345587670344, 111.29370097429693, 111.13582831827726, 110.57969256216595, 110.13586836236512, 110.6491066573863, 109.56101520156234, 111.97564269543001]
2022-12-12 00:15:31,342 Train INFO: mean test reward4: [109.96467767836445, 111.98912540814517, 109.99548954951956, 108.757305800925, 111.54302464687412, 110.25871826728753, 105.74025310206706, 110.12160183618116, 112.97861225290029, 112.83474081299136, 110.2022293674584, 110.80281442110311, 108.3528666539573, 110.1802801327704, 109.05853100543392, 108.29850705906887, 112.70063837707318, 110.62000685380697, 111.34457599091684, 111.61160113933718, 110.87475093530017, 109.10084043952556, 111.67186983265859, 111.88390707317828, 110.09302120394153, 112.64507034480104, 109.07481499412775, 112.4551938730023, 110.00433966687557, 109.97623125765541, 110.86059478602324, 112.39939518918644, 111.52836255284312, 113.89562084478304, 111.56750247124468, 112.01661579161654, 111.28792633354794, 110.93575999022482, 113.60123308150075, 111.99428531055146, 109.37483003786419, 111.98532405973253, 112.74246244681272, 110.93507807683633, 111.50077465212611, 111.11216689755177, 109.91230317589107, 110.28518340813278, 111.57028375162402, 112.85655968756959]
2022-12-12 00:15:31,342 Train INFO: mean test reward: 0.0000,95.8120,110.9906,110.9500
2022-12-12 00:15:31,342 Train INFO: test seed: 7************************************
2022-12-12 01:15:56,995 Train INFO: mean test reward1: [0.0, 0.0, 0.0, 0.0, 0.0, 0.0, 0.0, 0.0, 0.0, 0.0, 0.0, 0.0, 0.0, 0.0, 0.0, 0.0, 0.0, 0.0, 0.0, 0.0, 0.0, 0.0, 0.0, 0.0, 0.0, 0.0, 0.0, 0.0, 0.0, 0.0, 0.0, 0.0, 0.0, 0.0, 0.0, 0.0, 0.0, 0.0, 0.0, 0.0, 0.0, 0.0, 0.0, 0.0, 0.0, 0.0, 0.0, 0.0, 0.0, 0.0]
2022-12-12 01:15:56,995 Train INFO: mean test reward2: [96.07149867317067, 96.19591237431219, 91.77777652393883, 100.51358009194651, 97.5254512379849, 91.90105782447546, 97.00623500329807, 96.6639708928889, 99.3822735012227, 95.82747733700181, 96.13261494097114, 92.59867386938699, 96.45648208948677, 99.45093499051586, 97.42344055465192, 96.97752935854137, 96.4890846695759, 95.86693564568803, 97.54186446391473, 95.65390948914848, 93.38239631350096, 97.79491719681403, 98.56454294911391, 95.60521675226153, 93.32286067437653, 96.06896617056368, 93.72233331793646, 98.48009703246227, 93.63846622623362, 93.92145697466017, 96.26708478696445, 96.51942832521101, 92.4862792993333, 97.46664541356903, 98.98809855502988, 98.5622673641736, 94.9641541512682, 97.58534284228571, 100.6270238446477, 96.86493377876052, 95.08977127800779, 94.45950802131982, 93.08011004698852, 99.1796894825177, 95.78599018567186, 99.30276151295266, 96.22706611358441, 93.55641047806643, 98.71976021517277, 98.68810763658381]
2022-12-12 01:15:56,996 Train INFO: mean test reward3: [109.16876944437631, 110.49052454875107, 111.07586061569799, 111.96636780219724, 110.57156624856871, 110.81264544131571, 111.46703371468804, 112.26617126046762, 110.15652850066705, 111.39484593656913, 111.74016656630339, 113.83599276448203, 113.58519039393181, 112.05693716707513, 110.19067682564992, 110.88005998334751, 110.844501136111, 110.77502654245345, 107.94393843309335, 110.82958660235636, 111.17320991431701, 111.49178721137851, 108.99556776013372, 112.01168651738139, 110.970337826986, 112.57039787989393, 111.46300173810425, 107.72447563101552, 111.49888940948334, 112.82587920418189, 111.12397436563867, 110.0223815458244, 113.16957622551378, 109.90771573735735, 112.32875472423565, 111.35302689818319, 112.0386652943659, 112.58023673603792, 111.98630130706707, 111.21310890846678, 109.61009560476774, 113.13140102095284, 113.41521869365775, 109.35197596868882, 111.45409374589981, 111.48524920492667, 109.74570169234013, 113.1695762255138, 111.97620665834125, 110.5860010442077]
2022-12-12 01:15:56,996 Train INFO: mean test reward4: [110.46962146796506, 110.3971704852644, 112.87696863429096, 110.94236061909695, 111.05639300688803, 110.74733213921044, 110.85916517881753, 112.55701202188101, 112.55128913912465, 111.80662734708721, 111.833922038622, 109.01578259939245, 109.40657090966431, 113.06063888716321, 112.838370829103, 108.78684487807278, 111.37955723932004, 110.63704351608483, 113.01318878936954, 107.42532455733016, 111.64412365660542, 111.59781839277414, 108.98222302302983, 110.87088036764942, 111.880421036053, 111.86935812585658, 110.46229069848131, 111.82434559239343, 110.45535783909952, 113.35043071095052, 110.6428129534084, 112.25137547459789, 112.88785141945363, 110.66382526071418, 111.2438096653753, 111.7709733234726, 111.3513447330816, 110.87251820823155, 111.34021067959294, 111.46157698125208, 111.89170061866284, 110.80798042755897, 113.64118845812115, 109.932082345707, 113.10115822669492, 111.92513201652031, 111.22946584011862, 109.14249916281248, 111.5480362848016, 112.65762892426096]
2022-12-12 01:15:56,996 Train INFO: mean test reward: 0.0000,96.3276,111.2485,111.2992
2022-12-12 01:15:56,996 Train INFO: test seed: 8************************************
2022-12-12 02:12:01,092 Train INFO: mean test reward1: [0.0, 0.0, 0.0, 0.0, 0.0, 0.0, 0.0, 0.0, 0.0, 0.0, 0.0, 0.0, 0.0, 0.0, 0.0, 0.0, 0.0, 0.0, 0.0, 0.0, 0.0, 0.0, 0.0, 0.0, 0.0, 0.0, 0.0, 0.0, 0.0, 0.0, 0.0, 0.0, 0.0, 0.0, 0.0, 0.0, 0.0, 0.0, 0.0, 0.0, 0.0, 0.0, 0.0, 0.0, 0.0, 0.0, 0.0, 0.0, 0.0, 0.0]
2022-12-12 02:12:01,093 Train INFO: mean test reward2: [92.14189665469905, 87.60877598996666, 91.50974639131587, 92.31463386513907, 87.4709000252333, 92.3593516956593, 92.01636052021382, 94.3414330604703, 92.7211398316663, 91.06286408573703, 90.82353526271069, 94.47401633935121, 91.42574544523202, 92.67247378188614, 87.38618307117746, 86.38413176391661, 89.33074829887687, 89.8910323323491, 93.16966616626458, 87.94894039924891, 89.63110679451329, 91.27759684794702, 92.5377493607947, 93.6565855313006, 88.03150527970934, 92.50154788284794, 87.5239973206774, 89.90467642230264, 90.50652048790323, 91.72457011353544, 92.89553324372831, 92.71427926581943, 88.91289225166607, 96.9194145331942, 91.19313973325636, 92.17390447323362, 94.57329843642688, 91.13465568173764, 89.74453460136279, 95.71692554616405, 90.96435703151586, 89.23450258227717, 89.45905308089937, 92.14870074586867, 89.82909666602703, 94.11440247355277, 95.80380926644632, 90.60547894375654, 91.91112167744465, 94.94435505895628]
2022-12-12 02:12:01,093 Train INFO: mean test reward3: [105.38163261875026, 106.55154705088526, 109.89952076310955, 103.7764760486294, 108.03609117887882, 107.73367156135569, 110.13253902273136, 106.85845683994866, 106.05878004770405, 105.92219575455957, 106.77226981487058, 105.99227844749113, 107.9866552388234, 106.25856566751371, 106.12768562811853, 108.09043708712599, 107.30518705699177, 108.62560872312133, 109.8637750493471, 107.95998678476202, 109.28541200305564, 104.9659571599734, 107.24872774216726, 107.99275323922653, 109.66425022187876, 110.24305913854477, 109.60416023468512, 102.84379042430902, 107.28324208922702, 108.96792199599905, 107.89624373403828, 108.33074001117049, 105.47081303127153, 107.27314343009483, 106.20694885882874, 109.00048281319778, 107.26596718513463, 109.64799578375134, 105.39848561999133, 107.22707088924105, 107.93240204487243, 103.73868246716503, 109.64569962494403, 109.10212600866679, 106.57257789856962, 105.65280370893574, 104.85370193948664, 105.38163105813818, 107.21817344142006, 107.60502797918457]
2022-12-12 02:12:01,093 Train INFO: mean test reward4: [102.17544168233488, 107.3981287273637, 107.13390594369721, 104.9300194692329, 108.1533916335655, 107.93149962724308, 102.884500412806, 106.30844374945275, 104.25781608417344, 105.41885155245959, 105.07884853139936, 105.09072427247077, 106.05885442806067, 107.50324656178337, 105.46814259497664, 102.28949652829562, 107.75380102530993, 105.15858390252018, 107.50490628764335, 107.11600988249494, 108.16811650753388, 106.20214312662215, 103.75141647828676, 107.87486501121013, 105.67434478444773, 106.82992672177139, 103.31634256795378, 108.03757018302903, 108.44334502178715, 105.92098526098897, 106.96210983622841, 109.11474941080854, 109.33671178053, 107.95053398954487, 109.37791938931176, 105.42395291705488, 107.34129962956277, 105.55794609832206, 106.84321662153192, 104.8550079273763, 108.56408265277251, 102.55100089646756, 106.59535662883528, 106.36816002391267, 107.9814154145214, 104.66608690314021, 105.6774639520981, 104.1701334214207, 108.37074816622116, 107.93960810090597]
2022-12-12 02:12:01,093 Train INFO: mean test reward: 0.0000,91.3869,107.2971,106.3096
2022-12-12 02:12:01,093 Train INFO: test seed: 9************************************
2022-12-12 03:11:51,232 Train INFO: mean test reward1: [0.0, 0.0, 0.0, 0.0, 0.0, 0.0, 0.0, 0.0, 0.0, 0.0, 0.0, 0.0, 0.0, 0.0, 0.0, 0.0, 0.0, 0.0, 0.0, 0.0, 0.0, 0.0, 0.0, 0.0, 0.0, 0.0, 0.0, 0.0, 0.0, 0.0, 0.0, 0.0, 0.0, 0.0, 0.0, 0.0, 0.0, 0.0, 0.0, 0.0, 0.0, 0.0, 0.0, 0.0, 0.0, 0.0, 0.0, 0.0, 0.0, 0.0]
2022-12-12 03:11:51,232 Train INFO: mean test reward2: [95.27656109809433, 95.64366068145884, 98.8398402473955, 97.43049675916147, 99.21212778932968, 94.88814102131713, 95.789115739253, 96.58063516702704, 99.33170245009708, 93.31002292839841, 98.24974802205037, 97.66119540292397, 96.41746985404369, 97.86861673912564, 97.91009711603509, 96.63978698744761, 91.40522044348039, 97.2255349543253, 93.33043855468466, 99.40680722047291, 96.33439778555379, 94.07978236491988, 98.33037430711134, 100.2602925137724, 93.00370774748053, 97.92816460708991, 96.14673326536446, 98.79831090118589, 95.43212077058236, 97.29457862060083, 103.02151219310363, 101.00809929557056, 101.51328413390291, 100.38710031788501, 96.95903787698836, 101.02893143926367, 91.95210889435586, 93.63765843277228, 96.11689700392623, 94.71828281564196, 97.44506787269138, 100.25473301990618, 99.36713518690179, 97.00506653954601, 97.00959617145035, 99.91188519814868, 95.88270971614857, 93.32574952802679, 96.14108793412598, 98.25750018343707]
2022-12-12 03:11:51,232 Train INFO: mean test reward3: [111.7619854408816, 110.76541831448058, 111.98057744174949, 112.75753921099823, 112.87518846223148, 112.84616187712176, 112.8746244993202, 111.18618248790666, 110.2381685415754, 111.37619735715661, 110.10779261807099, 110.47589003547192, 113.34414386528287, 112.0882288989592, 110.66207923097596, 111.3673122165794, 109.04567020461454, 113.6390955914764, 110.9658586243234, 111.30694247056756, 112.35208461505702, 112.33829597429717, 112.34725722511607, 112.02262666757582, 112.83208398343537, 110.0504922746777, 110.14521275376931, 109.80902415871577, 113.10059426378362, 110.14530095839675, 110.76279288082203, 112.34345587670344, 111.06393295368814, 111.33176695516262, 112.66071145219001, 111.77698419943188, 113.66086116180168, 109.91095660864583, 110.91299727986694, 111.1198069884677, 111.43700618148368, 111.81988995091193, 113.6608611618017, 111.41044487805601, 111.60998129591363, 108.11606087702401, 111.7769841994319, 112.28012510743807, 110.53350686112354, 110.75701754078582]
2022-12-12 03:11:51,232 Train INFO: mean test reward4: [110.67333521975107, 112.57274201486467, 109.67326545518168, 108.91459979686167, 110.49713699151272, 112.10880877431677, 111.27447650482316, 109.7464318185339, 112.79551667080433, 110.0988049991185, 112.01235854530515, 109.17494150919562, 109.15383275352252, 112.26722019809372, 112.00677693547256, 110.12422503937897, 109.64597303578334, 111.00054797293207, 111.02910058748971, 110.99243621572937, 112.66943915640111, 111.28019938757951, 108.72471215209313, 111.80458215489047, 111.58546930985943, 108.97525771539559, 110.6429184276565, 111.32932789443032, 113.10478824280655, 113.36647339851942, 110.22100592519224, 112.85551575855095, 111.77811701404521, 110.84883497494334, 108.92460216020461, 112.27189915183145, 112.42826745244216, 110.56846075012632, 107.55868412566197, 111.56522653241414, 113.06063888716322, 112.50197988107504, 112.17394477982997, 109.72777867123122, 112.75641226773693, 111.82223368221786, 112.37729535966504, 113.31225550638953, 111.92513201652032, 112.75641226773693]
2022-12-12 03:11:51,232 Train INFO: mean test reward: 0.0000,97.0994,111.5151,111.2136
2022-12-12 03:11:51,233 Train INFO: test seed: 10************************************
2022-12-12 03:46:27,653 Train INFO: mean test reward1: [0.0, 0.0, 0.0, 0.0, 0.0, 0.0, 0.0, 0.0, 0.0, 0.0, 0.0, 0.0, 0.0, 0.0, 0.0, 0.0, 0.0, 0.0, 0.0, 0.0, 0.0, 0.0, 0.0, 0.0, 0.0, 0.0, 0.0, 0.0, 0.0, 0.0, 0.0, 0.0, 0.0, 0.0, 0.0, 0.0, 0.0, 0.0, 0.0, 0.0, 0.0, 0.0, 0.0, 0.0, 0.0, 0.0, 0.0, 0.0, 0.0, 0.0]
2022-12-12 03:46:27,653 Train INFO: mean test reward2: [84.96041653152223, 86.8230708122667, 94.47030617610281, 86.34096596989222, 87.05303322060189, 88.87161123909353, 89.67819080125957, 92.85199752460953, 94.48231839077633, 90.68135216893704, 94.9495200099235, 93.82719617768525, 92.8714905096841, 93.68091177285332, 87.87694318115166, 90.08836812522509, 89.59089469545393, 93.99275412473924, 90.01707223743672, 88.28340047875855, 88.988833653423, 88.89275376217728, 92.11049596870792, 89.22402719675594, 86.0237962454992, 94.53942152729068, 89.9805126811241, 94.1632755268575, 92.4720945084373, 89.78731871632519, 91.94234834257674, 93.07939578488336, 94.96141206199482, 92.31548311730029, 91.59217085892537, 92.0765871470317, 85.56038835863046, 89.10777031280236, 91.78671057975302, 95.20622954488626, 91.59537970746426, 89.64101256280402, 93.82135636697093, 90.97777663335894, 88.70792579428831, 91.25342139350505, 96.02955243761342, 93.72392375160008, 92.09693815683433, 91.40844506900942]
2022-12-12 03:46:27,653 Train INFO: mean test reward3: [104.01354122345026, 107.35906416571368, 105.6294896617592, 104.51304868396538, 109.19786064818109, 108.68455462221367, 107.94918918483467, 107.10005929130018, 106.83018184929567, 107.18580620106611, 109.00794795070406, 109.11110084530547, 109.17401373019166, 107.72046941238484, 108.0168369651138, 107.59750054518159, 106.49471188324124, 108.26797917784577, 108.31480170344011, 107.95372855493714, 106.38481496225461, 108.63453964692293, 106.51038224219846, 107.90724666628165, 107.16042162648888, 110.55011337282866, 108.60269041746437, 107.74145348138198, 107.3590641657137, 106.6589165415332, 104.97061940072727, 105.68091995489155, 105.73278624095664, 106.89126021150115, 103.79607104593748, 107.27227941058955, 107.51805117176447, 109.63782750648923, 105.90258279642651, 109.21537523038269, 101.98578393742332, 107.59787138638195, 108.51251906025024, 108.56049470422761, 106.83660696124751, 106.3920530958961, 108.33716399622757, 106.3382970171914, 107.24480804181371, 108.98652621240403]
2022-12-12 03:46:27,653 Train INFO: mean test reward4: [106.15224184803581, 108.11083548879775, 103.58686564094093, 109.0117381875869, 107.28677472725455, 105.5289345566738, 103.8196039854284, 102.85411652076716, 102.05424012751247, 103.75307701664707, 106.66801070803515, 107.31629305945242, 105.00160397850678, 107.24398333847236, 107.92371322648422, 104.3460417312783, 107.60508273617371, 109.3128933884317, 107.40171383960072, 105.50302679450988, 109.59034451028414, 106.83772503561387, 105.70110694761588, 104.81362268796319, 103.80849753040567, 106.4510672160563, 106.70828551295662, 110.2676083542299, 106.94411820136897, 105.81428149458311, 110.04988533352643, 110.3830103251946, 106.12283948463735, 107.74205440052015, 108.99228096241116, 107.23448662244057, 104.75678925697132, 106.06107621841763, 108.8031051240361, 104.38244964989222, 107.65952132058212, 105.18150345996719, 105.9331421926863, 105.44242685654977, 107.11589066653052, 104.2654433193495, 103.59481718268157, 108.86406148535224, 107.73039402508275, 108.11503457782399]
2022-12-12 03:46:27,653 Train INFO: mean test reward: 0.0000,91.0892,107.3008,106.5170
2022-12-12 03:46:27,653 Train INFO: test seed: 11************************************
2022-12-12 04:20:54,295 Train INFO: mean test reward1: [0.0, 0.0, 0.0, 0.0, 0.0, 0.0, 0.0, 0.0, 0.0, 0.0, 0.0, 0.0, 0.0, 0.0, 0.0, 0.0, 0.0, 0.0, 0.0, 0.0, 0.0, 0.0, 0.0, 0.0, 0.0, 0.0, 0.0, 0.0, 0.0, 0.0, 0.0, 0.0, 0.0, 0.0, 0.0, 0.0, 0.0, 0.0, 0.0, 0.0, 0.0, 0.0, 0.0, 0.0, 0.0, 0.0, 0.0, 0.0, 0.0, 0.0]
2022-12-12 04:20:54,296 Train INFO: mean test reward2: [89.6544045646654, 92.25182755178898, 92.41027965447176, 95.07687239175044, 93.45421964258547, 87.08531258344821, 90.33952361116677, 95.77251603789537, 96.36121347690192, 90.89658075868607, 91.96415825948719, 94.78123100639245, 90.04553809270669, 90.977107224005, 89.60206097013625, 88.5462366328121, 92.54146916784912, 92.11542576989905, 94.24128424709654, 91.32404088492383, 88.16924499376356, 88.44723961848591, 92.0998749819543, 95.13931186606928, 91.35190932986698, 92.6980349058073, 90.94832096769426, 93.41575600780301, 91.8705509601643, 92.09532355045009, 96.45960380011002, 87.76464292843666, 90.67621212227358, 90.91645823605499, 92.53454328192298, 90.866182489402, 93.13338035317821, 95.84985861504447, 90.39274514293807, 90.29255487070427, 91.79695023311838, 88.59288666126487, 92.10577013412207, 94.36730134745412, 89.53632497567534, 94.92953559965771, 96.88404957397658, 88.6879193756802, 91.31283607776467, 93.6265231141336]
2022-12-12 04:20:54,296 Train INFO: mean test reward3: [104.09525349363484, 108.49279212644923, 107.59370821504822, 105.01179003874589, 109.11880380243919, 109.35046078695213, 107.32071107098233, 108.71478930819141, 105.17061317466943, 105.95249855122816, 106.1441067573913, 110.22773095887635, 110.88073358734387, 109.89762453688283, 106.41554557347433, 106.88310547413575, 109.98836039505412, 109.70527134008051, 110.81768442960053, 109.51058185217927, 108.74419640679714, 110.22642832821424, 107.82328198190322, 108.334268953641, 110.04088404670479, 108.97248530466204, 105.17699168520133, 104.84429753166896, 107.24615255760922, 109.43318522284083, 108.99580110563679, 108.39365289605668, 106.19245401964785, 107.66148378323678, 105.77318414405468, 110.38156230042141, 108.03506742358746, 109.28644280379808, 102.85214062747261, 108.60763395947394, 107.12411059946486, 106.82337628026131, 110.21461038025409, 109.08503844425069, 108.60906690327901, 106.48878942339454, 106.49938646778409, 107.653451928996, 108.66417531993397, 109.11133591110965]
2022-12-12 04:20:54,296 Train INFO: mean test reward4: [103.80423531456844, 107.80683859618448, 105.31099007247263, 103.93084221923974, 107.497300810275, 110.37573859591004, 100.9343571571409, 107.80904086028428, 104.92324299452231, 107.57298931547066, 107.99268870938164, 103.03171229154843, 104.12988145440569, 109.52886785591323, 106.56787760889704, 104.81041986786956, 108.17086327712886, 107.47772027410582, 107.18898558860994, 106.16351307839821, 105.98584648640131, 105.2744634709629, 105.94565155493805, 107.4829976063818, 105.79637484858607, 110.83755044460733, 103.75408693727064, 106.57375629270672, 107.41137808283362, 106.12672963290348, 107.02017282903518, 110.03954093998881, 106.5551190835806, 110.42681705445881, 110.371203851778, 105.9280380031609, 108.10722418581335, 104.77835614106334, 109.99653764422455, 103.71953106437566, 108.32615069354244, 107.07032553654926, 107.68595596755786, 109.0832388126509, 108.11617041771541, 106.89843250444562, 108.53122653380736, 105.73198287481246, 108.71119439041037, 108.41543059263365]
2022-12-12 04:20:54,296 Train INFO: mean test reward: 0.0000,91.9281,107.9717,106.9146
2022-12-12 04:20:54,296 Train INFO: test seed: 12************************************
2022-12-12 04:55:37,374 Train INFO: mean test reward1: [0.0, 0.0, 0.0, 0.0, 0.0, 0.0, 0.0, 0.0, 0.0, 0.0, 0.0, 0.0, 0.0, 0.0, 0.0, 0.0, 0.0, 0.0, 0.0, 0.0, 0.0, 0.0, 0.0, 0.0, 0.0, 0.0, 0.0, 0.0, 0.0, 0.0, 0.0, 0.0, 0.0, 0.0, 0.0, 0.0, 0.0, 0.0, 0.0, 0.0, 0.0, 0.0, 0.0, 0.0, 0.0, 0.0, 0.0, 0.0, 0.0, 0.0]
2022-12-12 04:55:37,374 Train INFO: mean test reward2: [89.62739018396762, 91.18347360061476, 93.38848413515771, 89.89401424672232, 89.14403093714711, 91.13352908322841, 90.7696000157451, 89.69867384984104, 98.31063339226243, 93.31334031671217, 91.56199953986827, 90.76799642100988, 90.39824749878177, 95.94834525527396, 94.03892027503068, 89.26245868590242, 96.38991640109033, 96.67176877760336, 89.63104074118446, 89.1644048983088, 90.68626260573723, 96.30923284638128, 94.40761340406638, 93.55855631271504, 88.65336157915007, 92.94922846270917, 87.47697796244603, 92.37844051888254, 90.63873909189462, 93.47710337582313, 90.29974489022614, 90.58015332120762, 95.7844119242178, 88.76083237475376, 90.94625175209296, 91.74505638464767, 94.38829973566327, 91.82906241949685, 90.87186593274241, 92.18627443855469, 92.71045379906151, 91.46634765489527, 95.46834636119875, 93.96741958631742, 92.29729178442803, 97.21657171285364, 95.10100255602515, 95.18737455264343, 93.80539971937382, 92.94857535644186]
2022-12-12 04:55:37,374 Train INFO: mean test reward3: [105.23506670741303, 104.62621447305803, 107.59818904155618, 108.64016460326455, 108.90160696781366, 108.61834179651174, 108.03392886393911, 108.98270056536603, 109.63169487583525, 107.19323509735177, 108.67605624378533, 106.58617122290826, 108.25754965898355, 108.30103637523321, 108.58921424274656, 107.70718375195237, 108.70054443844816, 110.2204261447211, 106.88437345547814, 107.25580930763641, 108.20277834238784, 108.52351989542203, 106.71824203935547, 110.3086590318408, 108.62536284025693, 108.54486625614113, 105.91695487177407, 108.62859862543311, 110.23263861428467, 109.61665185960625, 102.01427354575338, 106.82820053562467, 107.61184402014598, 107.63163699487572, 106.57458687050008, 107.94182780128692, 109.34663290792398, 109.93113182216682, 106.52496084685983, 109.23774996912651, 104.92020188079887, 110.9434114064259, 110.70160368466924, 109.03858417007945, 107.53222327846707, 105.76543531980532, 107.47029174551686, 108.55656293130322, 107.15406763992146, 108.74396134099298]
2022-12-12 04:55:37,374 Train INFO: mean test reward4: [104.97903880540409, 107.01552062840823, 107.07996046640405, 106.20811850237546, 109.15262135001849, 104.5550413103431, 107.28494960923466, 106.58157178589914, 105.37075017458052, 105.00111708224273, 105.82389408364153, 108.63528149239158, 107.03445211482304, 106.52841495816196, 107.98448782478424, 106.89555005951894, 109.59488781071256, 108.20445479277188, 107.93821217396987, 102.2726440380896, 109.05183398642438, 104.7956174980268, 104.07010800694397, 106.61941702039208, 107.60673781253212, 106.93509990285193, 107.06493030770956, 108.35200221131173, 110.69671815095298, 107.36165930729942, 107.50967767256077, 109.01156425995832, 110.21605648805506, 109.28906529481267, 106.92145312343612, 109.23033697015939, 107.5144436692168, 110.19732248414738, 108.5844177593223, 105.26945603029, 107.60899906076416, 105.87899373904119, 107.54744789964458, 108.39284912527776, 107.89637742334682, 105.62146641228004, 105.37825565498797, 107.36009548852445, 109.41468524606015, 108.72471215209313]
2022-12-12 04:55:37,374 Train INFO: mean test reward: 0.0000,92.3679,107.9685,107.2853
2022-12-12 04:55:37,375 Train INFO: test seed: 13************************************
2022-12-12 05:30:20,588 Train INFO: mean test reward1: [0.0, 0.0, 0.0, 0.0, 0.0, 0.0, 0.0, 0.0, 0.0, 0.0, 0.0, 0.0, 0.0, 0.0, 0.0, 0.0, 0.0, 0.0, 0.0, 0.0, 0.0, 0.0, 0.0, 0.0, 0.0, 0.0, 0.0, 0.0, 0.0, 0.0, 0.0, 0.0, 0.0, 0.0, 0.0, 0.0, 0.0, 0.0, 0.0, 0.0, 0.0, 0.0, 0.0, 0.0, 0.0, 0.0, 0.0, 0.0, 0.0, 0.0]
2022-12-12 05:30:20,589 Train INFO: mean test reward2: [89.44439276338233, 93.3948194321959, 97.29670875740909, 92.2391933999827, 90.41335678019688, 90.58140113771097, 91.76228694415614, 93.08087543998262, 96.18644989107862, 92.96884012118471, 93.17375157084727, 94.98600176391462, 93.05373958990528, 94.53768077748543, 90.43189973348822, 90.4831144949595, 92.44962121261167, 92.6693238460543, 91.70094037343418, 91.46814417413282, 89.83446857521228, 87.42364601561798, 93.00021888952988, 91.89558005212965, 91.22803556629276, 90.71577412472821, 87.72033845926113, 92.53459398053067, 90.59964559778331, 93.37783882039022, 91.102854817103, 93.1659242570176, 92.20830976682123, 93.62539283645236, 92.55595605517786, 90.09204610286434, 96.72001638327184, 95.46199951565886, 90.58215702252535, 91.69157000902717, 93.09352050769499, 89.08000842188535, 94.15557696164906, 90.2773466281991, 90.99222640636096, 90.01435371718082, 94.2624314028227, 92.86663763319054, 93.30000738493409, 97.1959526636703]
2022-12-12 05:30:20,589 Train INFO: mean test reward3: [105.37676326240411, 107.67836070972861, 106.88793899006323, 108.99620116878224, 109.61748897075195, 108.52925679652107, 107.97274401806355, 109.9098197979165, 106.09476166667089, 106.39772796277084, 109.55442978724628, 107.16885223053384, 109.49827086312281, 107.83177211170434, 106.93971740288207, 106.92279774132348, 106.09824107654853, 109.8938690442297, 109.21765666049846, 105.72363368090649, 107.62253125727197, 108.33820790250006, 104.78489533753378, 108.92754429147068, 108.8238520762456, 108.93773926440132, 106.94380076818383, 108.60896539218152, 107.3751779965748, 109.62273362501637, 106.94086235530725, 106.17032122802067, 107.3633127112468, 106.03273503078547, 109.43892849985679, 107.48055542826174, 109.28250695544426, 109.89881947732839, 105.73975911077261, 108.27476802738855, 105.00954065824635, 108.95769086075879, 106.82927465071016, 103.2770639978557, 108.57403384283411, 108.36451794019571, 107.86013266623671, 108.98026722468829, 104.04340886343212, 109.97853512472989]
2022-12-12 05:30:20,589 Train INFO: mean test reward4: [108.95153920584755, 105.69504821643524, 108.6937807601264, 103.90723894750766, 107.96557776578524, 106.19063925698143, 103.21403524300459, 105.32004872032445, 104.40545222474687, 104.96591328449549, 107.13699433263643, 106.42320834480408, 106.66465037329812, 109.22325381360689, 104.19868463963157, 105.52870449299495, 106.33060330155713, 107.75883829547281, 103.34128248609696, 107.03983359254991, 105.46943955930243, 103.3136112133551, 104.83665333548181, 106.59519690688491, 107.10943559361479, 108.18125857280475, 107.68438249960144, 108.5801123658874, 108.94638785069459, 107.80730931050138, 110.19027099843933, 109.27883353147084, 107.95497221428481, 108.90214850074462, 106.90186956847053, 107.33692383025391, 109.06069750039498, 105.68897476989059, 110.81416543257714, 107.75989067426174, 107.98807955206082, 107.30810193620592, 109.18942513104501, 107.30102069637758, 107.28679073395354, 102.09705468578781, 107.2038755359483, 105.82789994259318, 110.13859027614289, 108.81679706978088]
2022-12-12 05:30:20,589 Train INFO: mean test reward: 0.0000,92.2619,107.6959,106.9705
2022-12-12 05:30:20,589 Train INFO: test seed: 14************************************
2022-12-12 06:06:07,282 Train INFO: mean test reward1: [0.0, 0.0, 0.0, 0.0, 0.0, 0.0, 0.0, 0.0, 0.0, 0.0, 0.0, 0.0, 0.0, 0.0, 0.0, 0.0, 0.0, 0.0, 0.0, 0.0, 0.0, 0.0, 0.0, 0.0, 0.0, 0.0, 0.0, 0.0, 0.0, 0.0, 0.0, 0.0, 0.0, 0.0, 0.0, 0.0, 0.0, 0.0, 0.0, 0.0, 0.0, 0.0, 0.0, 0.0, 0.0, 0.0, 0.0, 0.0, 0.0, 0.0]
2022-12-12 06:06:07,282 Train INFO: mean test reward2: [87.52947680937184, 88.69584609443245, 93.07075711527152, 93.86130842758612, 92.22958521930474, 92.18994969110373, 96.0830645080875, 94.80917193452565, 97.22148981413231, 98.54884754877102, 86.20408299804333, 95.49903535442776, 91.11242879016893, 96.0368951603613, 89.30014410550737, 94.51304969767826, 91.78488024092347, 96.61241360998618, 92.14191864994571, 90.83782410175704, 92.78851832158615, 93.36956469128519, 94.35172497474525, 97.16918777481773, 98.26069734989905, 93.08081644255999, 93.6071403411809, 93.6230015665107, 98.40722692193876, 92.16707901269994, 98.87791793384216, 92.7704059952873, 98.24873370580947, 92.75638007262137, 93.01287900480362, 91.2527022790772, 94.09523050047842, 95.90428390444816, 98.824137864282, 90.68052485435949, 96.23145859775806, 94.87727299265563, 93.76986833135454, 92.71767352094659, 91.09755999748631, 92.93759670879206, 94.03592996801315, 95.56617362715014, 95.79992257569414, 97.16343591233596]
2022-12-12 06:06:07,282 Train INFO: mean test reward3: [105.33198369804306, 107.26886674952229, 109.03724638609141, 108.962346391924, 110.25644902260397, 108.67077098880603, 110.30141032356867, 108.24356562868935, 108.98326452827729, 109.30144513567357, 108.00655841921447, 104.90166578506424, 111.31322256781687, 110.86700439551515, 109.22708413738034, 106.90659262587765, 107.8804114629164, 110.92688780492101, 108.0492275836573, 109.33546381229765, 109.54032496731291, 109.99216007459326, 109.5864218907936, 110.30983424324842, 112.32002410158788, 110.5802207964196, 107.31094027249634, 107.10542802274253, 110.2376464651295, 110.69509133136457, 108.25676766976153, 107.28925726095596, 107.86706245922653, 110.46304775028091, 110.18766870500065, 109.72424881660012, 110.75300970380218, 111.49912003765445, 105.62799612623971, 109.00029913300608, 108.26022208136214, 108.88687330601516, 111.44893384349352, 109.37912615093889, 108.38414293701979, 108.63193361630434, 108.73928238725527, 108.94461205890654, 109.64247936931578, 111.47165628595513]
2022-12-12 06:06:07,283 Train INFO: mean test reward4: [108.36212530046312, 110.38970259393486, 108.72635615482405, 108.43949170941539, 110.70100030724348, 109.58062269889102, 105.85148705195027, 111.40655466083406, 110.75677419790722, 106.12726472912952, 108.19850904126349, 108.66867622620107, 109.78358736645819, 112.49681997866875, 110.15846087650225, 101.74674046893497, 107.32092238003216, 108.88110103529877, 110.1838786909662, 107.37362270621774, 110.04755501626903, 108.6195164513783, 107.08648021665097, 109.82551929637722, 109.10537884144583, 111.76113446732859, 110.37070534441915, 109.67240143567635, 109.8102729957937, 105.92098526098897, 108.58270277928679, 111.75332179614523, 109.83225073926809, 110.77011404210789, 109.81344566617219, 108.82377770096895, 109.84754415761681, 109.79044802134614, 112.57144681752003, 109.60029805372321, 108.62667410194125, 109.50478947822094, 110.93042044612537, 108.81535388244579, 107.11117241978279, 106.77106701803189, 110.27080112705453, 109.04435361660387, 109.21570401886527, 111.6314958628696]
2022-12-12 06:06:07,283 Train INFO: mean test reward: 0.0000,93.9145,109.1181,109.2136
2022-12-12 06:06:07,283 Train INFO: test seed: 15************************************
2022-12-12 06:41:37,090 Train INFO: mean test reward1: [0.0, 0.0, 0.0, 0.0, 0.0, 0.0, 0.0, 0.0, 0.0, 0.0, 0.0, 0.0, 0.0, 0.0, 0.0, 0.0, 0.0, 0.0, 0.0, 0.0, 0.0, 0.0, 0.0, 0.0, 0.0, 0.0, 0.0, 0.0, 0.0, 0.0, 0.0, 0.0, 0.0, 0.0, 0.0, 0.0, 0.0, 0.0, 0.0, 0.0, 0.0, 0.0, 0.0, 0.0, 0.0, 0.0, 0.0, 0.0, 0.0, 0.0]
2022-12-12 06:41:37,090 Train INFO: mean test reward2: [89.11999754481926, 94.91953503926803, 87.96688883726864, 98.03972848467798, 91.34775072396359, 89.08259604198093, 86.51577023997201, 93.16428646365966, 92.64199418628824, 96.05229543024824, 95.00608046270675, 89.89065666394599, 96.06526491433546, 94.8597884160049, 88.73154119127548, 89.35311464224907, 90.35135024539936, 95.67599598527678, 91.16453223580051, 90.76997349855687, 97.0038631497556, 93.45657542345711, 96.09047885665359, 96.0032344166007, 94.99774190319891, 96.78988891200774, 96.26191202064189, 93.64651591839369, 94.32649696296633, 92.98118043455874, 97.85293096998386, 93.18227790575204, 97.90409779193466, 95.62004451079085, 90.45936282600323, 92.77834410582663, 95.47232080991343, 93.77981066804668, 93.02241094078332, 96.14502343869749, 88.2529309057735, 90.57380453256513, 90.35737360934128, 99.44039349320789, 92.53742327089702, 91.17501429921217, 95.52556571033983, 92.92997231048464, 95.02704642174054, 94.50573744850374]
2022-12-12 06:41:37,090 Train INFO: mean test reward3: [106.39937696051494, 107.9779083754172, 109.17812900500999, 108.4501087001089, 110.76727436970724, 108.67939471980739, 109.33603279140291, 111.46291872386158, 109.21522035534197, 108.23530157191995, 111.44932580489001, 111.16742966652882, 109.31521069198467, 108.90758168830801, 110.71421622371179, 108.98883420132732, 109.10115227511182, 110.26255096217352, 107.97483685456682, 110.92310553725042, 109.36725653120176, 107.58458271491136, 109.70213762263484, 110.18197166633986, 109.55675949232894, 111.20388130081915, 107.56356486953321, 110.54989418977127, 106.88203283572281, 111.04814196053162, 106.82936243895715, 109.67800013966655, 107.59417797608046, 109.275847904583, 108.89146924551012, 110.52062864284785, 109.87891427310419, 110.92743207550596, 108.44146276057734, 108.7030923775766, 106.20509203989648, 108.00009418055153, 109.95192234658359, 109.94833010593997, 108.3832754067422, 108.62275680963837, 106.81914868297707, 111.48936419575313, 109.21091616626494, 111.5162272943969]
2022-12-12 06:41:37,090 Train INFO: mean test reward4: [106.27958382055114, 108.819194012051, 107.43539894550618, 104.07007462736196, 105.89692300811654, 109.74285954999552, 104.85095605933246, 107.02588383469701, 108.15785179134492, 106.9924974976691, 109.80781555591525, 107.6073316435382, 104.52789404713019, 110.76542013743881, 110.99297460735437, 106.83672600176922, 110.48533051809609, 111.17179497785273, 110.28374268166692, 104.25653272340143, 110.39487685855336, 107.46024102871183, 107.83723424020816, 110.81416543257714, 104.12286629597989, 110.95562668134647, 106.04262382307127, 111.28494791061584, 110.38970259393486, 106.81650246198816, 107.07536388742811, 112.0528694618338, 107.53089232591803, 111.10974819471394, 110.09749531026189, 109.62715404466705, 108.72592306833647, 108.77639939254931, 110.32956080146765, 112.49514924962274, 108.12407522881321, 110.64281295340837, 109.19637544903905, 109.37109928264536, 109.59667064377437, 108.38255304740804, 104.08088161335722, 106.89126181484225, 110.44102460343817, 110.57254040526402]
2022-12-12 06:41:37,090 Train INFO: mean test reward: 0.0000,93.3764,109.2607,108.5449
2022-12-12 06:41:37,091 Train INFO: test seed: 16************************************
2022-12-12 07:17:44,384 Train INFO: mean test reward1: [0.0, 0.0, 0.0, 0.0, 0.0, 0.0, 0.0, 0.0, 0.0, 0.0, 0.0, 0.0, 0.0, 0.0, 0.0, 0.0, 0.0, 0.0, 0.0, 0.0, 0.0, 0.0, 0.0, 0.0, 0.0, 0.0, 0.0, 0.0, 0.0, 0.0, 0.0, 0.0, 0.0, 0.0, 0.0, 0.0, 0.0, 0.0, 0.0, 0.0, 0.0, 0.0, 0.0, 0.0, 0.0, 0.0, 0.0, 0.0, 0.0, 0.0]
2022-12-12 07:17:44,384 Train INFO: mean test reward2: [96.32111595845437, 96.15106872381452, 98.05423744976243, 97.79903737138335, 91.88129943050016, 93.3646703638871, 90.59408889314108, 95.34711076920595, 102.6324224803999, 91.13248555445522, 92.3676627567828, 94.03436098081431, 94.38047684450979, 93.93338429040179, 92.11226887896439, 88.10561258708975, 94.20613416837601, 93.12117693437999, 92.0926316425475, 91.39435180067568, 100.59888755573932, 91.96487338241745, 99.15774837993584, 99.49210259026958, 95.89731362397518, 98.97945193615122, 95.49240476694894, 95.17663364917824, 93.66317069735815, 93.10881170982547, 94.90779981525978, 98.27900441235958, 96.88039674420665, 98.56606994225048, 89.95197046560774, 95.50578258410802, 93.45903244273674, 96.30377476501717, 93.63586111487295, 97.57523489425323, 94.99915050805886, 95.81051336582168, 92.9963740628592, 97.29632518415092, 100.13578629328926, 96.99945184669761, 94.13386449993396, 96.20851056081082, 95.29802207204737, 97.81038274008722]
2022-12-12 07:17:44,384 Train INFO: mean test reward3: [108.03584124466428, 110.0574062790433, 110.01863657988241, 108.94614975537273, 111.1099681323237, 111.41780344483487, 112.01173887380573, 110.48450062602095, 110.01483523146975, 109.37419687670373, 110.21060681674014, 107.98007060981115, 111.07801808221446, 110.5102179685084, 111.38043769973754, 110.52384537453621, 109.29346088389907, 109.63010189607733, 111.41723948192359, 109.56613631556219, 111.04840254875812, 109.59136261014243, 109.68612645326377, 111.37367541221833, 110.26183161859902, 111.83660384598379, 111.05636089182742, 110.62209722258346, 109.92893354729327, 112.57088285460875, 109.82606637441499, 111.68420530700735, 109.91898497709956, 111.39946850783622, 109.66164429448403, 108.86904150925223, 112.32438941291178, 111.63041578780347, 110.21713807706429, 108.33912488169273, 107.92369791464078, 106.61003387801878, 111.70283056788973, 112.26089567972058, 108.81638418491607, 106.94120519889563, 108.3201273339497, 111.47109232304386, 108.95263709907695, 110.17046523870442]
2022-12-12 07:17:44,384 Train INFO: mean test reward4: [109.15383275352254, 110.12423559772213, 108.59081517650428, 110.23262592249361, 108.91296100115889, 110.14077287965435, 107.34937674852875, 109.58631933379021, 111.84257231256272, 109.61680965112943, 109.84950872602491, 111.22854147030344, 108.8323794254635, 110.53629836069155, 109.31343410641269, 109.15885044556765, 109.29035273149758, 111.41743744599668, 110.86300824919466, 108.44367811287873, 110.77288802876836, 110.67835276327477, 109.68753232699925, 109.34467821163685, 109.2796608100239, 111.46202685902847, 111.8646715149063, 111.60158314072058, 110.2659119310553, 109.49128743846698, 109.79046029883352, 109.76529592679194, 110.94440592975641, 111.21546070263055, 113.03580628107639, 110.76485617452754, 111.62593479813886, 111.29549969912564, 110.39663545331663, 107.52849874179758, 106.60351236027896, 109.84459982218283, 110.91437681072787, 106.63694649277242, 110.2103438318115, 107.30663305973863, 108.0488521785018, 106.90954216148079, 111.0645018053902, 112.01137287496758]
2022-12-12 07:17:44,385 Train INFO: mean test reward: 0.0000,95.1862,110.1615,109.8969
2022-12-12 07:17:44,385 Train INFO: test seed: 17************************************
2022-12-12 07:51:52,809 Train INFO: mean test reward1: [0.0, 0.0, 0.0, 0.0, 0.0, 0.0, 0.0, 0.0, 0.0, 0.0, 0.0, 0.0, 0.0, 0.0, 0.0, 0.0, 0.0, 0.0, 0.0, 0.0, 0.0, 0.0, 0.0, 0.0, 0.0, 0.0, 0.0, 0.0, 0.0, 0.0, 0.0, 0.0, 0.0, 0.0, 0.0, 0.0, 0.0, 0.0, 0.0, 0.0, 0.0, 0.0, 0.0, 0.0, 0.0, 0.0, 0.0, 0.0, 0.0, 0.0]
2022-12-12 07:51:52,810 Train INFO: mean test reward2: [92.45060987202885, 89.82737102136977, 93.39795862827253, 90.2136423928363, 93.62249817271181, 92.02042485019733, 92.22026652477594, 88.83455403479253, 94.31765630950198, 89.82194837877968, 91.71277084152959, 87.0957823171497, 88.48568947140458, 87.99420971951436, 92.60941776767265, 83.44819600339748, 93.6115725586592, 92.36307471744175, 93.44086964428841, 93.09009461672544, 91.73455513263853, 87.06462469530545, 90.95601155771222, 93.27881314879636, 87.69492269481225, 91.35009184326175, 90.89563181409704, 89.56089009891377, 92.10123437984657, 89.73829706064654, 93.6502319571666, 90.51909582034324, 86.01960218269735, 90.99639188953056, 92.19916386974471, 89.00031393061106, 89.74278200759979, 93.67633115849115, 90.98265755165504, 88.13983516738837, 90.88043989512023, 88.41884755619198, 92.48810054887727, 91.8593588634576, 88.11921463742769, 96.53336347548594, 93.98456596648565, 92.02936059028892, 89.36063751120646, 91.82929944364045]
2022-12-12 07:51:52,810 Train INFO: mean test reward3: [104.05758398366301, 107.28187956236282, 106.8867609418612, 107.91192562001935, 107.62381283145417, 108.28404567444457, 107.35068848034246, 108.04330913599382, 107.26307798884096, 106.83391299733717, 109.22981903876035, 110.00609493662421, 109.6570283166375, 108.10798414661929, 107.54598178303706, 107.19491403335043, 106.47068400485213, 105.62749394773442, 106.8340651422784, 108.67604060526199, 107.31872219252257, 107.91939186101021, 108.22926615179118, 107.93378715687102, 105.26624083522927, 106.0187478223245, 108.86149726069236, 107.62400619975782, 106.15762501896421, 108.32232913744305, 104.22245445959422, 106.03379652078185, 109.60069479747166, 107.25573034474382, 107.35498080041192, 104.86582212901862, 109.58807753773709, 109.02421732887451, 104.80983473205336, 106.86638571193927, 106.4774808342332, 107.1436836347719, 109.33319111641919, 106.24256102165182, 105.62862564225388, 105.14375455047089, 106.12334579800073, 108.37735695907875, 104.07061741378945, 107.94438880930547]
2022-12-12 07:51:52,810 Train INFO: mean test reward4: [106.88084588985049, 106.757787080974, 107.58780169110284, 103.00574636234144, 107.99272120962469, 107.27956480063214, 105.89143036736824, 106.61515439819848, 107.63112796492129, 107.75989067426174, 106.19382860969259, 104.10863863632113, 105.70537009666616, 107.31541233973974, 106.3157296156345, 104.11467716684653, 109.87843909205363, 107.60157811228346, 106.69705397467814, 105.00714505270673, 104.43524435047799, 107.07076980727287, 104.91497166240254, 109.25914701007699, 105.21645336872689, 108.30492519866775, 105.49095786255164, 105.92845300459693, 107.17173005043813, 107.63853969398696, 105.7369663295338, 105.92480959705068, 105.86014533377809, 107.72388079678655, 110.21816506787735, 105.30917506133171, 108.39788246851714, 107.58313026130915, 108.74840427718206, 106.47292916801207, 105.54262515343733, 103.57662374503425, 102.50565247939159, 106.80480614639168, 104.38961010535219, 108.32083938230507, 103.89990484327365, 104.0513578418125, 108.27285599576453, 106.64047885916388]
2022-12-12 07:51:52,810 Train INFO: mean test reward: 0.0000,90.9077,107.2129,106.4350
2022-12-12 07:51:52,810 Train INFO: test seed: 18************************************
2022-12-12 08:28:32,082 Train INFO: mean test reward1: [0.0, 0.0, 0.0, 0.0, 0.0, 0.0, 0.0, 0.0, 0.0, 0.0, 0.0, 0.0, 0.0, 0.0, 0.0, 0.0, 0.0, 0.0, 0.0, 0.0, 0.0, 0.0, 0.0, 0.0, 0.0, 0.0, 0.0, 0.0, 0.0, 0.0, 0.0, 0.0, 0.0, 0.0, 0.0, 0.0, 0.0, 0.0, 0.0, 0.0, 0.0, 0.0, 0.0, 0.0, 0.0, 0.0, 0.0, 0.0, 0.0, 0.0]
2022-12-12 08:28:32,083 Train INFO: mean test reward2: [97.12196796554119, 96.67749331960545, 93.82608372827039, 97.31665694788933, 96.67616132639664, 94.63261198266765, 96.01032135326885, 95.340885558181, 98.88514396671258, 96.15704685159221, 98.30673361425114, 93.88528675294555, 93.92560278996561, 93.07115803622371, 98.48821461373765, 93.16364053317568, 94.54079836933423, 99.59674283736688, 99.32210185551301, 99.63290887456748, 96.06856641086523, 93.37587889152378, 97.83550537473643, 96.71287390589715, 98.43075367656539, 100.38026364557844, 92.910470743338, 99.4295566894909, 96.37910705163404, 94.86468486911278, 97.31260401757405, 99.54678575780366, 95.70682567037746, 97.8663151842245, 96.17149766843609, 97.8117915909803, 101.35127539398808, 93.51485313870658, 96.46834296610638, 98.81382949238383, 94.04813790544206, 96.36407077403565, 96.28410248392291, 101.55293197289033, 96.2223635863531, 95.69381488307458, 97.4275518564001, 96.67030430982017, 96.70410300120172, 96.35310560933411]
2022-12-12 08:28:32,083 Train INFO: mean test reward3: [108.27046927288583, 110.4979148087055, 110.60016339817484, 109.59488534145235, 112.66071145219004, 111.39975995611098, 110.26733962914236, 111.60767202231509, 102.87866339744083, 110.20913239780093, 111.09553333668468, 110.38662706515223, 112.20237052417053, 112.05693716707518, 112.28768198603967, 109.78532492137313, 107.79778354457822, 110.18568705297761, 108.88120044610638, 111.11456407181873, 111.73032771015937, 112.91514383885192, 112.32580434937604, 111.47687257083204, 110.25644902260395, 109.72579782267114, 110.28283117257917, 107.0893141918814, 111.9588209226713, 113.0508830452619, 109.05484701128051, 111.27495301122867, 111.06481834286815, 110.81366365390707, 110.57683586502465, 107.96360050685803, 110.23583939026167, 112.82644316709312, 109.7677525112081, 111.99484927346269, 113.06224677909312, 109.64102067120626, 112.82587920418189, 111.83620188551166, 109.75168494879513, 111.183153204867, 111.46243777519302, 110.89829612739918, 111.16787264235401, 113.8847380596204]
2022-12-12 08:28:32,083 Train INFO: mean test reward4: [109.60562149157832, 110.7450385124994, 112.14435033579943, 113.59607317909449, 111.69520587163053, 112.26120932213443, 107.61044761768093, 110.40195491325025, 108.7289961276992, 108.60034126066186, 110.39717048526441, 109.5994818822003, 107.09327529376765, 110.85110749554443, 111.90121382065183, 110.72779985774694, 111.83830905725742, 111.87984844751628, 112.46822282906258, 110.12662426774142, 110.78687301317883, 108.08574548125287, 109.29866260136393, 111.29456758370242, 109.52290683985291, 110.87251820823153, 108.02501237495699, 111.9564237484043, 112.18408369256802, 110.33386080293103, 112.566850878025, 112.45250579564868, 111.79520457846132, 113.3770434890968, 109.98423266344908, 113.10115822669489, 111.65089239877015, 110.97575483727417, 112.81401917168473, 110.5152170709342, 107.75254820173164, 109.83791446988911, 112.52890630163517, 108.2115457702253, 112.45841080276232, 110.21690938830022, 110.64050820743722, 111.44872917788071, 113.0560429476682, 111.30259943794324]
2022-12-12 08:28:32,083 Train INFO: mean test reward: 0.0000,96.6970,110.7176,110.8264
2022-12-12 08:28:32,083 Train INFO: test seed: 19************************************
2022-12-12 09:04:11,677 Train INFO: mean test reward1: [0.0, 0.0, 0.0, 0.0, 0.0, 0.0, 0.0, 0.0, 0.0, 0.0, 0.0, 0.0, 0.0, 0.0, 0.0, 0.0, 0.0, 0.0, 0.0, 0.0, 0.0, 0.0, 0.0, 0.0, 0.0, 0.0, 0.0, 0.0, 0.0, 0.0, 0.0, 0.0, 0.0, 0.0, 0.0, 0.0, 0.0, 0.0, 0.0, 0.0, 0.0, 0.0, 0.0, 0.0, 0.0, 0.0, 0.0, 0.0, 0.0, 0.0]
2022-12-12 09:04:11,677 Train INFO: mean test reward2: [94.64975250865047, 92.23880668716109, 98.92581130528482, 98.88868103003419, 97.87339950450917, 95.09307755436767, 94.96463773033649, 90.01983437550027, 100.43939116398676, 96.93691973416436, 95.9161010115111, 92.2840614828784, 93.34284852582196, 95.90853149617122, 91.39322782342501, 95.15061554934553, 90.34555925009303, 91.86487108914183, 92.66037612775705, 95.98370439709316, 95.44445297503893, 88.58643564192467, 99.93357371010691, 96.6001867902846, 96.26440270164315, 96.16186028542877, 94.82545448042761, 93.37985075376183, 92.35792753236143, 94.08857289175563, 94.74067734127644, 96.65967042081023, 100.06254831658606, 95.522993829605, 99.54247790029812, 93.45451236177853, 89.61037267141432, 94.87531195269395, 99.35868320615073, 97.47963042045325, 93.44711623242065, 94.00872718119375, 91.02724559980675, 96.2140057007781, 93.35268603379566, 98.17589270011172, 94.11745201075713, 94.31129072249391, 97.95747694899912, 97.64337786762813]
2022-12-12 09:04:11,677 Train INFO: mean test reward3: [107.85440427864657, 110.40884690506597, 109.8774095691443, 105.84867286848687, 111.43997426154813, 109.57116772916054, 110.56887166629086, 110.20061181002383, 106.81673025564699, 109.00494803218845, 110.03685207012107, 110.91220268878456, 109.8355763334519, 110.4968028825027, 110.91053195973849, 108.5703987953689, 108.87190318829433, 110.89503211012573, 110.16809602408736, 109.87211575035704, 110.92062660846427, 109.69026677473086, 108.65659338014558, 110.98218856965785, 109.87727565276329, 110.51142704658109, 109.98748112085552, 110.61688093770655, 110.04533506146352, 109.4719854886916, 109.55905826086529, 109.82557938904476, 110.87292091616047, 108.60686757364734, 108.0359902550042, 110.4887847617221, 112.63784363998573, 111.943499989993, 111.39024999707408, 111.33307430004531, 108.58048528897228, 108.09908302665754, 111.72623404235972, 112.50772006081189, 110.90813498354319, 106.76516772336095, 109.98320049264785, 111.51161166257556, 110.08201463473284, 109.60064034068301]
2022-12-12 09:04:11,677 Train INFO: mean test reward4: [108.8631974658469, 111.35724540278446, 110.92431485087715, 103.82542929388906, 109.23981672108808, 108.82787453311383, 105.92920823907988, 107.72730673737553, 108.17995487087478, 108.78857642785567, 110.43516064293665, 110.57726642544394, 109.59140798223984, 108.61310438917259, 111.59215295297426, 105.40883262250965, 112.44774368687756, 108.61297493889502, 108.32869513982308, 107.92037638961224, 110.16961601534882, 108.76064345159935, 108.71089350855513, 108.97357410228607, 109.65022111376577, 111.4251664225073, 111.26951626096339, 111.70610232652264, 109.96062245231292, 109.90930498463386, 110.54181941792521, 112.48613515757921, 112.17327110286905, 112.7784291063882, 111.92949732784419, 107.85830667846794, 109.57021062804532, 112.86498360724931, 109.37801367239403, 107.96241819020807, 105.89041701248678, 110.32956080146764, 112.2293586359466, 111.17023073587222, 110.2391895425933, 109.87466428915526, 106.09890087168435, 108.62053845682475, 110.37070534441912, 112.30632460116114]
2022-12-12 09:04:11,678 Train INFO: mean test reward: 0.0000,95.0817,109.9476,109.6480
