2022-12-14 04:57:08,061 Train INFO: Namespace(logger=<Logger Train (INFO)>, name='A2C2022-12-14-04-57-08', gpu='0', device=device(type='cuda', index=0), gamma=1, epoch_num=3000, test_episode=50, val_episode=50, test_size=0.1, val_size=0.5, batch_size=50, train_batch_size=50, num_steps=10, h=1, w=[120, 50], nn_out=40, share_lr=0.0001, actor_lr=1e-05, critic_lr=0.01, step=10, lr_min=1e-05, e_rate=0.001, a_rate=1, c_rate=1, lr_decay_lambda=0.999, load=False, duse_T=True, est_T=False, use_pref=False, same_price=False, use_price=True, only_test=True, test_benchmark=False, change_T=True, num='112', print_grad=False, max_norm=10, seed_range=20, net_seed=10, seed=0, info=True, selling_length=150, cardinality=4, ini_inv=2, num_products=100, number_samples=10000, num_cus_types=4, seg_prob=None, num_cus_features=4, MNLdata=10000, p_file='../Gene_databeta/simul/p10_random.npy', c_file='../Gene_databeta/simul/c4_random.npy')
2022-12-14 04:57:08,061 Train INFO: log/A2C2022-12-14-04-57-08
2022-12-14 04:57:10,514 Train INFO: products price: [1649.73814547 1127.61563842  931.02871698 1360.34237971  725.13091995
  923.26577906 1048.06358099 1335.59336555 1195.40725861 1064.01482778
  911.06874296 1048.7285084   862.45852977  562.0352617  1338.46425903
  990.15321765  520.29278707 1208.23053483 1211.78612974 1415.52984074
  793.16221683 1876.27989159 1532.58284504  955.82118943 1761.86348334
  839.64872328  552.35384058 1249.34487063  512.10224121 1264.40811504
  800.71457455 1724.21396565 1820.46937714 1053.61927862 1303.52226404
  687.23532693  553.41199285 1166.92080199  888.36091138 1555.51175855
  945.60906956  904.8232257   185.11950973  956.00340393  921.97706365
  777.00211129 1233.85864419 1855.13122698 1247.19421357  809.85084994
  477.38637086 1180.64638022  688.85646935 1821.84964101 1336.34462326
 1180.51360642  846.06710047  671.01312444  972.26852132  920.40072648
 1206.16552071 1416.03566126 1211.55189823  896.40685864 1067.94770214
 1577.1507714  1254.63336377 1273.60053127  109.15494726 1404.48282551
 1341.31287433  440.47487253 1148.9827406  1464.57599267 1204.3751098
  570.81428852  460.8940235  1490.06233971 1354.33031959  984.32869752
 1393.98066869  796.41108887 1427.58864888 1277.02973902 1164.10629816
 1159.15216995 1300.53489406 1407.42098991  808.96765814  987.27313092
  169.27919123  946.08274828 1174.39447852  944.25927782 1517.41984827
 1615.68280386  142.22238131  657.0012701  1487.17636032 1170.3680706 ]
2022-12-14 04:57:10,514 Train INFO: seg_prob [0.21154331 0.33382619 0.24539256 0.20923794]
2022-12-14 04:57:10,514 Train INFO: Load Factor 0.75
2022-12-14 04:57:10,517 Train INFO: test seed: 0************************************
2022-12-14 04:57:11,804 Train INFO: mean test reward1: [86.190661339099, 82.66866327724749, 84.8154519368129, 86.63433850511137, 86.63433850511139, 80.27947469679067, 86.25372044552073, 82.02459719472749, 83.51915856917782, 85.77108686171243, 86.06547462499474, 87.08526648459896, 89.99236368887526, 84.50029737513177, 86.05265589326122, 80.08330560391337, 87.81792930090866, 87.10456864238708, 87.08526648459895, 88.94948095120141, 87.10456864238705, 84.69234455565399, 82.20875553731733, 83.89931260549348, 80.94984020798725, 88.0623809543574, 83.83443298291812, 80.99650649239281, 84.5788560351282, 80.8220853570944, 77.6958238975621, 87.94173252939748, 86.6641306308425, 87.15737279469101, 82.8864940867816, 83.01806028675765, 86.03335373547311, 82.26311813164932, 85.1701020920742, 80.72502771340642, 83.96136147087438, 82.93362023588277, 86.67294282068758, 81.44304418075066, 85.79706145708377, 86.60825074872285, 85.57564015738512, 85.60172791377364, 79.95260471865542, 88.03945588156112]
2022-12-14 04:57:11,804 Train INFO: mean test reward2: [0.0, 0.0, 0.0, 0.0, 0.0, 0.0, 0.0, 0.0, 0.0, 0.0, 0.0, 0.0, 0.0, 0.0, 0.0, 0.0, 0.0, 0.0, 0.0, 0.0, 0.0, 0.0, 0.0, 0.0, 0.0, 0.0, 0.0, 0.0, 0.0, 0.0, 0.0, 0.0, 0.0, 0.0, 0.0, 0.0, 0.0, 0.0, 0.0, 0.0, 0.0, 0.0, 0.0, 0.0, 0.0, 0.0, 0.0, 0.0, 0.0, 0.0]
2022-12-14 04:57:11,805 Train INFO: mean test reward3: [0.0, 0.0, 0.0, 0.0, 0.0, 0.0, 0.0, 0.0, 0.0, 0.0, 0.0, 0.0, 0.0, 0.0, 0.0, 0.0, 0.0, 0.0, 0.0, 0.0, 0.0, 0.0, 0.0, 0.0, 0.0, 0.0, 0.0, 0.0, 0.0, 0.0, 0.0, 0.0, 0.0, 0.0, 0.0, 0.0, 0.0, 0.0, 0.0, 0.0, 0.0, 0.0, 0.0, 0.0, 0.0, 0.0, 0.0, 0.0, 0.0, 0.0]
2022-12-14 04:57:11,805 Train INFO: mean test reward4: [0.0, 0.0, 0.0, 0.0, 0.0, 0.0, 0.0, 0.0, 0.0, 0.0, 0.0, 0.0, 0.0, 0.0, 0.0, 0.0, 0.0, 0.0, 0.0, 0.0, 0.0, 0.0, 0.0, 0.0, 0.0, 0.0, 0.0, 0.0, 0.0, 0.0, 0.0, 0.0, 0.0, 0.0, 0.0, 0.0, 0.0, 0.0, 0.0, 0.0, 0.0, 0.0, 0.0, 0.0, 0.0, 0.0, 0.0, 0.0, 0.0, 0.0]
2022-12-14 04:57:11,805 Train INFO: mean test reward: 84.6564,0.0000,0.0000,0.0000
2022-12-14 04:57:11,805 Train INFO: test seed: 1************************************
2022-12-14 04:57:12,349 Train INFO: mean test reward1: [80.210819423213, 79.64664932903982, 83.09905125610926, 82.35436691002236, 81.2887950992006, 81.0118890733681, 83.91534603177524, 81.9434450758798, 82.19667062423923, 83.91307130494287, 83.23784685530906, 78.41926761175246, 82.71823230936057, 77.36427150171649, 81.80931966555782, 82.98305342211495, 85.3443303963591, 82.11354628498414, 83.41196476224148, 88.03945588156111, 83.08800346179528, 85.27639916992658, 79.11241307469487, 86.63433850511137, 81.75831859449094, 84.43541775255639, 84.76884950777526, 85.50400456161, 82.5869051793751, 82.39869584662796, 83.7666121538381, 85.17010209207419, 80.38753222333965, 84.69721391200012, 80.08330560391336, 80.6578587039563, 83.23344821327986, 79.86760740301813, 82.37982488522066, 79.17048396977205, 83.8381342376563, 78.6427624810491, 85.07237873991052, 84.86704357425582, 80.86528975975985, 84.09135978601572, 79.23300238173186, 84.87086110461561, 84.59462120349033, 86.29985216024144]
2022-12-14 04:57:12,350 Train INFO: mean test reward2: [0.0, 0.0, 0.0, 0.0, 0.0, 0.0, 0.0, 0.0, 0.0, 0.0, 0.0, 0.0, 0.0, 0.0, 0.0, 0.0, 0.0, 0.0, 0.0, 0.0, 0.0, 0.0, 0.0, 0.0, 0.0, 0.0, 0.0, 0.0, 0.0, 0.0, 0.0, 0.0, 0.0, 0.0, 0.0, 0.0, 0.0, 0.0, 0.0, 0.0, 0.0, 0.0, 0.0, 0.0, 0.0, 0.0, 0.0, 0.0, 0.0, 0.0]
2022-12-14 04:57:12,350 Train INFO: mean test reward3: [0.0, 0.0, 0.0, 0.0, 0.0, 0.0, 0.0, 0.0, 0.0, 0.0, 0.0, 0.0, 0.0, 0.0, 0.0, 0.0, 0.0, 0.0, 0.0, 0.0, 0.0, 0.0, 0.0, 0.0, 0.0, 0.0, 0.0, 0.0, 0.0, 0.0, 0.0, 0.0, 0.0, 0.0, 0.0, 0.0, 0.0, 0.0, 0.0, 0.0, 0.0, 0.0, 0.0, 0.0, 0.0, 0.0, 0.0, 0.0, 0.0, 0.0]
2022-12-14 04:57:12,350 Train INFO: mean test reward4: [0.0, 0.0, 0.0, 0.0, 0.0, 0.0, 0.0, 0.0, 0.0, 0.0, 0.0, 0.0, 0.0, 0.0, 0.0, 0.0, 0.0, 0.0, 0.0, 0.0, 0.0, 0.0, 0.0, 0.0, 0.0, 0.0, 0.0, 0.0, 0.0, 0.0, 0.0, 0.0, 0.0, 0.0, 0.0, 0.0, 0.0, 0.0, 0.0, 0.0, 0.0, 0.0, 0.0, 0.0, 0.0, 0.0, 0.0, 0.0, 0.0, 0.0]
2022-12-14 04:57:12,350 Train INFO: mean test reward: 82.6475,0.0000,0.0000,0.0000
2022-12-14 04:57:12,350 Train INFO: test seed: 2************************************
2022-12-14 04:57:12,878 Train INFO: mean test reward1: [81.64298567092968, 78.5308862564024, 77.6129003782691, 79.98337769930785, 77.21683649646846, 78.34637678787432, 80.7616043765482, 77.78011676579271, 77.96362075430619, 81.76271723652019, 81.40080791688422, 74.61092810706663, 82.98022266492042, 73.64893761471885, 79.94087849120508, 78.70130292270525, 82.45146405743334, 76.44628562358322, 80.4495810887205, 82.02030895005079, 76.1422939920906, 79.12052001746932, 78.1692931893056, 83.27981157232689, 78.69701467802854, 81.33439288633215, 78.15020769499702, 76.40369305095304, 77.01239392614251, 73.89038046404266, 80.12271111058529, 83.05945155332124, 79.47874125387824, 79.50133191821095, 80.34138696913466, 76.42515319591125, 77.42030335223133, 76.35184236760419, 80.55677489565683, 79.59843775620674, 79.0486409569077, 73.20032039920497, 79.1418126474585, 76.19606456987813, 80.9879300030394, 79.99783456212856, 78.11504099232614, 78.34576162225648, 80.0290534069339, 82.68292839833902]
2022-12-14 04:57:12,879 Train INFO: mean test reward2: [0.0, 0.0, 0.0, 0.0, 0.0, 0.0, 0.0, 0.0, 0.0, 0.0, 0.0, 0.0, 0.0, 0.0, 0.0, 0.0, 0.0, 0.0, 0.0, 0.0, 0.0, 0.0, 0.0, 0.0, 0.0, 0.0, 0.0, 0.0, 0.0, 0.0, 0.0, 0.0, 0.0, 0.0, 0.0, 0.0, 0.0, 0.0, 0.0, 0.0, 0.0, 0.0, 0.0, 0.0, 0.0, 0.0, 0.0, 0.0, 0.0, 0.0]
2022-12-14 04:57:12,879 Train INFO: mean test reward3: [0.0, 0.0, 0.0, 0.0, 0.0, 0.0, 0.0, 0.0, 0.0, 0.0, 0.0, 0.0, 0.0, 0.0, 0.0, 0.0, 0.0, 0.0, 0.0, 0.0, 0.0, 0.0, 0.0, 0.0, 0.0, 0.0, 0.0, 0.0, 0.0, 0.0, 0.0, 0.0, 0.0, 0.0, 0.0, 0.0, 0.0, 0.0, 0.0, 0.0, 0.0, 0.0, 0.0, 0.0, 0.0, 0.0, 0.0, 0.0, 0.0, 0.0]
2022-12-14 04:57:12,879 Train INFO: mean test reward4: [0.0, 0.0, 0.0, 0.0, 0.0, 0.0, 0.0, 0.0, 0.0, 0.0, 0.0, 0.0, 0.0, 0.0, 0.0, 0.0, 0.0, 0.0, 0.0, 0.0, 0.0, 0.0, 0.0, 0.0, 0.0, 0.0, 0.0, 0.0, 0.0, 0.0, 0.0, 0.0, 0.0, 0.0, 0.0, 0.0, 0.0, 0.0, 0.0, 0.0, 0.0, 0.0, 0.0, 0.0, 0.0, 0.0, 0.0, 0.0, 0.0, 0.0]
2022-12-14 04:57:12,879 Train INFO: mean test reward: 78.9411,0.0000,0.0000,0.0000
2022-12-14 04:57:12,879 Train INFO: test seed: 3************************************
2022-12-14 04:57:13,452 Train INFO: mean test reward1: [82.49806648647099, 81.76991415888591, 81.16951637918616, 83.61464641436666, 82.56263249909077, 78.11504099232617, 86.42725136251461, 83.1922885910426, 83.10628065533302, 85.31883320634665, 84.3121905193383, 81.07237005391427, 87.60783005986166, 80.09403978827173, 82.80669174792652, 80.54270802630131, 82.87157137050191, 82.39381383408173, 81.76991415888588, 85.97423469888567, 79.4338538923196, 83.53460500552103, 82.85329417696416, 82.85329417696418, 80.98353136101017, 85.34040246864681, 83.23344821327986, 85.47097328141106, 78.61409115873556, 78.69701467802855, 81.29215662246571, 85.50400456160999, 80.48741871055776, 89.35063862612877, 85.60659727011979, 80.07468436158996, 83.23784685530907, 80.71062980417322, 86.48444752023406, 80.38079247580657, 83.24732676478837, 80.47208267156708, 84.12962324829536, 81.33439288633215, 82.24397044056789, 82.32893421150632, 81.30852978022051, 83.47185875284912, 84.56958803675283, 84.43541775255639]
2022-12-14 04:57:13,453 Train INFO: mean test reward2: [0.0, 0.0, 0.0, 0.0, 0.0, 0.0, 0.0, 0.0, 0.0, 0.0, 0.0, 0.0, 0.0, 0.0, 0.0, 0.0, 0.0, 0.0, 0.0, 0.0, 0.0, 0.0, 0.0, 0.0, 0.0, 0.0, 0.0, 0.0, 0.0, 0.0, 0.0, 0.0, 0.0, 0.0, 0.0, 0.0, 0.0, 0.0, 0.0, 0.0, 0.0, 0.0, 0.0, 0.0, 0.0, 0.0, 0.0, 0.0, 0.0, 0.0]
2022-12-14 04:57:13,453 Train INFO: mean test reward3: [0.0, 0.0, 0.0, 0.0, 0.0, 0.0, 0.0, 0.0, 0.0, 0.0, 0.0, 0.0, 0.0, 0.0, 0.0, 0.0, 0.0, 0.0, 0.0, 0.0, 0.0, 0.0, 0.0, 0.0, 0.0, 0.0, 0.0, 0.0, 0.0, 0.0, 0.0, 0.0, 0.0, 0.0, 0.0, 0.0, 0.0, 0.0, 0.0, 0.0, 0.0, 0.0, 0.0, 0.0, 0.0, 0.0, 0.0, 0.0, 0.0, 0.0]
2022-12-14 04:57:13,453 Train INFO: mean test reward4: [0.0, 0.0, 0.0, 0.0, 0.0, 0.0, 0.0, 0.0, 0.0, 0.0, 0.0, 0.0, 0.0, 0.0, 0.0, 0.0, 0.0, 0.0, 0.0, 0.0, 0.0, 0.0, 0.0, 0.0, 0.0, 0.0, 0.0, 0.0, 0.0, 0.0, 0.0, 0.0, 0.0, 0.0, 0.0, 0.0, 0.0, 0.0, 0.0, 0.0, 0.0, 0.0, 0.0, 0.0, 0.0, 0.0, 0.0, 0.0, 0.0, 0.0]
2022-12-14 04:57:13,453 Train INFO: mean test reward: 82.7781,0.0000,0.0000,0.0000
2022-12-14 04:57:13,453 Train INFO: test seed: 4************************************
2022-12-14 04:57:14,017 Train INFO: mean test reward1: [81.29790235462455, 82.57786177931902, 83.84311986962403, 80.24042194576501, 84.94238042476917, 73.0369303134831, 85.29332932529225, 80.23419316219832, 79.81795372508839, 82.28707720197802, 83.19113402891888, 79.53916954004818, 87.08526648459896, 79.42956564764286, 80.86528975975983, 82.5518983147324, 82.55189831473238, 82.32051618178603, 81.12008319295397, 86.27434827918704, 82.98080965485894, 87.77253938673205, 82.13607924634054, 82.00926115573681, 81.13441891929511, 80.08330560391336, 83.34493026489288, 81.86508839411914, 81.64298567092966, 79.86760740301813, 80.39532889174106, 87.08526648459893, 81.96694697137586, 85.20534468582089, 78.92066881953113, 83.0524488270716, 83.23344821327984, 76.55698367467575, 83.10012789773843, 84.6456222745572, 84.69651652470908, 79.17048396977204, 86.11122063155311, 79.98584566868585, 82.86717272847268, 84.73894698469162, 77.66913246493563, 85.46686024228615, 82.13286764329303, 84.24436969025828]
2022-12-14 04:57:14,017 Train INFO: mean test reward2: [0.0, 0.0, 0.0, 0.0, 0.0, 0.0, 0.0, 0.0, 0.0, 0.0, 0.0, 0.0, 0.0, 0.0, 0.0, 0.0, 0.0, 0.0, 0.0, 0.0, 0.0, 0.0, 0.0, 0.0, 0.0, 0.0, 0.0, 0.0, 0.0, 0.0, 0.0, 0.0, 0.0, 0.0, 0.0, 0.0, 0.0, 0.0, 0.0, 0.0, 0.0, 0.0, 0.0, 0.0, 0.0, 0.0, 0.0, 0.0, 0.0, 0.0]
2022-12-14 04:57:14,017 Train INFO: mean test reward3: [0.0, 0.0, 0.0, 0.0, 0.0, 0.0, 0.0, 0.0, 0.0, 0.0, 0.0, 0.0, 0.0, 0.0, 0.0, 0.0, 0.0, 0.0, 0.0, 0.0, 0.0, 0.0, 0.0, 0.0, 0.0, 0.0, 0.0, 0.0, 0.0, 0.0, 0.0, 0.0, 0.0, 0.0, 0.0, 0.0, 0.0, 0.0, 0.0, 0.0, 0.0, 0.0, 0.0, 0.0, 0.0, 0.0, 0.0, 0.0, 0.0, 0.0]
2022-12-14 04:57:14,017 Train INFO: mean test reward4: [0.0, 0.0, 0.0, 0.0, 0.0, 0.0, 0.0, 0.0, 0.0, 0.0, 0.0, 0.0, 0.0, 0.0, 0.0, 0.0, 0.0, 0.0, 0.0, 0.0, 0.0, 0.0, 0.0, 0.0, 0.0, 0.0, 0.0, 0.0, 0.0, 0.0, 0.0, 0.0, 0.0, 0.0, 0.0, 0.0, 0.0, 0.0, 0.0, 0.0, 0.0, 0.0, 0.0, 0.0, 0.0, 0.0, 0.0, 0.0, 0.0, 0.0]
2022-12-14 04:57:14,017 Train INFO: mean test reward: 82.2517,0.0000,0.0000,0.0000
2022-12-14 04:57:14,018 Train INFO: test seed: 5************************************
