2022-12-14 11:37:04,963 Train INFO: Namespace(logger=<Logger Train (INFO)>, name='A2C2022-12-14-11-37-04', gpu='0', device=device(type='cuda', index=0), gamma=1, epoch_num=3000, test_episode=50, val_episode=50, test_size=0.1, val_size=0.5, batch_size=50, train_batch_size=50, num_steps=10, h=2, w=[120, 80, 50], nn_out=40, share_lr=0.0001, actor_lr=1e-05, critic_lr=0.01, step=10, lr_min=1e-05, e_rate=0.001, a_rate=1, c_rate=1, lr_decay_lambda=0.999, load=False, duse_T=True, est_T=False, use_pref=False, same_price=False, use_price=True, only_test=True, test_benchmark=False, change_T=True, num='112', print_grad=False, max_norm=10, seed_range=20, net_seed=10, seed=0, info=True, selling_length=150, cardinality=4, ini_inv=2, num_products=100, number_samples=10000, num_cus_types=4, seg_prob=None, num_cus_features=4, MNLdata=10000, p_file='../Gene_databeta/simul/p10_random.npy', c_file='../Gene_databeta/simul/c4_random.npy')
2022-12-14 11:37:04,964 Train INFO: log/A2C2022-12-14-11-37-04
2022-12-14 11:37:08,299 Train INFO: products price: [1649.73814547 1127.61563842  931.02871698 1360.34237971  725.13091995
  923.26577906 1048.06358099 1335.59336555 1195.40725861 1064.01482778
  911.06874296 1048.7285084   862.45852977  562.0352617  1338.46425903
  990.15321765  520.29278707 1208.23053483 1211.78612974 1415.52984074
  793.16221683 1876.27989159 1532.58284504  955.82118943 1761.86348334
  839.64872328  552.35384058 1249.34487063  512.10224121 1264.40811504
  800.71457455 1724.21396565 1820.46937714 1053.61927862 1303.52226404
  687.23532693  553.41199285 1166.92080199  888.36091138 1555.51175855
  945.60906956  904.8232257   185.11950973  956.00340393  921.97706365
  777.00211129 1233.85864419 1855.13122698 1247.19421357  809.85084994
  477.38637086 1180.64638022  688.85646935 1821.84964101 1336.34462326
 1180.51360642  846.06710047  671.01312444  972.26852132  920.40072648
 1206.16552071 1416.03566126 1211.55189823  896.40685864 1067.94770214
 1577.1507714  1254.63336377 1273.60053127  109.15494726 1404.48282551
 1341.31287433  440.47487253 1148.9827406  1464.57599267 1204.3751098
  570.81428852  460.8940235  1490.06233971 1354.33031959  984.32869752
 1393.98066869  796.41108887 1427.58864888 1277.02973902 1164.10629816
 1159.15216995 1300.53489406 1407.42098991  808.96765814  987.27313092
  169.27919123  946.08274828 1174.39447852  944.25927782 1517.41984827
 1615.68280386  142.22238131  657.0012701  1487.17636032 1170.3680706 ]
2022-12-14 11:37:08,299 Train INFO: seg_prob [0.21154331 0.33382619 0.24539256 0.20923794]
2022-12-14 11:37:08,299 Train INFO: Load Factor 0.75
2022-12-14 11:37:08,306 Train INFO: test seed: 0************************************
2022-12-14 11:37:11,296 Train INFO: mean test reward1: [90.56235112904055, 86.47834280002604, 84.55527074527697, 87.97121852988344, 89.00164126342631, 83.74468726531853, 91.79558438406406, 86.18391010520389, 82.68009274058579, 87.06899815482095, 90.21590808782196, 86.06422435492135, 91.62607844903215, 89.78314650579966, 90.64114970787286, 88.17348203943766, 90.17587844807052, 85.33586875773706, 87.55710008477877, 88.23971219691518, 86.05301150264553, 91.63233771033295, 87.14305930589482, 88.63593503575221, 84.70669098329692, 91.57867272255041, 88.19070574381398, 85.1992207978498, 89.51116194220174, 85.61925575189703, 83.22667496847579, 88.63593503575223, 85.51611308881587, 88.35769121085349, 91.14634989598778, 90.61329635278209, 86.01634362356477, 87.73371466068973, 92.40250202563898, 84.56557927358702, 78.88987375806944, 89.75335438006857, 82.93914605273358, 87.80073776905414, 86.10814067151296, 86.92679316268648, 89.10511608281904, 86.75695575159689, 87.2072874878905, 91.03582042078405]
2022-12-14 11:37:11,298 Train INFO: mean test reward2: [0.0, 0.0, 0.0, 0.0, 0.0, 0.0, 0.0, 0.0, 0.0, 0.0, 0.0, 0.0, 0.0, 0.0, 0.0, 0.0, 0.0, 0.0, 0.0, 0.0, 0.0, 0.0, 0.0, 0.0, 0.0, 0.0, 0.0, 0.0, 0.0, 0.0, 0.0, 0.0, 0.0, 0.0, 0.0, 0.0, 0.0, 0.0, 0.0, 0.0, 0.0, 0.0, 0.0, 0.0, 0.0, 0.0, 0.0, 0.0, 0.0, 0.0]
2022-12-14 11:37:11,298 Train INFO: mean test reward3: [0.0, 0.0, 0.0, 0.0, 0.0, 0.0, 0.0, 0.0, 0.0, 0.0, 0.0, 0.0, 0.0, 0.0, 0.0, 0.0, 0.0, 0.0, 0.0, 0.0, 0.0, 0.0, 0.0, 0.0, 0.0, 0.0, 0.0, 0.0, 0.0, 0.0, 0.0, 0.0, 0.0, 0.0, 0.0, 0.0, 0.0, 0.0, 0.0, 0.0, 0.0, 0.0, 0.0, 0.0, 0.0, 0.0, 0.0, 0.0, 0.0, 0.0]
2022-12-14 11:37:11,299 Train INFO: mean test reward4: [0.0, 0.0, 0.0, 0.0, 0.0, 0.0, 0.0, 0.0, 0.0, 0.0, 0.0, 0.0, 0.0, 0.0, 0.0, 0.0, 0.0, 0.0, 0.0, 0.0, 0.0, 0.0, 0.0, 0.0, 0.0, 0.0, 0.0, 0.0, 0.0, 0.0, 0.0, 0.0, 0.0, 0.0, 0.0, 0.0, 0.0, 0.0, 0.0, 0.0, 0.0, 0.0, 0.0, 0.0, 0.0, 0.0, 0.0, 0.0, 0.0, 0.0]
2022-12-14 11:37:11,299 Train INFO: mean test reward: 87.6172,0.0000,0.0000,0.0000
2022-12-14 11:37:11,303 Train INFO: test seed: 1************************************
2022-12-14 11:37:13,038 Train INFO: mean test reward1: [82.90935523548875, 83.85225448029296, 83.45297083977256, 84.45053589028564, 84.99007797745688, 84.55130590493997, 81.36665213955511, 85.90811770654882, 84.25961208050006, 82.90169518399472, 85.7172991713336, 85.13785332053988, 84.96383215813448, 84.18579574726057, 85.84916502558589, 85.38829499677676, 88.23752145958547, 81.74802785779174, 86.84404902770015, 85.75240191570532, 78.93375226218434, 87.55710008477878, 85.79587032780799, 82.27046470652779, 84.68893501694765, 84.56561513881458, 81.74802785779175, 84.51417498160116, 85.96538674046828, 76.2711542848865, 82.31899290187941, 86.91361307646399, 83.8008364803839, 84.99367624007985, 87.46179496588407, 84.61526494165552, 82.7401505164452, 84.72357849090798, 85.11006637021399, 88.6546855666044, 81.06740992613818, 81.25694121786611, 81.56277717096026, 84.80586880604103, 87.49346099346327, 86.88203918537238, 84.29355862001849, 85.135260708105, 85.55561666058152, 89.78712475851916]
2022-12-14 11:37:13,039 Train INFO: mean test reward2: [0.0, 0.0, 0.0, 0.0, 0.0, 0.0, 0.0, 0.0, 0.0, 0.0, 0.0, 0.0, 0.0, 0.0, 0.0, 0.0, 0.0, 0.0, 0.0, 0.0, 0.0, 0.0, 0.0, 0.0, 0.0, 0.0, 0.0, 0.0, 0.0, 0.0, 0.0, 0.0, 0.0, 0.0, 0.0, 0.0, 0.0, 0.0, 0.0, 0.0, 0.0, 0.0, 0.0, 0.0, 0.0, 0.0, 0.0, 0.0, 0.0, 0.0]
2022-12-14 11:37:13,040 Train INFO: mean test reward3: [0.0, 0.0, 0.0, 0.0, 0.0, 0.0, 0.0, 0.0, 0.0, 0.0, 0.0, 0.0, 0.0, 0.0, 0.0, 0.0, 0.0, 0.0, 0.0, 0.0, 0.0, 0.0, 0.0, 0.0, 0.0, 0.0, 0.0, 0.0, 0.0, 0.0, 0.0, 0.0, 0.0, 0.0, 0.0, 0.0, 0.0, 0.0, 0.0, 0.0, 0.0, 0.0, 0.0, 0.0, 0.0, 0.0, 0.0, 0.0, 0.0, 0.0]
2022-12-14 11:37:13,040 Train INFO: mean test reward4: [0.0, 0.0, 0.0, 0.0, 0.0, 0.0, 0.0, 0.0, 0.0, 0.0, 0.0, 0.0, 0.0, 0.0, 0.0, 0.0, 0.0, 0.0, 0.0, 0.0, 0.0, 0.0, 0.0, 0.0, 0.0, 0.0, 0.0, 0.0, 0.0, 0.0, 0.0, 0.0, 0.0, 0.0, 0.0, 0.0, 0.0, 0.0, 0.0, 0.0, 0.0, 0.0, 0.0, 0.0, 0.0, 0.0, 0.0, 0.0, 0.0, 0.0]
2022-12-14 11:37:13,041 Train INFO: mean test reward: 84.4790,0.0000,0.0000,0.0000
2022-12-14 11:37:13,042 Train INFO: test seed: 2************************************
2022-12-14 11:37:14,789 Train INFO: mean test reward1: [76.14632839629093, 80.36598585306434, 77.2150138515361, 77.58163437865834, 81.86701658309586, 77.96944811642919, 78.88987375806944, 82.2761378294819, 79.04942930207307, 80.23917303592879, 80.68603420790153, 81.79270717010759, 86.20628628122996, 79.8900681432257, 78.63531085696833, 80.30418658833035, 80.68603420790154, 78.29499503717996, 81.16379174432174, 84.65339628551904, 79.93159994300848, 83.1607484961425, 82.53729012121184, 74.98529492429208, 77.55180432602766, 85.50538517039735, 80.20780477014681, 79.00835569570158, 78.77498381845851, 80.03631264069544, 81.34273004817425, 84.67149246015934, 75.82022630539895, 82.5681184162102, 81.8524671841698, 76.53647473020258, 80.38679199448462, 79.56414773875953, 84.2577575399356, 79.34867151548995, 79.68897362735517, 81.77765795846419, 74.40281706624872, 77.37105557137544, 80.90922884322065, 81.87530604042279, 76.01619881594411, 82.06760431129443, 80.3249122466929, 86.82874448759448]
2022-12-14 11:37:14,789 Train INFO: mean test reward2: [0.0, 0.0, 0.0, 0.0, 0.0, 0.0, 0.0, 0.0, 0.0, 0.0, 0.0, 0.0, 0.0, 0.0, 0.0, 0.0, 0.0, 0.0, 0.0, 0.0, 0.0, 0.0, 0.0, 0.0, 0.0, 0.0, 0.0, 0.0, 0.0, 0.0, 0.0, 0.0, 0.0, 0.0, 0.0, 0.0, 0.0, 0.0, 0.0, 0.0, 0.0, 0.0, 0.0, 0.0, 0.0, 0.0, 0.0, 0.0, 0.0, 0.0]
2022-12-14 11:37:14,789 Train INFO: mean test reward3: [0.0, 0.0, 0.0, 0.0, 0.0, 0.0, 0.0, 0.0, 0.0, 0.0, 0.0, 0.0, 0.0, 0.0, 0.0, 0.0, 0.0, 0.0, 0.0, 0.0, 0.0, 0.0, 0.0, 0.0, 0.0, 0.0, 0.0, 0.0, 0.0, 0.0, 0.0, 0.0, 0.0, 0.0, 0.0, 0.0, 0.0, 0.0, 0.0, 0.0, 0.0, 0.0, 0.0, 0.0, 0.0, 0.0, 0.0, 0.0, 0.0, 0.0]
2022-12-14 11:37:14,789 Train INFO: mean test reward4: [0.0, 0.0, 0.0, 0.0, 0.0, 0.0, 0.0, 0.0, 0.0, 0.0, 0.0, 0.0, 0.0, 0.0, 0.0, 0.0, 0.0, 0.0, 0.0, 0.0, 0.0, 0.0, 0.0, 0.0, 0.0, 0.0, 0.0, 0.0, 0.0, 0.0, 0.0, 0.0, 0.0, 0.0, 0.0, 0.0, 0.0, 0.0, 0.0, 0.0, 0.0, 0.0, 0.0, 0.0, 0.0, 0.0, 0.0, 0.0, 0.0, 0.0]
2022-12-14 11:37:14,789 Train INFO: mean test reward: 80.2645,0.0000,0.0000,0.0000
2022-12-14 11:37:14,789 Train INFO: test seed: 3************************************
2022-12-14 11:37:16,671 Train INFO: mean test reward1: [79.39264190138498, 83.51557278835512, 84.51858577917795, 84.50608293366486, 86.28282602309538, 86.23808913279956, 89.27988508832503, 81.79660070577563, 80.67585696597756, 83.72993207420411, 82.21073285880354, 86.42504810224811, 86.11300569902409, 86.93834437009697, 86.917577916801, 85.8491650255859, 89.22051143010438, 83.20597146741761, 88.96365110575408, 87.88150077085915, 87.5675221445371, 88.04598500439468, 84.35910984864425, 81.34273004817422, 84.31387084338012, 86.52058103005531, 86.51388153145463, 84.56197024387762, 80.28383864032143, 81.79661441369883, 84.8788000083921, 89.66540236690798, 87.874471761243, 82.3618907481692, 86.48311645339324, 86.32806502835956, 79.68536792141079, 85.0819660103271, 87.32726847731064, 86.05301150264555, 85.55972354674729, 82.21073285880354, 80.35765497356093, 87.874471761243, 84.97417655167207, 89.78940576710048, 83.32615802263702, 82.48013056448892, 85.74668251619586, 90.68311811826464]
2022-12-14 11:37:16,671 Train INFO: mean test reward2: [0.0, 0.0, 0.0, 0.0, 0.0, 0.0, 0.0, 0.0, 0.0, 0.0, 0.0, 0.0, 0.0, 0.0, 0.0, 0.0, 0.0, 0.0, 0.0, 0.0, 0.0, 0.0, 0.0, 0.0, 0.0, 0.0, 0.0, 0.0, 0.0, 0.0, 0.0, 0.0, 0.0, 0.0, 0.0, 0.0, 0.0, 0.0, 0.0, 0.0, 0.0, 0.0, 0.0, 0.0, 0.0, 0.0, 0.0, 0.0, 0.0, 0.0]
2022-12-14 11:37:16,671 Train INFO: mean test reward3: [0.0, 0.0, 0.0, 0.0, 0.0, 0.0, 0.0, 0.0, 0.0, 0.0, 0.0, 0.0, 0.0, 0.0, 0.0, 0.0, 0.0, 0.0, 0.0, 0.0, 0.0, 0.0, 0.0, 0.0, 0.0, 0.0, 0.0, 0.0, 0.0, 0.0, 0.0, 0.0, 0.0, 0.0, 0.0, 0.0, 0.0, 0.0, 0.0, 0.0, 0.0, 0.0, 0.0, 0.0, 0.0, 0.0, 0.0, 0.0, 0.0, 0.0]
2022-12-14 11:37:16,671 Train INFO: mean test reward4: [0.0, 0.0, 0.0, 0.0, 0.0, 0.0, 0.0, 0.0, 0.0, 0.0, 0.0, 0.0, 0.0, 0.0, 0.0, 0.0, 0.0, 0.0, 0.0, 0.0, 0.0, 0.0, 0.0, 0.0, 0.0, 0.0, 0.0, 0.0, 0.0, 0.0, 0.0, 0.0, 0.0, 0.0, 0.0, 0.0, 0.0, 0.0, 0.0, 0.0, 0.0, 0.0, 0.0, 0.0, 0.0, 0.0, 0.0, 0.0, 0.0, 0.0]
2022-12-14 11:37:16,671 Train INFO: mean test reward: 85.1542,0.0000,0.0000,0.0000
2022-12-14 11:37:16,672 Train INFO: test seed: 4************************************
2022-12-14 11:37:18,426 Train INFO: mean test reward1: [85.92288998468146, 86.98791650671717, 84.51576717351134, 83.10639641186937, 86.06891292843034, 78.33888724921806, 85.74257563003009, 85.37140748916569, 82.45153720252453, 85.7503274111328, 81.8444096759753, 84.22893344687674, 88.63593503575221, 82.27046470652779, 84.2580198885899, 82.5886666989444, 85.36752854348083, 80.32491224669288, 84.08785760239438, 89.66206952461837, 79.35149012115662, 89.22022218903888, 84.56561513881458, 85.135260708105, 83.00278514404911, 84.70669098329691, 82.93914605273356, 84.68407491914236, 81.9080350593676, 77.5553296713245, 85.9798188103099, 90.46599349298272, 81.56983846292364, 88.61516858245628, 81.44222781631841, 83.12021854873034, 83.39689527720321, 83.34967329338804, 86.20367359932011, 88.69022429803302, 85.14560510164262, 84.00677595429059, 82.12628762606778, 86.01712070815908, 82.98277683209851, 83.25217453778393, 82.75697444457542, 85.63889305754083, 83.17322874054956, 89.51064928659842]
2022-12-14 11:37:18,428 Train INFO: mean test reward2: [0.0, 0.0, 0.0, 0.0, 0.0, 0.0, 0.0, 0.0, 0.0, 0.0, 0.0, 0.0, 0.0, 0.0, 0.0, 0.0, 0.0, 0.0, 0.0, 0.0, 0.0, 0.0, 0.0, 0.0, 0.0, 0.0, 0.0, 0.0, 0.0, 0.0, 0.0, 0.0, 0.0, 0.0, 0.0, 0.0, 0.0, 0.0, 0.0, 0.0, 0.0, 0.0, 0.0, 0.0, 0.0, 0.0, 0.0, 0.0, 0.0, 0.0]
2022-12-14 11:37:18,428 Train INFO: mean test reward3: [0.0, 0.0, 0.0, 0.0, 0.0, 0.0, 0.0, 0.0, 0.0, 0.0, 0.0, 0.0, 0.0, 0.0, 0.0, 0.0, 0.0, 0.0, 0.0, 0.0, 0.0, 0.0, 0.0, 0.0, 0.0, 0.0, 0.0, 0.0, 0.0, 0.0, 0.0, 0.0, 0.0, 0.0, 0.0, 0.0, 0.0, 0.0, 0.0, 0.0, 0.0, 0.0, 0.0, 0.0, 0.0, 0.0, 0.0, 0.0, 0.0, 0.0]
2022-12-14 11:37:18,429 Train INFO: mean test reward4: [0.0, 0.0, 0.0, 0.0, 0.0, 0.0, 0.0, 0.0, 0.0, 0.0, 0.0, 0.0, 0.0, 0.0, 0.0, 0.0, 0.0, 0.0, 0.0, 0.0, 0.0, 0.0, 0.0, 0.0, 0.0, 0.0, 0.0, 0.0, 0.0, 0.0, 0.0, 0.0, 0.0, 0.0, 0.0, 0.0, 0.0, 0.0, 0.0, 0.0, 0.0, 0.0, 0.0, 0.0, 0.0, 0.0, 0.0, 0.0, 0.0, 0.0]
2022-12-14 11:37:18,429 Train INFO: mean test reward: 84.3608,0.0000,0.0000,0.0000
2022-12-14 11:37:18,430 Train INFO: test seed: 5************************************
2022-12-14 11:37:20,000 Train INFO: mean test reward1: [83.75772720267389, 83.13889382177133, 82.89135079045711, 82.27046470652778, 86.28284311011366, 78.93455307038526, 84.10367695642378, 82.75389536590208, 83.96914422601492, 84.15439491284639, 80.03492665847679, 81.23936742108503, 79.06418449318745, 82.33251160593312, 80.30418658833037, 78.59850132258548, 85.18444851971711, 85.52282772718566, 82.93914605273358, 86.61200707169672, 84.30946004580329, 86.86839010518887, 77.29090899509566, 84.16633149829418, 76.56044684139557, 83.36415255033513, 81.5898467748742, 81.33077975480322, 76.3264225879708, 78.09076018086053, 80.36598585306434, 85.41097544053936, 82.21771366770916, 81.28748861149666, 81.97914531275094, 81.90804876729082, 81.91998535273862, 83.07318731344611, 84.21438910922497, 85.3794651289286, 76.50165319301449, 81.51884904730134, 83.59975567243657, 82.88639501391495, 85.8539523868763, 83.22825244640302, 78.81804435336988, 81.30123346095354, 84.03800963709114, 88.00675726131206]
2022-12-14 11:37:20,000 Train INFO: mean test reward2: [0.0, 0.0, 0.0, 0.0, 0.0, 0.0, 0.0, 0.0, 0.0, 0.0, 0.0, 0.0, 0.0, 0.0, 0.0, 0.0, 0.0, 0.0, 0.0, 0.0, 0.0, 0.0, 0.0, 0.0, 0.0, 0.0, 0.0, 0.0, 0.0, 0.0, 0.0, 0.0, 0.0, 0.0, 0.0, 0.0, 0.0, 0.0, 0.0, 0.0, 0.0, 0.0, 0.0, 0.0, 0.0, 0.0, 0.0, 0.0, 0.0, 0.0]
2022-12-14 11:37:20,000 Train INFO: mean test reward3: [0.0, 0.0, 0.0, 0.0, 0.0, 0.0, 0.0, 0.0, 0.0, 0.0, 0.0, 0.0, 0.0, 0.0, 0.0, 0.0, 0.0, 0.0, 0.0, 0.0, 0.0, 0.0, 0.0, 0.0, 0.0, 0.0, 0.0, 0.0, 0.0, 0.0, 0.0, 0.0, 0.0, 0.0, 0.0, 0.0, 0.0, 0.0, 0.0, 0.0, 0.0, 0.0, 0.0, 0.0, 0.0, 0.0, 0.0, 0.0, 0.0, 0.0]
2022-12-14 11:37:20,000 Train INFO: mean test reward4: [0.0, 0.0, 0.0, 0.0, 0.0, 0.0, 0.0, 0.0, 0.0, 0.0, 0.0, 0.0, 0.0, 0.0, 0.0, 0.0, 0.0, 0.0, 0.0, 0.0, 0.0, 0.0, 0.0, 0.0, 0.0, 0.0, 0.0, 0.0, 0.0, 0.0, 0.0, 0.0, 0.0, 0.0, 0.0, 0.0, 0.0, 0.0, 0.0, 0.0, 0.0, 0.0, 0.0, 0.0, 0.0, 0.0, 0.0, 0.0, 0.0, 0.0]
2022-12-14 11:37:20,000 Train INFO: mean test reward: 82.3499,0.0000,0.0000,0.0000
2022-12-14 11:37:20,001 Train INFO: test seed: 6************************************
2022-12-14 11:37:21,745 Train INFO: mean test reward1: [81.1310490174537, 83.64230731202684, 79.03426037198602, 79.00835569570158, 81.17572832976953, 81.39892296508864, 81.36665213955511, 80.74965959129385, 77.92195019844674, 81.78077058465982, 83.36360889137586, 81.8563462614231, 82.99890606679583, 77.73894920830122, 79.82642905191015, 76.50165319301449, 82.90459340313122, 79.04942930207304, 80.98480451998394, 78.57000470417724, 82.2226694442513, 82.39256938179253, 79.52718683849324, 80.01735286169576, 81.14276787207737, 81.10899467418523, 77.85382543998897, 84.78357268728655, 81.9199853527386, 80.66522806648129, 79.40097278088838, 86.42969864737317, 78.65214485840279, 84.30518836622844, 83.39689527720319, 75.15725133114181, 78.35082383466583, 80.00218393160877, 81.82338580373094, 81.79552577577421, 80.92116542866843, 79.63235772959152, 81.79270717010759, 79.60322070866788, 82.41359325403691, 83.10455557922809, 81.25521778596314, 85.30791339215942, 78.96367638338573, 85.05007217383543]
2022-12-14 11:37:21,746 Train INFO: mean test reward2: [0.0, 0.0, 0.0, 0.0, 0.0, 0.0, 0.0, 0.0, 0.0, 0.0, 0.0, 0.0, 0.0, 0.0, 0.0, 0.0, 0.0, 0.0, 0.0, 0.0, 0.0, 0.0, 0.0, 0.0, 0.0, 0.0, 0.0, 0.0, 0.0, 0.0, 0.0, 0.0, 0.0, 0.0, 0.0, 0.0, 0.0, 0.0, 0.0, 0.0, 0.0, 0.0, 0.0, 0.0, 0.0, 0.0, 0.0, 0.0, 0.0, 0.0]
2022-12-14 11:37:21,746 Train INFO: mean test reward3: [0.0, 0.0, 0.0, 0.0, 0.0, 0.0, 0.0, 0.0, 0.0, 0.0, 0.0, 0.0, 0.0, 0.0, 0.0, 0.0, 0.0, 0.0, 0.0, 0.0, 0.0, 0.0, 0.0, 0.0, 0.0, 0.0, 0.0, 0.0, 0.0, 0.0, 0.0, 0.0, 0.0, 0.0, 0.0, 0.0, 0.0, 0.0, 0.0, 0.0, 0.0, 0.0, 0.0, 0.0, 0.0, 0.0, 0.0, 0.0, 0.0, 0.0]
2022-12-14 11:37:21,746 Train INFO: mean test reward4: [0.0, 0.0, 0.0, 0.0, 0.0, 0.0, 0.0, 0.0, 0.0, 0.0, 0.0, 0.0, 0.0, 0.0, 0.0, 0.0, 0.0, 0.0, 0.0, 0.0, 0.0, 0.0, 0.0, 0.0, 0.0, 0.0, 0.0, 0.0, 0.0, 0.0, 0.0, 0.0, 0.0, 0.0, 0.0, 0.0, 0.0, 0.0, 0.0, 0.0, 0.0, 0.0, 0.0, 0.0, 0.0, 0.0, 0.0, 0.0, 0.0, 0.0]
2022-12-14 11:37:21,746 Train INFO: mean test reward: 80.9999,0.0000,0.0000,0.0000
2022-12-14 11:37:21,746 Train INFO: test seed: 7************************************
2022-12-14 11:37:23,590 Train INFO: mean test reward1: [85.80621472134563, 77.16751593355364, 80.68603420790156, 79.76278996059467, 82.96175295985411, 80.29578893369242, 77.45680849006274, 80.92116542866844, 80.54576968668742, 83.68667653854669, 80.09292853845905, 84.08421270745744, 83.62884211414973, 80.08099195301125, 79.82642905191018, 79.0871977707435, 81.25521778596314, 79.67343133596299, 76.75339748844895, 80.04190527517974, 84.2280731662824, 82.3341037978433, 80.80973107507646, 84.50383058806354, 80.92398403433506, 82.65079189181353, 82.12156577627377, 81.87041703901517, 80.35765497356095, 77.58163437865832, 79.53140501189152, 79.57049168972301, 84.08162009502254, 86.65410637003497, 85.99760157538921, 78.1801188054922, 80.2148279636987, 82.88585135495569, 81.22743083563726, 75.27948751732472, 77.83619727975943, 79.57331029538965, 79.01668657520499, 80.2000863580973, 84.39909573307223, 86.46058683367676, 80.28385234824464, 81.11208923845402, 82.3499541627214, 85.61925575189701]
2022-12-14 11:37:23,595 Train INFO: mean test reward2: [0.0, 0.0, 0.0, 0.0, 0.0, 0.0, 0.0, 0.0, 0.0, 0.0, 0.0, 0.0, 0.0, 0.0, 0.0, 0.0, 0.0, 0.0, 0.0, 0.0, 0.0, 0.0, 0.0, 0.0, 0.0, 0.0, 0.0, 0.0, 0.0, 0.0, 0.0, 0.0, 0.0, 0.0, 0.0, 0.0, 0.0, 0.0, 0.0, 0.0, 0.0, 0.0, 0.0, 0.0, 0.0, 0.0, 0.0, 0.0, 0.0, 0.0]
2022-12-14 11:37:23,595 Train INFO: mean test reward3: [0.0, 0.0, 0.0, 0.0, 0.0, 0.0, 0.0, 0.0, 0.0, 0.0, 0.0, 0.0, 0.0, 0.0, 0.0, 0.0, 0.0, 0.0, 0.0, 0.0, 0.0, 0.0, 0.0, 0.0, 0.0, 0.0, 0.0, 0.0, 0.0, 0.0, 0.0, 0.0, 0.0, 0.0, 0.0, 0.0, 0.0, 0.0, 0.0, 0.0, 0.0, 0.0, 0.0, 0.0, 0.0, 0.0, 0.0, 0.0, 0.0, 0.0]
2022-12-14 11:37:23,595 Train INFO: mean test reward4: [0.0, 0.0, 0.0, 0.0, 0.0, 0.0, 0.0, 0.0, 0.0, 0.0, 0.0, 0.0, 0.0, 0.0, 0.0, 0.0, 0.0, 0.0, 0.0, 0.0, 0.0, 0.0, 0.0, 0.0, 0.0, 0.0, 0.0, 0.0, 0.0, 0.0, 0.0, 0.0, 0.0, 0.0, 0.0, 0.0, 0.0, 0.0, 0.0, 0.0, 0.0, 0.0, 0.0, 0.0, 0.0, 0.0, 0.0, 0.0, 0.0, 0.0]
2022-12-14 11:37:23,595 Train INFO: mean test reward: 81.2334,0.0000,0.0000,0.0000
2022-12-14 11:37:23,595 Train INFO: test seed: 8************************************
2022-12-14 11:37:25,498 Train INFO: mean test reward1: [75.06867980678788, 82.8453214075435, 85.21884101647534, 79.71811064827882, 78.17016914858435, 79.02311088681599, 77.16751593355366, 79.64429431503933, 77.83619727975946, 79.55855510427524, 80.08099195301122, 82.46138851631338, 82.9016951839947, 82.39256938179253, 76.49232208293785, 81.37858872500291, 84.41055000585767, 78.63531085696835, 80.4106651653802, 80.1504214369958, 78.93455307038526, 84.22632569467275, 83.16646789565196, 84.87910561509372, 78.26869032984611, 81.18062574575619, 82.0676043112944, 81.02633631976673, 82.636787889356, 76.66764456976168, 81.58984677487423, 86.49903158710126, 81.45760627986198, 82.18486223615848, 82.62485130390822, 81.68409142218223, 82.95263498007296, 83.408831862651, 80.44340789224823, 82.38063279634471, 79.70012311252519, 78.84519444575359, 76.24990889758003, 82.21771366770916, 85.31811279138779, 82.11767224060569, 79.7740313275448, 81.17572832976953, 79.68897362735514, 83.69424708482809]
2022-12-14 11:37:25,498 Train INFO: mean test reward2: [0.0, 0.0, 0.0, 0.0, 0.0, 0.0, 0.0, 0.0, 0.0, 0.0, 0.0, 0.0, 0.0, 0.0, 0.0, 0.0, 0.0, 0.0, 0.0, 0.0, 0.0, 0.0, 0.0, 0.0, 0.0, 0.0, 0.0, 0.0, 0.0, 0.0, 0.0, 0.0, 0.0, 0.0, 0.0, 0.0, 0.0, 0.0, 0.0, 0.0, 0.0, 0.0, 0.0, 0.0, 0.0, 0.0, 0.0, 0.0, 0.0, 0.0]
2022-12-14 11:37:25,498 Train INFO: mean test reward3: [0.0, 0.0, 0.0, 0.0, 0.0, 0.0, 0.0, 0.0, 0.0, 0.0, 0.0, 0.0, 0.0, 0.0, 0.0, 0.0, 0.0, 0.0, 0.0, 0.0, 0.0, 0.0, 0.0, 0.0, 0.0, 0.0, 0.0, 0.0, 0.0, 0.0, 0.0, 0.0, 0.0, 0.0, 0.0, 0.0, 0.0, 0.0, 0.0, 0.0, 0.0, 0.0, 0.0, 0.0, 0.0, 0.0, 0.0, 0.0, 0.0, 0.0]
2022-12-14 11:37:25,498 Train INFO: mean test reward4: [0.0, 0.0, 0.0, 0.0, 0.0, 0.0, 0.0, 0.0, 0.0, 0.0, 0.0, 0.0, 0.0, 0.0, 0.0, 0.0, 0.0, 0.0, 0.0, 0.0, 0.0, 0.0, 0.0, 0.0, 0.0, 0.0, 0.0, 0.0, 0.0, 0.0, 0.0, 0.0, 0.0, 0.0, 0.0, 0.0, 0.0, 0.0, 0.0, 0.0, 0.0, 0.0, 0.0, 0.0, 0.0, 0.0, 0.0, 0.0, 0.0, 0.0]
2022-12-14 11:37:25,498 Train INFO: mean test reward: 81.0125,0.0000,0.0000,0.0000
2022-12-14 11:37:25,499 Train INFO: test seed: 9************************************
2022-12-14 11:37:27,639 Train INFO: mean test reward1: [81.39120455303912, 84.38690497711404, 84.70669098329691, 83.6304343060599, 87.69297470498472, 79.49444411162517, 88.90442870278395, 83.64077869959752, 85.55561666058153, 87.77718345593732, 82.88639501391495, 86.75808489924906, 89.98463123394525, 85.53971523479672, 85.49972935036875, 83.09421118569048, 90.02016996537385, 88.32437001548465, 91.15886841858945, 91.4326383693557, 84.70767706512319, 87.7273842887612, 86.23346467620203, 91.62607844903211, 80.97286793453615, 86.75822608544031, 88.8814715121583, 89.32345747699611, 88.61120374211926, 90.1398270610386, 80.42962494437987, 92.65706492674008, 88.37766471326253, 90.68311811826463, 88.65444613279922, 85.27136938582726, 86.71286298100316, 86.29477969556146, 90.01646701058586, 82.62485130390823, 87.90896662512547, 86.28032736282884, 82.93389293189742, 86.91757791680101, 89.74906613539183, 83.78807173001816, 86.29477969556145, 88.33692475755755, 87.72739948709717, 89.57507291384493]
2022-12-14 11:37:27,643 Train INFO: mean test reward2: [0.0, 0.0, 0.0, 0.0, 0.0, 0.0, 0.0, 0.0, 0.0, 0.0, 0.0, 0.0, 0.0, 0.0, 0.0, 0.0, 0.0, 0.0, 0.0, 0.0, 0.0, 0.0, 0.0, 0.0, 0.0, 0.0, 0.0, 0.0, 0.0, 0.0, 0.0, 0.0, 0.0, 0.0, 0.0, 0.0, 0.0, 0.0, 0.0, 0.0, 0.0, 0.0, 0.0, 0.0, 0.0, 0.0, 0.0, 0.0, 0.0, 0.0]
2022-12-14 11:37:27,643 Train INFO: mean test reward3: [0.0, 0.0, 0.0, 0.0, 0.0, 0.0, 0.0, 0.0, 0.0, 0.0, 0.0, 0.0, 0.0, 0.0, 0.0, 0.0, 0.0, 0.0, 0.0, 0.0, 0.0, 0.0, 0.0, 0.0, 0.0, 0.0, 0.0, 0.0, 0.0, 0.0, 0.0, 0.0, 0.0, 0.0, 0.0, 0.0, 0.0, 0.0, 0.0, 0.0, 0.0, 0.0, 0.0, 0.0, 0.0, 0.0, 0.0, 0.0, 0.0, 0.0]
2022-12-14 11:37:27,643 Train INFO: mean test reward4: [0.0, 0.0, 0.0, 0.0, 0.0, 0.0, 0.0, 0.0, 0.0, 0.0, 0.0, 0.0, 0.0, 0.0, 0.0, 0.0, 0.0, 0.0, 0.0, 0.0, 0.0, 0.0, 0.0, 0.0, 0.0, 0.0, 0.0, 0.0, 0.0, 0.0, 0.0, 0.0, 0.0, 0.0, 0.0, 0.0, 0.0, 0.0, 0.0, 0.0, 0.0, 0.0, 0.0, 0.0, 0.0, 0.0, 0.0, 0.0, 0.0, 0.0]
2022-12-14 11:37:27,643 Train INFO: mean test reward: 86.7619,0.0000,0.0000,0.0000
2022-12-14 11:37:27,644 Train INFO: test seed: 10************************************
2022-12-14 11:37:29,473 Train INFO: mean test reward1: [84.97973358391926, 86.42969864737319, 86.91315003220595, 89.66635776929508, 84.10230888209777, 92.18831632633494, 86.6653017694746, 86.95311664822962, 89.1246892612317, 85.99760157538923, 90.01646701058584, 87.30925182204743, 90.45810052568876, 88.80212755190485, 81.3912045530391, 86.90715585704265, 91.76579225833297, 83.59975567243657, 89.66635776929509, 89.87446360723361, 86.00157134543213, 91.831635771096, 90.49363925711737, 84.04608136359393, 84.97973358391927, 84.35725530807977, 87.96876710363983, 90.56235112904056, 84.66322257119427, 82.6624693242607, 86.48868719356363, 94.65005585763087, 86.61308938417594, 86.56333743531768, 90.08613503671381, 83.84191008675535, 89.78940576710046, 87.73371466068973, 86.92427741540166, 86.10814067151296, 87.0490246524119, 85.86393730371857, 86.58535113430129, 89.56210716594327, 85.60974859329576, 90.49415191272068, 83.59975567243656, 89.00164126342632, 86.82874448759449, 91.56200691105494]
2022-12-14 11:37:29,474 Train INFO: mean test reward2: [0.0, 0.0, 0.0, 0.0, 0.0, 0.0, 0.0, 0.0, 0.0, 0.0, 0.0, 0.0, 0.0, 0.0, 0.0, 0.0, 0.0, 0.0, 0.0, 0.0, 0.0, 0.0, 0.0, 0.0, 0.0, 0.0, 0.0, 0.0, 0.0, 0.0, 0.0, 0.0, 0.0, 0.0, 0.0, 0.0, 0.0, 0.0, 0.0, 0.0, 0.0, 0.0, 0.0, 0.0, 0.0, 0.0, 0.0, 0.0, 0.0, 0.0]
2022-12-14 11:37:29,474 Train INFO: mean test reward3: [0.0, 0.0, 0.0, 0.0, 0.0, 0.0, 0.0, 0.0, 0.0, 0.0, 0.0, 0.0, 0.0, 0.0, 0.0, 0.0, 0.0, 0.0, 0.0, 0.0, 0.0, 0.0, 0.0, 0.0, 0.0, 0.0, 0.0, 0.0, 0.0, 0.0, 0.0, 0.0, 0.0, 0.0, 0.0, 0.0, 0.0, 0.0, 0.0, 0.0, 0.0, 0.0, 0.0, 0.0, 0.0, 0.0, 0.0, 0.0, 0.0, 0.0]
2022-12-14 11:37:29,474 Train INFO: mean test reward4: [0.0, 0.0, 0.0, 0.0, 0.0, 0.0, 0.0, 0.0, 0.0, 0.0, 0.0, 0.0, 0.0, 0.0, 0.0, 0.0, 0.0, 0.0, 0.0, 0.0, 0.0, 0.0, 0.0, 0.0, 0.0, 0.0, 0.0, 0.0, 0.0, 0.0, 0.0, 0.0, 0.0, 0.0, 0.0, 0.0, 0.0, 0.0, 0.0, 0.0, 0.0, 0.0, 0.0, 0.0, 0.0, 0.0, 0.0, 0.0, 0.0, 0.0]
2022-12-14 11:37:29,474 Train INFO: mean test reward: 87.5067,0.0000,0.0000,0.0000
2022-12-14 11:37:29,474 Train INFO: test seed: 11************************************
2022-12-14 11:37:31,322 Train INFO: mean test reward1: [81.36665213955511, 84.51642732720246, 82.75389536590208, 81.30123346095354, 75.28391859087779, 79.56414773875953, 80.02928944714354, 77.7389492083012, 79.34867151548998, 79.34867151548998, 78.93455307038525, 83.01884893709617, 81.90804876729082, 80.45816308336265, 76.79094574952359, 78.54955793828105, 82.63023992090369, 77.82664507955204, 77.77026443237608, 82.89157075446515, 80.84734909542892, 83.1830294751279, 79.76278996059467, 82.7362856575002, 77.73894920830122, 85.97981881030992, 75.35329014264103, 76.82720011376527, 81.15991266706845, 80.1653567026893, 78.72035484923481, 84.63595372873074, 77.92195019844671, 79.05224790773968, 83.61849772061213, 78.79777688841868, 79.55855510427523, 80.28383864032143, 81.39892296508864, 76.01020677729667, 79.7923003428235, 79.97267354937992, 81.58177504837143, 85.27998144752429, 82.22053227337581, 79.23866155732343, 80.91979096758237, 82.08803262536294, 81.69320940196339, 84.32139663125109]
2022-12-14 11:37:31,323 Train INFO: mean test reward2: [0.0, 0.0, 0.0, 0.0, 0.0, 0.0, 0.0, 0.0, 0.0, 0.0, 0.0, 0.0, 0.0, 0.0, 0.0, 0.0, 0.0, 0.0, 0.0, 0.0, 0.0, 0.0, 0.0, 0.0, 0.0, 0.0, 0.0, 0.0, 0.0, 0.0, 0.0, 0.0, 0.0, 0.0, 0.0, 0.0, 0.0, 0.0, 0.0, 0.0, 0.0, 0.0, 0.0, 0.0, 0.0, 0.0, 0.0, 0.0, 0.0, 0.0]
2022-12-14 11:37:31,325 Train INFO: mean test reward3: [0.0, 0.0, 0.0, 0.0, 0.0, 0.0, 0.0, 0.0, 0.0, 0.0, 0.0, 0.0, 0.0, 0.0, 0.0, 0.0, 0.0, 0.0, 0.0, 0.0, 0.0, 0.0, 0.0, 0.0, 0.0, 0.0, 0.0, 0.0, 0.0, 0.0, 0.0, 0.0, 0.0, 0.0, 0.0, 0.0, 0.0, 0.0, 0.0, 0.0, 0.0, 0.0, 0.0, 0.0, 0.0, 0.0, 0.0, 0.0, 0.0, 0.0]
2022-12-14 11:37:31,325 Train INFO: mean test reward4: [0.0, 0.0, 0.0, 0.0, 0.0, 0.0, 0.0, 0.0, 0.0, 0.0, 0.0, 0.0, 0.0, 0.0, 0.0, 0.0, 0.0, 0.0, 0.0, 0.0, 0.0, 0.0, 0.0, 0.0, 0.0, 0.0, 0.0, 0.0, 0.0, 0.0, 0.0, 0.0, 0.0, 0.0, 0.0, 0.0, 0.0, 0.0, 0.0, 0.0, 0.0, 0.0, 0.0, 0.0, 0.0, 0.0, 0.0, 0.0, 0.0, 0.0]
2022-12-14 11:37:31,326 Train INFO: mean test reward: 80.4578,0.0000,0.0000,0.0000
2022-12-14 11:37:31,326 Train INFO: test seed: 12************************************
2022-12-14 11:37:33,357 Train INFO: mean test reward1: [79.34665808783127, 81.25130400653283, 84.2991156522657, 80.16673116377535, 83.99643156075298, 80.97286793453615, 86.66255197144186, 80.50704698356373, 86.88504967231907, 87.5289997248919, 80.71693057234897, 85.03972778029782, 84.29911565226571, 84.31105223771345, 80.08099195301125, 84.55130590493997, 85.55972354674729, 81.64853008964758, 84.87499872892793, 87.51422744675921, 83.17109288968011, 87.55710008477877, 82.59210857704018, 85.64445008978802, 85.65479448332566, 87.08976460811692, 81.58984677487422, 83.93464701000197, 79.61517100203885, 83.32022442667622, 83.51557278835512, 82.24701784024644, 78.13742642171628, 83.16461335508751, 86.79362363067766, 84.58451357151732, 86.58525137294335, 85.13115382193922, 88.05387797168866, 84.723578490908, 83.0972765564406, 85.70474442926071, 75.99543787825904, 82.46138851631336, 89.03717999485494, 85.00022420853219, 82.07635651292186, 86.4564301120597, 86.67335940923752, 89.42365267582497]
2022-12-14 11:37:33,358 Train INFO: mean test reward2: [0.0, 0.0, 0.0, 0.0, 0.0, 0.0, 0.0, 0.0, 0.0, 0.0, 0.0, 0.0, 0.0, 0.0, 0.0, 0.0, 0.0, 0.0, 0.0, 0.0, 0.0, 0.0, 0.0, 0.0, 0.0, 0.0, 0.0, 0.0, 0.0, 0.0, 0.0, 0.0, 0.0, 0.0, 0.0, 0.0, 0.0, 0.0, 0.0, 0.0, 0.0, 0.0, 0.0, 0.0, 0.0, 0.0, 0.0, 0.0, 0.0, 0.0]
2022-12-14 11:37:33,358 Train INFO: mean test reward3: [0.0, 0.0, 0.0, 0.0, 0.0, 0.0, 0.0, 0.0, 0.0, 0.0, 0.0, 0.0, 0.0, 0.0, 0.0, 0.0, 0.0, 0.0, 0.0, 0.0, 0.0, 0.0, 0.0, 0.0, 0.0, 0.0, 0.0, 0.0, 0.0, 0.0, 0.0, 0.0, 0.0, 0.0, 0.0, 0.0, 0.0, 0.0, 0.0, 0.0, 0.0, 0.0, 0.0, 0.0, 0.0, 0.0, 0.0, 0.0, 0.0, 0.0]
2022-12-14 11:37:33,359 Train INFO: mean test reward4: [0.0, 0.0, 0.0, 0.0, 0.0, 0.0, 0.0, 0.0, 0.0, 0.0, 0.0, 0.0, 0.0, 0.0, 0.0, 0.0, 0.0, 0.0, 0.0, 0.0, 0.0, 0.0, 0.0, 0.0, 0.0, 0.0, 0.0, 0.0, 0.0, 0.0, 0.0, 0.0, 0.0, 0.0, 0.0, 0.0, 0.0, 0.0, 0.0, 0.0, 0.0, 0.0, 0.0, 0.0, 0.0, 0.0, 0.0, 0.0, 0.0, 0.0]
2022-12-14 11:37:33,359 Train INFO: mean test reward: 83.9849,0.0000,0.0000,0.0000
2022-12-14 11:37:33,360 Train INFO: test seed: 13************************************
2022-12-14 11:37:35,146 Train INFO: mean test reward1: [86.66933098941966, 78.93455307038526, 79.9846101348277, 77.46675814697058, 76.85968905481252, 78.90181034351723, 78.09076018086053, 77.2150138515361, 74.03757284483306, 76.75339748844895, 78.38356656153387, 78.86642831192754, 79.34867151548997, 79.60323441659108, 73.91768609640427, 77.2567060047388, 77.41573488369127, 77.02558854977958, 77.50783175334202, 84.900726440388, 79.00474998975719, 80.43323065032423, 78.90181034351723, 81.64154928074194, 78.21766706656682, 79.27406808197271, 78.54955793828105, 78.87792346469845, 78.88987375806944, 75.74721892812141, 79.73004723372662, 83.15785027700599, 77.16751593355364, 80.43147130680045, 84.22529931902619, 81.36665213955511, 76.0875347479098, 78.96367638338576, 78.33606864355141, 77.12644232718219, 78.90882201593656, 78.88987375806946, 77.1264423271822, 80.4106651653802, 81.63659350419978, 79.73286583939321, 80.49511039811597, 84.01531628553252, 81.6074564832761, 84.42089439939528]
2022-12-14 11:37:35,146 Train INFO: mean test reward2: [0.0, 0.0, 0.0, 0.0, 0.0, 0.0, 0.0, 0.0, 0.0, 0.0, 0.0, 0.0, 0.0, 0.0, 0.0, 0.0, 0.0, 0.0, 0.0, 0.0, 0.0, 0.0, 0.0, 0.0, 0.0, 0.0, 0.0, 0.0, 0.0, 0.0, 0.0, 0.0, 0.0, 0.0, 0.0, 0.0, 0.0, 0.0, 0.0, 0.0, 0.0, 0.0, 0.0, 0.0, 0.0, 0.0, 0.0, 0.0, 0.0, 0.0]
2022-12-14 11:37:35,146 Train INFO: mean test reward3: [0.0, 0.0, 0.0, 0.0, 0.0, 0.0, 0.0, 0.0, 0.0, 0.0, 0.0, 0.0, 0.0, 0.0, 0.0, 0.0, 0.0, 0.0, 0.0, 0.0, 0.0, 0.0, 0.0, 0.0, 0.0, 0.0, 0.0, 0.0, 0.0, 0.0, 0.0, 0.0, 0.0, 0.0, 0.0, 0.0, 0.0, 0.0, 0.0, 0.0, 0.0, 0.0, 0.0, 0.0, 0.0, 0.0, 0.0, 0.0, 0.0, 0.0]
2022-12-14 11:37:35,146 Train INFO: mean test reward4: [0.0, 0.0, 0.0, 0.0, 0.0, 0.0, 0.0, 0.0, 0.0, 0.0, 0.0, 0.0, 0.0, 0.0, 0.0, 0.0, 0.0, 0.0, 0.0, 0.0, 0.0, 0.0, 0.0, 0.0, 0.0, 0.0, 0.0, 0.0, 0.0, 0.0, 0.0, 0.0, 0.0, 0.0, 0.0, 0.0, 0.0, 0.0, 0.0, 0.0, 0.0, 0.0, 0.0, 0.0, 0.0, 0.0, 0.0, 0.0, 0.0, 0.0]
2022-12-14 11:37:35,147 Train INFO: mean test reward: 79.2503,0.0000,0.0000,0.0000
2022-12-14 11:37:35,147 Train INFO: test seed: 14************************************
2022-12-14 11:37:36,900 Train INFO: mean test reward1: [81.7807705846598, 80.16535670268931, 79.53140501189151, 79.04942930207302, 82.08235950240883, 75.1572513311418, 79.5824282751708, 77.3810052282833, 80.30418658833035, 76.37682730441887, 78.01694603441166, 77.7149770971082, 82.34995416272142, 76.84196901280286, 77.67020590301227, 79.34867151548995, 82.32216721239553, 75.62543404684213, 78.93455307038528, 82.6868558186673, 76.80089540643142, 82.8175344572176, 79.39079772575501, 82.2704647065278, 76.13503266589225, 85.02092813537651, 79.6442943150393, 78.33606864355143, 80.27191576279685, 75.83579045247532, 78.81804435336988, 86.5738757278332, 80.65329148103349, 81.07690980421376, 79.66718707990277, 80.90922884322065, 79.01950518087165, 78.1374264217163, 79.67703704190734, 77.67082444984348, 80.68556230656701, 77.55532967132449, 81.00237831676498, 79.71811064827882, 83.98608716721537, 80.16312545783097, 79.0670030988541, 82.33304155696919, 76.30870254596115, 85.55561666058152]
2022-12-14 11:37:36,900 Train INFO: mean test reward2: [0.0, 0.0, 0.0, 0.0, 0.0, 0.0, 0.0, 0.0, 0.0, 0.0, 0.0, 0.0, 0.0, 0.0, 0.0, 0.0, 0.0, 0.0, 0.0, 0.0, 0.0, 0.0, 0.0, 0.0, 0.0, 0.0, 0.0, 0.0, 0.0, 0.0, 0.0, 0.0, 0.0, 0.0, 0.0, 0.0, 0.0, 0.0, 0.0, 0.0, 0.0, 0.0, 0.0, 0.0, 0.0, 0.0, 0.0, 0.0, 0.0, 0.0]
2022-12-14 11:37:36,900 Train INFO: mean test reward3: [0.0, 0.0, 0.0, 0.0, 0.0, 0.0, 0.0, 0.0, 0.0, 0.0, 0.0, 0.0, 0.0, 0.0, 0.0, 0.0, 0.0, 0.0, 0.0, 0.0, 0.0, 0.0, 0.0, 0.0, 0.0, 0.0, 0.0, 0.0, 0.0, 0.0, 0.0, 0.0, 0.0, 0.0, 0.0, 0.0, 0.0, 0.0, 0.0, 0.0, 0.0, 0.0, 0.0, 0.0, 0.0, 0.0, 0.0, 0.0, 0.0, 0.0]
2022-12-14 11:37:36,900 Train INFO: mean test reward4: [0.0, 0.0, 0.0, 0.0, 0.0, 0.0, 0.0, 0.0, 0.0, 0.0, 0.0, 0.0, 0.0, 0.0, 0.0, 0.0, 0.0, 0.0, 0.0, 0.0, 0.0, 0.0, 0.0, 0.0, 0.0, 0.0, 0.0, 0.0, 0.0, 0.0, 0.0, 0.0, 0.0, 0.0, 0.0, 0.0, 0.0, 0.0, 0.0, 0.0, 0.0, 0.0, 0.0, 0.0, 0.0, 0.0, 0.0, 0.0, 0.0, 0.0]
2022-12-14 11:37:36,900 Train INFO: mean test reward: 79.7605,0.0000,0.0000,0.0000
2022-12-14 11:37:36,901 Train INFO: test seed: 15************************************
2022-12-14 11:37:38,725 Train INFO: mean test reward1: [76.49179541788675, 77.88087659207528, 79.31592878862192, 80.90922884322063, 75.71250191198178, 76.83844366750604, 80.66522806648128, 80.68603420790156, 79.25336639659528, 79.98461013482772, 78.80412083938215, 83.89534160069863, 83.30546923556179, 80.44340789224825, 77.25608745790757, 78.15306765340591, 84.53936931949217, 79.73004723372661, 81.65348586618973, 79.68897362735515, 82.89673940745256, 81.59266538054085, 79.30399220317413, 77.88087659207528, 80.27191576279685, 77.0255885497796, 80.01735286169576, 78.08441622989707, 81.90309299074869, 75.49547463268696, 78.08441622989707, 84.63595372873073, 76.95746379132184, 76.82904148490563, 84.46247247573342, 78.72275504973034, 77.16751593355364, 81.36665213955513, 79.30399220317412, 77.42568454059912, 76.77384425434514, 75.87748260567803, 75.3535472489129, 77.97152692674923, 82.31721143585335, 78.97561296883353, 79.55855510427526, 83.31740582100959, 79.9846101348277, 81.7807705846598]
2022-12-14 11:37:38,726 Train INFO: mean test reward2: [0.0, 0.0, 0.0, 0.0, 0.0, 0.0, 0.0, 0.0, 0.0, 0.0, 0.0, 0.0, 0.0, 0.0, 0.0, 0.0, 0.0, 0.0, 0.0, 0.0, 0.0, 0.0, 0.0, 0.0, 0.0, 0.0, 0.0, 0.0, 0.0, 0.0, 0.0, 0.0, 0.0, 0.0, 0.0, 0.0, 0.0, 0.0, 0.0, 0.0, 0.0, 0.0, 0.0, 0.0, 0.0, 0.0, 0.0, 0.0, 0.0, 0.0]
2022-12-14 11:37:38,726 Train INFO: mean test reward3: [0.0, 0.0, 0.0, 0.0, 0.0, 0.0, 0.0, 0.0, 0.0, 0.0, 0.0, 0.0, 0.0, 0.0, 0.0, 0.0, 0.0, 0.0, 0.0, 0.0, 0.0, 0.0, 0.0, 0.0, 0.0, 0.0, 0.0, 0.0, 0.0, 0.0, 0.0, 0.0, 0.0, 0.0, 0.0, 0.0, 0.0, 0.0, 0.0, 0.0, 0.0, 0.0, 0.0, 0.0, 0.0, 0.0, 0.0, 0.0, 0.0, 0.0]
2022-12-14 11:37:38,726 Train INFO: mean test reward4: [0.0, 0.0, 0.0, 0.0, 0.0, 0.0, 0.0, 0.0, 0.0, 0.0, 0.0, 0.0, 0.0, 0.0, 0.0, 0.0, 0.0, 0.0, 0.0, 0.0, 0.0, 0.0, 0.0, 0.0, 0.0, 0.0, 0.0, 0.0, 0.0, 0.0, 0.0, 0.0, 0.0, 0.0, 0.0, 0.0, 0.0, 0.0, 0.0, 0.0, 0.0, 0.0, 0.0, 0.0, 0.0, 0.0, 0.0, 0.0, 0.0, 0.0]
2022-12-14 11:37:38,726 Train INFO: mean test reward: 79.5309,0.0000,0.0000,0.0000
2022-12-14 11:37:38,726 Train INFO: test seed: 16************************************
2022-12-14 11:37:40,747 Train INFO: mean test reward1: [80.03629893277224, 83.36415255033513, 82.64872447480381, 84.06677015066913, 85.86872466500898, 81.65630447185636, 84.94143382480402, 84.9144712898449, 84.71961365057096, 79.59961500272348, 80.95253369445041, 83.50832963079517, 83.31581362909942, 87.08344943452435, 83.6407786995975, 80.50704698356373, 86.04814647513437, 79.52718683849322, 78.85713103120139, 87.80178163660028, 80.49511039811595, 87.0523385876908, 89.09653084149375, 84.97973358391926, 81.64154928074196, 86.1875442330544, 80.84734909542891, 83.7299320742041, 84.1514966937099, 80.45043108580012, 80.9134470166189, 83.45503493301726, 86.23808913279957, 81.07934651158597, 87.97121852988344, 83.5680896448574, 76.84196901280289, 84.72357849090798, 80.69797079334931, 80.50704698356374, 82.74578772777845, 80.28665724598807, 83.34360057942528, 85.18444851971712, 81.0301652670909, 85.62368363649209, 77.45680849006273, 83.84191008675536, 80.68603420790154, 86.8107278323313]
2022-12-14 11:37:40,752 Train INFO: mean test reward2: [0.0, 0.0, 0.0, 0.0, 0.0, 0.0, 0.0, 0.0, 0.0, 0.0, 0.0, 0.0, 0.0, 0.0, 0.0, 0.0, 0.0, 0.0, 0.0, 0.0, 0.0, 0.0, 0.0, 0.0, 0.0, 0.0, 0.0, 0.0, 0.0, 0.0, 0.0, 0.0, 0.0, 0.0, 0.0, 0.0, 0.0, 0.0, 0.0, 0.0, 0.0, 0.0, 0.0, 0.0, 0.0, 0.0, 0.0, 0.0, 0.0, 0.0]
2022-12-14 11:37:40,752 Train INFO: mean test reward3: [0.0, 0.0, 0.0, 0.0, 0.0, 0.0, 0.0, 0.0, 0.0, 0.0, 0.0, 0.0, 0.0, 0.0, 0.0, 0.0, 0.0, 0.0, 0.0, 0.0, 0.0, 0.0, 0.0, 0.0, 0.0, 0.0, 0.0, 0.0, 0.0, 0.0, 0.0, 0.0, 0.0, 0.0, 0.0, 0.0, 0.0, 0.0, 0.0, 0.0, 0.0, 0.0, 0.0, 0.0, 0.0, 0.0, 0.0, 0.0, 0.0, 0.0]
2022-12-14 11:37:40,752 Train INFO: mean test reward4: [0.0, 0.0, 0.0, 0.0, 0.0, 0.0, 0.0, 0.0, 0.0, 0.0, 0.0, 0.0, 0.0, 0.0, 0.0, 0.0, 0.0, 0.0, 0.0, 0.0, 0.0, 0.0, 0.0, 0.0, 0.0, 0.0, 0.0, 0.0, 0.0, 0.0, 0.0, 0.0, 0.0, 0.0, 0.0, 0.0, 0.0, 0.0, 0.0, 0.0, 0.0, 0.0, 0.0, 0.0, 0.0, 0.0, 0.0, 0.0, 0.0, 0.0]
2022-12-14 11:37:40,752 Train INFO: mean test reward: 83.0939,0.0000,0.0000,0.0000
2022-12-14 11:37:40,753 Train INFO: test seed: 17************************************
2022-12-14 11:37:42,694 Train INFO: mean test reward1: [80.11433343940999, 85.65479448332566, 80.72252320683333, 80.55873578150823, 84.51576717351132, 86.47834280002604, 83.4828153475041, 86.88203918537238, 81.14298560290148, 82.64554009098345, 85.78180337311268, 85.0491770769312, 86.01747277121693, 82.97209735339175, 87.36280720873926, 81.96038813110071, 90.22682367181204, 79.64429431503933, 85.31552017895291, 88.85113400500605, 84.69083576403995, 89.41493500028035, 82.3499541627214, 85.40023158222455, 81.69711664555467, 84.70669098329691, 83.41690358915376, 83.83514924185776, 81.16379174432176, 81.84440967597531, 84.57595953235219, 88.29593971541902, 87.3015991715274, 86.06891292843032, 84.99007797745689, 85.28852139994954, 78.17016914858435, 83.93279246943749, 89.33923593496385, 81.35424365277281, 85.04642727889846, 80.4979290037826, 78.80971347386647, 85.72180917673413, 83.47449918198365, 86.84951094089044, 85.61925575189703, 86.45757634673011, 84.46247247573342, 88.37766471326255]
2022-12-14 11:37:42,695 Train INFO: mean test reward2: [0.0, 0.0, 0.0, 0.0, 0.0, 0.0, 0.0, 0.0, 0.0, 0.0, 0.0, 0.0, 0.0, 0.0, 0.0, 0.0, 0.0, 0.0, 0.0, 0.0, 0.0, 0.0, 0.0, 0.0, 0.0, 0.0, 0.0, 0.0, 0.0, 0.0, 0.0, 0.0, 0.0, 0.0, 0.0, 0.0, 0.0, 0.0, 0.0, 0.0, 0.0, 0.0, 0.0, 0.0, 0.0, 0.0, 0.0, 0.0, 0.0, 0.0]
2022-12-14 11:37:42,695 Train INFO: mean test reward3: [0.0, 0.0, 0.0, 0.0, 0.0, 0.0, 0.0, 0.0, 0.0, 0.0, 0.0, 0.0, 0.0, 0.0, 0.0, 0.0, 0.0, 0.0, 0.0, 0.0, 0.0, 0.0, 0.0, 0.0, 0.0, 0.0, 0.0, 0.0, 0.0, 0.0, 0.0, 0.0, 0.0, 0.0, 0.0, 0.0, 0.0, 0.0, 0.0, 0.0, 0.0, 0.0, 0.0, 0.0, 0.0, 0.0, 0.0, 0.0, 0.0, 0.0]
2022-12-14 11:37:42,695 Train INFO: mean test reward4: [0.0, 0.0, 0.0, 0.0, 0.0, 0.0, 0.0, 0.0, 0.0, 0.0, 0.0, 0.0, 0.0, 0.0, 0.0, 0.0, 0.0, 0.0, 0.0, 0.0, 0.0, 0.0, 0.0, 0.0, 0.0, 0.0, 0.0, 0.0, 0.0, 0.0, 0.0, 0.0, 0.0, 0.0, 0.0, 0.0, 0.0, 0.0, 0.0, 0.0, 0.0, 0.0, 0.0, 0.0, 0.0, 0.0, 0.0, 0.0, 0.0, 0.0]
2022-12-14 11:37:42,695 Train INFO: mean test reward: 84.3707,0.0000,0.0000,0.0000
2022-12-14 11:37:42,696 Train INFO: test seed: 18************************************
2022-12-14 11:37:44,698 Train INFO: mean test reward1: [77.32998196500397, 86.10814067151294, 83.3158136290994, 84.79832787840095, 80.02928944714354, 82.33864789937668, 85.56940778659379, 81.33077975480322, 76.48872566511726, 85.88470375701452, 84.37386503975866, 83.198879840006, 84.97973358391928, 81.29170678489491, 82.80219741585054, 85.72390853513299, 86.69209652770719, 76.74987214315212, 85.6049465180224, 82.75049490998279, 81.3785887250029, 84.27154866594788, 84.68407491914236, 84.30946004580329, 80.02928944714355, 85.65364824865526, 87.37757948687192, 84.53936931949218, 85.18444851971711, 83.75772720267388, 82.32216721239553, 83.04641592341402, 84.06683373014998, 85.60222517846009, 86.01147859605362, 75.53716678588964, 84.4208943993953, 84.05489714470221, 86.03612399503446, 83.1202185487303, 83.76415151428489, 82.3647093538358, 79.30399220317413, 86.20009897512732, 82.22266944425134, 83.5630707063376, 75.95918351401737, 85.72390853513295, 79.68536792141077, 89.0016412634263]
2022-12-14 11:37:44,698 Train INFO: mean test reward2: [0.0, 0.0, 0.0, 0.0, 0.0, 0.0, 0.0, 0.0, 0.0, 0.0, 0.0, 0.0, 0.0, 0.0, 0.0, 0.0, 0.0, 0.0, 0.0, 0.0, 0.0, 0.0, 0.0, 0.0, 0.0, 0.0, 0.0, 0.0, 0.0, 0.0, 0.0, 0.0, 0.0, 0.0, 0.0, 0.0, 0.0, 0.0, 0.0, 0.0, 0.0, 0.0, 0.0, 0.0, 0.0, 0.0, 0.0, 0.0, 0.0, 0.0]
2022-12-14 11:37:44,698 Train INFO: mean test reward3: [0.0, 0.0, 0.0, 0.0, 0.0, 0.0, 0.0, 0.0, 0.0, 0.0, 0.0, 0.0, 0.0, 0.0, 0.0, 0.0, 0.0, 0.0, 0.0, 0.0, 0.0, 0.0, 0.0, 0.0, 0.0, 0.0, 0.0, 0.0, 0.0, 0.0, 0.0, 0.0, 0.0, 0.0, 0.0, 0.0, 0.0, 0.0, 0.0, 0.0, 0.0, 0.0, 0.0, 0.0, 0.0, 0.0, 0.0, 0.0, 0.0, 0.0]
2022-12-14 11:37:44,698 Train INFO: mean test reward4: [0.0, 0.0, 0.0, 0.0, 0.0, 0.0, 0.0, 0.0, 0.0, 0.0, 0.0, 0.0, 0.0, 0.0, 0.0, 0.0, 0.0, 0.0, 0.0, 0.0, 0.0, 0.0, 0.0, 0.0, 0.0, 0.0, 0.0, 0.0, 0.0, 0.0, 0.0, 0.0, 0.0, 0.0, 0.0, 0.0, 0.0, 0.0, 0.0, 0.0, 0.0, 0.0, 0.0, 0.0, 0.0, 0.0, 0.0, 0.0, 0.0, 0.0]
2022-12-14 11:37:44,698 Train INFO: mean test reward: 83.2111,0.0000,0.0000,0.0000
2022-12-14 11:37:44,699 Train INFO: test seed: 19************************************
2022-12-14 11:37:46,572 Train INFO: mean test reward1: [77.00588051057517, 80.01550649927516, 79.77754515170906, 79.76560856626126, 80.21482796369871, 80.7735464701126, 85.55836645861426, 74.63745986650476, 77.46675814697058, 81.50435300918755, 85.13115382193922, 78.78067539324024, 85.84916502558589, 80.02017146736237, 79.89006814322566, 83.3174058210096, 82.93914605273359, 79.04942930207304, 79.04942930207304, 85.5020612738897, 83.74027646774168, 83.84136642779606, 82.53729012121183, 82.1709669383836, 77.46675814697058, 85.61925575189703, 82.63678788935601, 81.54205151259775, 77.96944811642919, 77.50783175334203, 87.51422744675921, 87.61596513350517, 82.33864789937671, 85.3536515228164, 80.49511039811597, 77.83619727975945, 78.59705585626352, 82.83964828458937, 84.40917777795553, 80.02928944714355, 82.06601211938423, 79.6881865270774, 75.20827459442111, 81.11208923845403, 81.73297532238335, 83.4272479826914, 79.30399220317413, 86.51388153145466, 83.35553716487308, 86.94868876363458]
2022-12-14 11:37:46,573 Train INFO: mean test reward2: [0.0, 0.0, 0.0, 0.0, 0.0, 0.0, 0.0, 0.0, 0.0, 0.0, 0.0, 0.0, 0.0, 0.0, 0.0, 0.0, 0.0, 0.0, 0.0, 0.0, 0.0, 0.0, 0.0, 0.0, 0.0, 0.0, 0.0, 0.0, 0.0, 0.0, 0.0, 0.0, 0.0, 0.0, 0.0, 0.0, 0.0, 0.0, 0.0, 0.0, 0.0, 0.0, 0.0, 0.0, 0.0, 0.0, 0.0, 0.0, 0.0, 0.0]
2022-12-14 11:37:46,573 Train INFO: mean test reward3: [0.0, 0.0, 0.0, 0.0, 0.0, 0.0, 0.0, 0.0, 0.0, 0.0, 0.0, 0.0, 0.0, 0.0, 0.0, 0.0, 0.0, 0.0, 0.0, 0.0, 0.0, 0.0, 0.0, 0.0, 0.0, 0.0, 0.0, 0.0, 0.0, 0.0, 0.0, 0.0, 0.0, 0.0, 0.0, 0.0, 0.0, 0.0, 0.0, 0.0, 0.0, 0.0, 0.0, 0.0, 0.0, 0.0, 0.0, 0.0, 0.0, 0.0]
2022-12-14 11:37:46,573 Train INFO: mean test reward4: [0.0, 0.0, 0.0, 0.0, 0.0, 0.0, 0.0, 0.0, 0.0, 0.0, 0.0, 0.0, 0.0, 0.0, 0.0, 0.0, 0.0, 0.0, 0.0, 0.0, 0.0, 0.0, 0.0, 0.0, 0.0, 0.0, 0.0, 0.0, 0.0, 0.0, 0.0, 0.0, 0.0, 0.0, 0.0, 0.0, 0.0, 0.0, 0.0, 0.0, 0.0, 0.0, 0.0, 0.0, 0.0, 0.0, 0.0, 0.0, 0.0, 0.0]
2022-12-14 11:37:46,573 Train INFO: mean test reward: 81.5533,0.0000,0.0000,0.0000
