2022-12-11 00:04:07,014 Train INFO: Namespace(logger=<Logger Train (INFO)>, name='A2C2022-12-11-00-04-07', gpu='1', device=device(type='cuda', index=1), gamma=1, epoch_num=3000, test_episode=50, val_episode=50, test_size=0.1, val_size=0.5, batch_size=50, train_batch_size=50, num_steps=10, h=1, w=[120, 50], nn_out=40, share_lr=0.0001, actor_lr=1e-05, critic_lr=0.01, step=10, lr_min=1e-05, e_rate=0.001, a_rate=1, c_rate=1, lr_decay_lambda=0.999, duse_T=True, est_T=False, use_pref=False, same_price=False, use_price=True, only_test=True, test_benchmark=True, change_T=True, num='105', print_grad=False, max_norm=10, seed_range=20, net_seed=10, seed=0, info=True, selling_length=300, cardinality=8, ini_inv=3, num_products=100, number_samples=10000, num_cus_types=8, seg_prob=None, num_cus_features=4, MNLdata=10000, p_file='../Gene_databeta/simul/p10_random.npy', c_file='../Gene_databeta/simul/c4_random.npy')
2022-12-11 00:04:07,015 Train INFO: log/A2C2022-12-11-00-04-07
2022-12-11 00:04:08,939 Train INFO: products price: [1649.73814547 1127.61563842  931.02871698 1360.34237971  725.13091995
  923.26577906 1048.06358099 1335.59336555 1195.40725861 1064.01482778
  911.06874296 1048.7285084   862.45852977  562.0352617  1338.46425903
  990.15321765  520.29278707 1208.23053483 1211.78612974 1415.52984074
  793.16221683 1876.27989159 1532.58284504  955.82118943 1761.86348334
  839.64872328  552.35384058 1249.34487063  512.10224121 1264.40811504
  800.71457455 1724.21396565 1820.46937714 1053.61927862 1303.52226404
  687.23532693  553.41199285 1166.92080199  888.36091138 1555.51175855
  945.60906956  904.8232257   185.11950973  956.00340393  921.97706365
  777.00211129 1233.85864419 1855.13122698 1247.19421357  809.85084994
  477.38637086 1180.64638022  688.85646935 1821.84964101 1336.34462326
 1180.51360642  846.06710047  671.01312444  972.26852132  920.40072648
 1206.16552071 1416.03566126 1211.55189823  896.40685864 1067.94770214
 1577.1507714  1254.63336377 1273.60053127  109.15494726 1404.48282551
 1341.31287433  440.47487253 1148.9827406  1464.57599267 1204.3751098
  570.81428852  460.8940235  1490.06233971 1354.33031959  984.32869752
 1393.98066869  796.41108887 1427.58864888 1277.02973902 1164.10629816
 1159.15216995 1300.53489406 1407.42098991  808.96765814  987.27313092
  169.27919123  946.08274828 1174.39447852  944.25927782 1517.41984827
 1615.68280386  142.22238131  657.0012701  1487.17636032 1170.3680706 ]
2022-12-11 00:04:08,940 Train INFO: seg_prob [0.09764755 0.15409284 0.11327223 0.0965834  0.06760932 0.12737399
 0.07061169 0.27280898]
2022-12-11 00:04:08,940 Train INFO: Load Factor 1.0
2022-12-11 00:04:08,944 Train INFO: test seed: 0************************************
2022-12-11 01:32:32,655 Train INFO: mean test reward1: [0.0, 0.0, 0.0, 0.0, 0.0, 0.0, 0.0, 0.0, 0.0, 0.0, 0.0, 0.0, 0.0, 0.0, 0.0, 0.0, 0.0, 0.0, 0.0, 0.0, 0.0, 0.0, 0.0, 0.0, 0.0, 0.0, 0.0, 0.0, 0.0, 0.0, 0.0, 0.0, 0.0, 0.0, 0.0, 0.0, 0.0, 0.0, 0.0, 0.0, 0.0, 0.0, 0.0, 0.0, 0.0, 0.0, 0.0, 0.0, 0.0, 0.0]
2022-12-11 01:32:32,656 Train INFO: mean test reward2: [139.2639565446788, 145.26248396102523, 150.4170510776214, 139.7481447604422, 146.70708469252494, 137.28377817622462, 143.09126642551772, 138.1848651539434, 146.22745263012683, 143.08444192139174, 143.84962805842952, 146.629338754583, 141.65101381348308, 145.31769720405032, 143.0001259682035, 143.41738695456493, 146.0921576237031, 138.06932208311343, 140.5166372831864, 140.43016527831037, 144.66966313400096, 143.00453125105585, 145.24195667197043, 141.6919261764688, 148.15078103398506, 145.12903627208118, 145.16560273886097, 140.31556121693484, 138.8701757435992, 143.14739985041007, 149.23089885160817, 144.42149026745022, 145.32650319041298, 148.81921550517126, 142.88322314647093, 139.20441182392705, 143.73165909973667, 144.103840848519, 145.38277894186527, 142.07329299649, 144.44744601836717, 140.2585762384236, 141.5629389435566, 143.37482075489694, 142.2386953285452, 147.91359139686418, 145.3308525535629, 138.5293747684705, 143.73959650361252, 146.57935396805536]
2022-12-11 01:32:32,656 Train INFO: mean test reward3: [160.60031404642777, 162.77090574759998, 159.90157362108013, 164.60643803606044, 164.17825502462833, 166.34510794332203, 165.05788977899303, 162.81146004349768, 162.90823340645716, 164.17596239444083, 163.26785177584986, 167.06481564343153, 167.32327435464353, 164.21314177537926, 164.15458715007586, 163.93193291523244, 163.57157051416272, 167.68626428361097, 158.80462166015676, 168.30690119126072, 164.398021669114, 166.27556688798617, 165.5180096608433, 164.07841233500656, 164.43401741372108, 162.20944792963132, 161.77796226629138, 165.97520427632935, 165.43127737303558, 164.03166746669768, 162.5634827077229, 163.86925509615034, 166.64712503520167, 166.10902134672656, 163.4387527924993, 163.92215703497956, 165.74560461421706, 162.11183868553636, 162.9879455463652, 166.88046909892367, 162.9905515769837, 164.0731540011919, 166.92450824831053, 165.4006973220337, 163.76499653036447, 164.10824595234143, 164.4314178445686, 164.29737192989612, 166.29558938012806, 163.8793857724609]
2022-12-11 01:32:32,656 Train INFO: mean test reward4: [160.5087558482356, 162.86440558682628, 163.76331823755987, 160.20062107200835, 162.15095815489374, 162.85571488259865, 156.146124069543, 156.42331934997418, 166.95154388675493, 159.23309016734578, 160.4710536733182, 161.37670898711357, 158.69501985971544, 163.8161422210209, 162.08925078884832, 161.94042356755554, 164.8271927043931, 162.14123355556734, 163.1165109239388, 161.24023571458417, 163.49776057948802, 162.8141117098775, 155.94700770755395, 165.67392390116206, 159.0124033759934, 158.9926442891209, 161.6371282843938, 159.30422570133808, 162.1012337139697, 162.13336192083955, 168.1786976439558, 164.13715021078005, 166.91449303358132, 165.30258257115102, 164.83354728390182, 165.7282214718208, 165.04417629562874, 162.0952278516758, 162.8322791330047, 161.82991527588084, 159.21743846786288, 161.3283675231193, 165.07090048105107, 162.3587087163266, 162.45804294971956, 163.00913836846863, 165.5706047899644, 165.68162912056334, 162.17877227387868, 163.1941790128347]
2022-12-11 01:32:32,656 Train INFO: mean test reward: 0.0000,143.4557,164.3250,162.3778
2022-12-11 01:32:32,657 Train INFO: test seed: 1************************************
2022-12-11 02:59:56,107 Train INFO: mean test reward1: [0.0, 0.0, 0.0, 0.0, 0.0, 0.0, 0.0, 0.0, 0.0, 0.0, 0.0, 0.0, 0.0, 0.0, 0.0, 0.0, 0.0, 0.0, 0.0, 0.0, 0.0, 0.0, 0.0, 0.0, 0.0, 0.0, 0.0, 0.0, 0.0, 0.0, 0.0, 0.0, 0.0, 0.0, 0.0, 0.0, 0.0, 0.0, 0.0, 0.0, 0.0, 0.0, 0.0, 0.0, 0.0, 0.0, 0.0, 0.0, 0.0, 0.0]
2022-12-11 02:59:56,107 Train INFO: mean test reward2: [137.09742107639948, 139.9195726397676, 143.9094193500892, 145.33153407996843, 144.9776090296191, 144.7095051316529, 137.66542685877602, 143.96454991153584, 149.22617608646513, 144.6583793224012, 144.57196864111745, 142.00256095035175, 141.13998746522046, 146.67942124668707, 149.29895640383077, 142.48859788371254, 143.66286912663202, 140.93414250306134, 148.62643039149907, 144.20882725666982, 140.67451667773565, 151.13900173446888, 139.5620051965547, 143.47725812540935, 144.07727695194217, 146.39953315137282, 142.51785136920364, 140.69630533777956, 144.5330137128353, 140.50931198199822, 137.70413509393123, 144.90174861634603, 146.03109443737182, 143.27225414600633, 141.20984244650614, 142.66515180828665, 145.89557756225335, 135.81840480640255, 145.5893892993871, 143.87452991694028, 145.4070553423746, 147.53053934579052, 146.91494503255115, 141.38851791000593, 139.45755051961788, 141.19073831284533, 145.89842560460409, 149.00346175840937, 142.38937437963685, 145.8940675977394]
2022-12-11 02:59:56,107 Train INFO: mean test reward3: [164.7884069105646, 165.12037301572917, 164.61226933921282, 164.23413862934177, 163.9560703982006, 165.40101086040514, 168.35249741895595, 161.3741454857166, 166.79991147257127, 164.70416538750464, 163.8981109045859, 168.3212529726571, 165.4188238250003, 165.95504729522617, 166.25703922269514, 159.94926697297464, 163.35930939169478, 165.41833149925296, 164.06028473286094, 166.82872718484373, 167.79327444995653, 163.8994321052756, 164.2181851230855, 164.5964759895801, 165.74033056012806, 165.93814717945872, 162.34829747621671, 165.74814323131145, 161.78833624483352, 164.55279476476326, 166.17313962535408, 164.56407372178234, 161.15208377655898, 167.76057279021566, 163.10312483118165, 164.4907147654695, 166.80115564912217, 164.84259186819443, 162.93597060293243, 164.85489076482312, 166.86068167340443, 166.2037354616846, 168.04775412220354, 164.002486381389, 163.2080278851496, 164.0532841269931, 160.79475953616364, 162.9856375574419, 164.50139590270027, 164.24046825908488]
2022-12-11 02:59:56,107 Train INFO: mean test reward4: [161.88228420645194, 163.35647810926534, 162.64281454561387, 162.60858991038182, 165.70224089050237, 164.85360603653487, 164.62500801445017, 164.46230613734832, 163.93872254788775, 161.57858018205096, 159.5003064081406, 163.21817720068907, 162.56327095281523, 166.7317634503235, 164.2531494041851, 160.7331113049041, 164.52484191006266, 164.24083518333856, 158.58372281313694, 159.0765785928121, 164.04474802688696, 166.19368900241082, 160.5097154225552, 165.23896382810017, 163.10331527649967, 164.4253686162053, 160.19022921812052, 163.27497930242583, 166.67797473851758, 163.32406969858184, 168.672283549889, 165.95984238435167, 168.42454583029175, 167.57844108625594, 160.206197466296, 162.86256612262525, 167.30136721891364, 163.08129884057405, 165.30755416607496, 159.91401831849973, 164.56046122850856, 161.59601830224503, 166.9179071255053, 164.67773553134066, 165.88640354712513, 167.10473120387087, 167.70226687574382, 163.26004734189522, 161.39714860787078, 161.69444670462096]
2022-12-11 02:59:56,108 Train INFO: mean test reward: 0.0000,143.6139,164.7402,163.8033
2022-12-11 02:59:56,108 Train INFO: test seed: 2************************************
2022-12-11 04:28:11,330 Train INFO: mean test reward1: [0.0, 0.0, 0.0, 0.0, 0.0, 0.0, 0.0, 0.0, 0.0, 0.0, 0.0, 0.0, 0.0, 0.0, 0.0, 0.0, 0.0, 0.0, 0.0, 0.0, 0.0, 0.0, 0.0, 0.0, 0.0, 0.0, 0.0, 0.0, 0.0, 0.0, 0.0, 0.0, 0.0, 0.0, 0.0, 0.0, 0.0, 0.0, 0.0, 0.0, 0.0, 0.0, 0.0, 0.0, 0.0, 0.0, 0.0, 0.0, 0.0, 0.0]
2022-12-11 04:28:11,330 Train INFO: mean test reward2: [143.9785551894183, 138.10691208128873, 147.6695447570625, 147.26623162578156, 146.17397347376158, 141.3729737340149, 141.46178682191942, 140.70014117785684, 150.55930964763593, 138.97708025191392, 147.75641376230254, 140.3742096400509, 145.25366826030037, 147.34455459385566, 147.54149790981646, 147.34256813053224, 141.27487101295893, 141.48312194949975, 147.2174225846338, 147.36428723025386, 146.44712975079318, 146.4613633583323, 145.5744039223014, 148.89045673383907, 146.25956358570258, 139.04807947133506, 149.20858687453602, 145.9816156083024, 145.8465877915864, 146.8200552233075, 145.64947392045832, 148.12861866237733, 143.1726335389645, 149.98368723416905, 144.34062968502005, 147.0278923611689, 144.29408966419854, 144.848724051736, 141.2200507626116, 146.4105076139226, 139.8579938590285, 143.69933912871275, 146.82449510737644, 144.99619257718058, 138.78942757253267, 148.49056589027595, 144.1900043914941, 143.59823850499106, 148.42245813946147, 146.15048286926515]
2022-12-11 04:28:11,330 Train INFO: mean test reward3: [165.4240401098772, 160.74574163797072, 164.3351071434062, 165.76310017636092, 166.49139049055884, 166.01236718853215, 166.57321319645771, 164.57268098404802, 163.4546356640256, 161.8925507618549, 165.00356710813838, 165.65327465485703, 165.41078649867512, 164.32313820676, 165.3910683029288, 167.75275511042483, 166.4220494439954, 167.36304785050214, 163.58448700595463, 166.11273968089654, 163.71479731178846, 164.89293356017785, 167.04727190012653, 162.88061081732155, 164.48731670397535, 167.20226970351894, 164.099765650191, 165.32321045889228, 166.04317797174772, 164.39724585278987, 164.90550475308052, 166.33681432347007, 166.48925987119225, 168.5959680322588, 163.9326065921933, 167.02832262844998, 166.31504780531625, 162.95367658704853, 162.47455286746379, 166.77846769371678, 165.46179176072147, 163.5776508221495, 167.65301388454512, 166.97156669805526, 163.21057527510467, 165.96105894896485, 164.49682666301226, 163.46572693343882, 166.29355175005372, 166.62842312421014]
2022-12-11 04:28:11,330 Train INFO: mean test reward4: [160.40030140386395, 162.89291459119926, 163.26941141116282, 158.8897286344755, 162.58963123508295, 165.1227390545068, 162.4041449672589, 163.49653799164182, 165.34246969841524, 162.52923077623652, 162.82415944821997, 158.11533187416632, 165.62839595094243, 164.4114929125387, 164.09406026228885, 164.1122318782173, 162.29557276935668, 161.57199347474267, 161.68690064967925, 160.75429581550299, 163.76656810563895, 162.83932557127076, 161.70840532096835, 162.79225067410164, 162.18811359708505, 162.21221295296064, 160.9416690489969, 163.99631933472435, 165.8909450979135, 159.76264629124418, 163.25581734346943, 163.25735341611886, 163.8663988379586, 165.52279610947346, 166.24402638249694, 164.14285875487963, 165.56211224492185, 159.70517900210476, 165.50797032107243, 160.93334276178982, 164.54863902614224, 165.77781532222016, 163.25467822280666, 163.33373746924227, 159.84817588227037, 159.01038839461611, 163.55864189801648, 165.07421145551714, 162.37204938925504, 161.87425240539505]
2022-12-11 04:28:11,330 Train INFO: mean test reward: 0.0000,144.9970,165.2380,162.9036
2022-12-11 04:28:11,331 Train INFO: test seed: 3************************************
2022-12-11 05:55:25,503 Train INFO: mean test reward1: [0.0, 0.0, 0.0, 0.0, 0.0, 0.0, 0.0, 0.0, 0.0, 0.0, 0.0, 0.0, 0.0, 0.0, 0.0, 0.0, 0.0, 0.0, 0.0, 0.0, 0.0, 0.0, 0.0, 0.0, 0.0, 0.0, 0.0, 0.0, 0.0, 0.0, 0.0, 0.0, 0.0, 0.0, 0.0, 0.0, 0.0, 0.0, 0.0, 0.0, 0.0, 0.0, 0.0, 0.0, 0.0, 0.0, 0.0, 0.0, 0.0, 0.0]
2022-12-11 05:55:25,508 Train INFO: mean test reward2: [145.97187479420356, 143.1591402542778, 144.9709539551917, 149.59001457849632, 146.2724798116108, 145.60910320319525, 140.21056578721974, 145.65563219503716, 149.08691042483986, 148.48392582490968, 145.6653349705303, 140.39581780243225, 143.48317925572022, 145.4572738756494, 143.07353890539184, 150.05304785402987, 141.38055730657052, 140.59311332997368, 143.26298350714657, 143.44955027315643, 143.90259099952988, 143.37345235245726, 143.85179047103202, 142.65145661339605, 142.86489965079883, 145.18901738575013, 143.23561618838187, 147.54626925202476, 141.74988808067363, 145.70966859696534, 143.76134431094474, 148.3144809942498, 138.18034077156193, 144.27308073168993, 143.5476814421121, 148.17192518903386, 151.82212849515426, 143.97252453149153, 147.47243651269306, 149.50097969246892, 145.0134027885347, 148.18928978186787, 145.45745321626146, 148.87679099158436, 143.30171602556558, 144.67045454490616, 142.64574254628386, 141.85160666361648, 146.0981781227588, 146.72048680798767]
2022-12-11 05:55:25,508 Train INFO: mean test reward3: [162.4946866902998, 163.26497982401534, 165.37536388123144, 165.60209670368832, 165.0261167271819, 162.34426014864215, 166.55422564084606, 164.2131417753793, 165.96165053878474, 164.4050986704846, 165.7428788944992, 167.49513262384667, 162.78019966977516, 163.21180574244136, 163.8062591970215, 166.04556027763343, 163.85543791727972, 167.769842674841, 163.28106885115113, 164.42591243081907, 164.55570313368167, 163.75886228345195, 164.25604575394337, 162.9867950475251, 168.03786798047432, 166.72283044117765, 162.0202920718983, 164.95044045930018, 164.34593173198792, 164.46656406400376, 164.33818210225598, 158.74407191655558, 163.73717141415602, 166.62249115643084, 163.60448037908208, 164.55536279146082, 166.631683035421, 164.8099992785642, 159.51786197464313, 162.21078660077316, 163.20506424353678, 163.99384044185734, 167.15825571854265, 164.5749689346198, 163.63007726062054, 166.3033976136785, 163.22748641438028, 164.49235163763868, 165.6708431679417, 165.66000121371874]
2022-12-11 05:55:25,508 Train INFO: mean test reward4: [157.2537911048661, 163.06493999102747, 163.9762594110699, 161.66102306373855, 160.06384144456862, 160.9870057500455, 162.35109213141112, 158.2632168644622, 163.51377285424277, 156.7333427178923, 163.9475984044499, 162.06041617712864, 155.25638757329259, 163.13721468087368, 163.96204402533098, 159.69224447307042, 164.44757467876408, 161.90696986822763, 161.61291301661814, 161.21853454199945, 164.40523855379445, 161.63803498156503, 160.76556179241888, 164.84482918383566, 163.25380455243638, 162.99427559167094, 159.25677136234606, 164.46001251063723, 161.65265130433633, 163.76735321625995, 167.75872267979605, 161.90096389194835, 167.39905106681314, 163.02759465028416, 165.1269319610454, 161.65609966100146, 162.81378438744161, 161.0570834569147, 164.27030935497626, 159.731927556466, 161.97298985987635, 160.96065568190664, 163.88186426209091, 163.57148691821016, 165.44551409961812, 164.33743690566325, 160.91759693351221, 160.95046428823517, 166.5478317628175, 165.43988830687633]
2022-12-11 05:55:25,508 Train INFO: mean test reward: 0.0000,144.9548,164.4489,162.4183
2022-12-11 05:55:25,509 Train INFO: test seed: 4************************************
2022-12-11 07:21:32,477 Train INFO: mean test reward1: [0.0, 0.0, 0.0, 0.0, 0.0, 0.0, 0.0, 0.0, 0.0, 0.0, 0.0, 0.0, 0.0, 0.0, 0.0, 0.0, 0.0, 0.0, 0.0, 0.0, 0.0, 0.0, 0.0, 0.0, 0.0, 0.0, 0.0, 0.0, 0.0, 0.0, 0.0, 0.0, 0.0, 0.0, 0.0, 0.0, 0.0, 0.0, 0.0, 0.0, 0.0, 0.0, 0.0, 0.0, 0.0, 0.0, 0.0, 0.0, 0.0, 0.0]
2022-12-11 07:21:32,477 Train INFO: mean test reward2: [137.6293600589361, 143.5975503268208, 145.18152893572966, 142.71687953101204, 143.23840312105096, 137.02228263992146, 141.2318976027495, 144.48257154069785, 147.07466861520055, 143.9848464023609, 143.8302503726407, 131.97060263723583, 138.20457458059622, 143.06638260655558, 142.32837764835614, 142.86426625811418, 139.4529004325499, 141.73339249921605, 142.37098113809364, 145.46255967470162, 142.84504652399474, 138.32753767384784, 142.20707118644341, 147.5583316078837, 143.10261668095825, 143.46307201596653, 144.13195328408122, 138.58292330656366, 144.87925544945745, 146.1445385611945, 144.98810877277316, 146.4889290299427, 141.12979984354953, 141.70134156122197, 149.10809128156149, 137.42127162715815, 143.84673922846335, 145.71365332062464, 138.4382985501359, 139.26807508543592, 135.5618641841008, 142.71659732610837, 141.2378128475964, 139.04354782435036, 138.70464634336014, 144.15373938341702, 145.0916077230701, 140.35733698413338, 134.44436129598137, 143.89892400936515]
2022-12-11 07:21:32,477 Train INFO: mean test reward3: [159.2521651136166, 160.84740975661933, 162.97590704618125, 162.64113292519775, 160.61818162965236, 164.17836473867808, 166.40777442133276, 155.60205011391747, 160.74297890781517, 164.05125902850813, 163.16004358609626, 166.84638842944776, 162.12748099443354, 163.91819004918574, 165.95972624896396, 164.84767319399097, 161.9679071643381, 165.66014167892544, 161.96644558634796, 166.18441256019648, 160.37984419526643, 166.17508000195647, 165.34300264904257, 162.18407081813723, 162.58921197186896, 165.9565075974849, 158.45238909868473, 164.8641853503822, 165.46058082065625, 161.97798466383492, 160.6832706621895, 163.91422480100726, 163.9120564132245, 163.97982818114403, 160.34613224830287, 163.33120327189292, 166.01329658511034, 163.9833414945723, 157.296330993217, 161.5021313820462, 159.2384936540086, 163.19592890099915, 164.89222230685598, 163.77183485704154, 164.21742240358697, 159.3476178826887, 160.68982954552524, 162.47692057646768, 165.70412924633527, 166.2858866927988]
2022-12-11 07:21:32,478 Train INFO: mean test reward4: [157.94230921455784, 158.69543948544683, 156.96641091382708, 158.1304843138954, 162.24063902146077, 161.20456884193928, 160.60454508225013, 156.50116988239407, 164.80721352954492, 163.071440639547, 157.76204982545266, 162.388088629251, 156.65926292252163, 162.09810297443013, 163.09327181078453, 162.11836757452053, 160.42504316511736, 161.92336491020743, 155.97821421275466, 159.71671538365317, 166.19368900241082, 158.5320896527751, 160.75423392775247, 160.43285786193414, 161.20877980663056, 155.47051087460716, 160.40593540598934, 161.43180265705962, 159.9830949066736, 157.740464401342, 163.9944051290435, 162.6164187877796, 155.6044914856744, 160.03560439503605, 157.4921146919535, 162.36708889120834, 162.15231325953468, 155.14899314750514, 162.14284868310384, 159.98573301669668, 163.60878053130642, 163.33920213219935, 159.02109567694148, 163.23967154575172, 158.7409744008824, 161.4102984768928, 161.66050474723397, 158.4399128208372, 163.76970078118046, 162.43698175713686]
2022-12-11 07:21:32,478 Train INFO: mean test reward: 0.0000,142.0400,162.9624,160.4337
2022-12-11 07:21:32,478 Train INFO: test seed: 5************************************
2022-12-11 08:46:58,805 Train INFO: mean test reward1: [0.0, 0.0, 0.0, 0.0, 0.0, 0.0, 0.0, 0.0, 0.0, 0.0, 0.0, 0.0, 0.0, 0.0, 0.0, 0.0, 0.0, 0.0, 0.0, 0.0, 0.0, 0.0, 0.0, 0.0, 0.0, 0.0, 0.0, 0.0, 0.0, 0.0, 0.0, 0.0, 0.0, 0.0, 0.0, 0.0, 0.0, 0.0, 0.0, 0.0, 0.0, 0.0, 0.0, 0.0, 0.0, 0.0, 0.0, 0.0, 0.0, 0.0]
2022-12-11 08:46:58,806 Train INFO: mean test reward2: [136.2498964143801, 145.71585517950325, 139.27443875724092, 140.8733030191952, 141.0643692606249, 141.87499040053885, 141.57292147295217, 144.8906280561304, 144.50560187576843, 145.98510863625867, 144.72475646685103, 143.39703353168173, 143.69753315456512, 134.99973638022678, 144.2552082833464, 140.69213087087664, 145.4443935387574, 141.59753263803316, 140.2907515347758, 140.58286928467933, 146.31671205558692, 145.89193122825588, 140.54581475640654, 143.7615383450384, 148.18174007544846, 139.43791436658083, 142.76069764315534, 143.32253743027923, 139.62989596775824, 141.69612954836157, 145.2314932868986, 143.32929287199102, 144.50012810533875, 144.03269759093345, 148.87277138069686, 141.1602477913507, 144.38035301073919, 143.93806430635112, 141.4483528853249, 146.434016867597, 141.35131834083273, 138.67020323975575, 147.10481657133684, 138.67297315705804, 140.35055033334444, 142.54488374140396, 145.0227399352079, 140.31491599181072, 144.0061420065964, 144.86981978089966]
2022-12-11 08:46:58,806 Train INFO: mean test reward3: [161.80257616301694, 161.0524321407387, 160.78264136509, 161.07756335852307, 163.15787238555532, 164.03395548282973, 162.92841969736014, 160.27029506203885, 159.8497357925947, 160.74323626141882, 159.89078146559933, 163.3453091704248, 158.8341459387308, 163.54668967118235, 162.7983150369956, 163.33579921138792, 162.53124109951932, 164.4977692591273, 161.74598373720764, 164.4587198349753, 163.65594477009515, 166.61308089253106, 164.72326688753267, 161.47934047695685, 164.18008171885782, 165.6523307453575, 164.36679930285905, 164.51230284771324, 166.30567855676952, 162.826078777254, 161.11492805338744, 163.1600435860963, 163.8434566022313, 164.11071090720236, 162.5687301747454, 160.7697275566676, 163.1668389726085, 161.11504378928237, 160.00568968125003, 159.03159617263609, 164.18698231899288, 161.7886667950988, 166.21288906890427, 163.67409558000597, 162.06599083544052, 162.41151041769695, 162.55985626198128, 163.17822784388144, 163.64749372214385, 166.366560819062]
2022-12-11 08:46:58,806 Train INFO: mean test reward4: [159.02837785766874, 160.96845773954206, 159.42654877291668, 158.18157765534667, 161.580440505504, 162.88353388136008, 161.47324592193937, 158.2471927063747, 164.80451990608498, 158.55338235152013, 161.22368776554765, 162.927126274769, 162.77960677274092, 161.18003358957648, 159.98701748286064, 162.31283303939668, 161.63863604822365, 159.4850720456701, 165.5904989503288, 156.4817812531697, 159.5180840260315, 159.74464322579055, 160.2215088854309, 161.45071383619174, 160.59666089937028, 159.99293433421798, 165.00754221244952, 160.99902239168955, 161.83814375826114, 160.0396329682118, 164.13492500601754, 163.07845532013866, 161.63385893069835, 165.69759130347785, 162.41705394187076, 162.39786987836828, 163.3911763532186, 160.16499059123967, 159.49523402383903, 163.29821481548078, 155.18883036627062, 162.3617221468227, 162.14801779977398, 161.45904231479525, 158.02860658893005, 165.43786607283113, 160.5366441152591, 160.45753699040412, 156.77783607568622, 161.4160541936756]
2022-12-11 08:46:58,806 Train INFO: mean test reward: 0.0000,142.7894,162.7995,161.1537
2022-12-11 08:46:58,807 Train INFO: test seed: 6************************************
2022-12-11 10:17:23,634 Train INFO: mean test reward1: [0.0, 0.0, 0.0, 0.0, 0.0, 0.0, 0.0, 0.0, 0.0, 0.0, 0.0, 0.0, 0.0, 0.0, 0.0, 0.0, 0.0, 0.0, 0.0, 0.0, 0.0, 0.0, 0.0, 0.0, 0.0, 0.0, 0.0, 0.0, 0.0, 0.0, 0.0, 0.0, 0.0, 0.0, 0.0, 0.0, 0.0, 0.0, 0.0, 0.0, 0.0, 0.0, 0.0, 0.0, 0.0, 0.0, 0.0, 0.0, 0.0, 0.0]
2022-12-11 10:17:23,634 Train INFO: mean test reward2: [144.29535679051213, 146.70682124936621, 150.1889049144073, 150.64182226088272, 155.32134427161978, 144.12639776884356, 148.97800808426717, 144.89444216494883, 156.41273242610472, 149.95001902073642, 146.4809026530874, 149.30934666238392, 139.46326042413685, 143.9434920367128, 147.54095744947273, 144.41948759545778, 149.49030115605055, 145.1438969173854, 146.12608651088934, 143.9417026194614, 144.94458819264128, 150.26484477439524, 145.9002986180693, 148.28810970358379, 145.80876238328224, 145.88208015834937, 147.695949101452, 144.6226519269787, 143.78295551828958, 146.59271286714053, 148.3349122202144, 149.47321094340546, 146.24402921033467, 139.61377241579876, 146.7874879242111, 147.6002331802635, 149.12997422646245, 152.55767326242233, 143.60717260897405, 151.09233472600093, 148.58964944258037, 145.18549555897542, 150.81064517035875, 154.74298810967875, 153.27205182433954, 146.8878178283571, 145.46987696473178, 146.88801096773807, 149.23195051747106, 148.22186513123305]
2022-12-11 10:17:23,634 Train INFO: mean test reward3: [163.8765667803136, 162.70190495550202, 165.9798002158244, 166.86339297962118, 167.6779726058015, 166.392379006126, 168.52906242619363, 167.96798995693408, 166.69267341080658, 166.7519022011556, 167.4634748931244, 169.16558881170602, 167.74718192359524, 166.82030388555518, 164.71412382870548, 166.0751234306393, 167.21659330952326, 170.24564927455856, 168.89035579554107, 169.24549956494684, 167.46119144822057, 167.78032850813892, 166.73335241469013, 165.89689109867678, 169.28474771586332, 168.85104238746712, 162.54874795091587, 165.42212339474284, 167.94708990417277, 165.76003940985606, 165.66423384201482, 169.4599765749883, 166.59172765880058, 169.45941261207707, 165.7814193346553, 166.9042365570075, 168.60580187979525, 165.99167640311558, 164.15597065345602, 164.7382657493069, 165.00101367256798, 167.2555309884691, 168.9100284992216, 169.49993195160874, 165.78110569224154, 166.8582330772149, 163.4733162081996, 165.92308247172, 166.01771377323706, 167.131272915512]
2022-12-11 10:17:23,634 Train INFO: mean test reward4: [162.56015003753254, 166.3482718733354, 164.69942594860635, 167.2731508058765, 167.5291940425132, 167.1738013428687, 165.85083309739824, 164.71636797811772, 165.27347973577199, 167.57844108625594, 168.88618445217418, 166.0691924187946, 164.63888461510027, 167.69259044911342, 168.90188333046405, 164.6518961008842, 166.67733560677726, 168.67145235834036, 166.22819237521415, 165.63919553991678, 167.18288277030686, 166.24561655562067, 162.73175875366184, 166.35151781888572, 160.05940379244277, 165.5077503076137, 169.13055135063698, 165.83307769778494, 168.30398395692077, 166.22133476654548, 169.28721853283994, 165.05441531765598, 169.38135372118722, 168.20153762774424, 167.90886533641915, 168.04349076999173, 166.89662059063778, 162.56276504489185, 168.21300983013043, 160.20917779261202, 161.96710952808735, 164.3031431072564, 168.62459123034344, 166.1037466501205, 167.51448429509728, 167.3275675724135, 166.26498642732025, 166.04022076933612, 169.7325080755055, 161.21352555986957]
2022-12-11 10:17:23,634 Train INFO: mean test reward: 0.0000,147.4980,166.8381,166.1896
2022-12-11 10:17:23,635 Train INFO: test seed: 7************************************
2022-12-11 11:44:47,359 Train INFO: mean test reward1: [0.0, 0.0, 0.0, 0.0, 0.0, 0.0, 0.0, 0.0, 0.0, 0.0, 0.0, 0.0, 0.0, 0.0, 0.0, 0.0, 0.0, 0.0, 0.0, 0.0, 0.0, 0.0, 0.0, 0.0, 0.0, 0.0, 0.0, 0.0, 0.0, 0.0, 0.0, 0.0, 0.0, 0.0, 0.0, 0.0, 0.0, 0.0, 0.0, 0.0, 0.0, 0.0, 0.0, 0.0, 0.0, 0.0, 0.0, 0.0, 0.0, 0.0]
2022-12-11 11:44:47,359 Train INFO: mean test reward2: [139.70514714708696, 139.2453055311841, 142.2595423251994, 141.24968544400673, 143.22035436856143, 142.3490362449561, 145.02762885403578, 144.420469010418, 141.40794076916958, 146.3109767769271, 143.3269429644171, 149.82779546830983, 148.94783151916147, 145.53705520762705, 145.9357760598669, 142.3775421829359, 143.58812642657315, 144.2658967896138, 142.46258266593378, 141.517879443792, 143.02252809803358, 145.47011222864046, 143.34087841708464, 142.52322924993487, 144.78863691625338, 141.3327571573923, 146.97413219450826, 142.55130937839738, 139.459792611902, 140.92793436210775, 145.18665063229065, 143.53377308088312, 147.08907434986057, 145.17960832941642, 142.93009759016957, 139.69779946800156, 146.1296659390771, 144.9452405534807, 143.04076185571503, 142.8963864392589, 142.86918584965989, 142.88271751773786, 141.03595664954642, 143.32126946947437, 143.24880341193298, 144.52834697852265, 134.60734196499624, 140.04816990706584, 144.6472953519297, 150.12981090884506]
2022-12-11 11:44:47,360 Train INFO: mean test reward3: [160.01409339714837, 162.1612477615569, 163.26023652522014, 165.34671898815947, 163.54175393726737, 163.96636364420584, 168.0523857903562, 165.18305527244414, 163.9978163769345, 160.80024633716494, 166.33269933264356, 164.12539423944304, 165.1089775822217, 164.45148173233707, 164.97989918768826, 166.02847271321727, 167.4649630459346, 168.28129759603667, 160.8411392368496, 167.76608861201345, 164.84185486931713, 165.31040352268388, 164.77534668685044, 164.34087767508825, 169.14696003704404, 163.22712338189496, 162.7990514328194, 164.42439882005158, 164.48775569814362, 165.71986500376275, 159.9827297798584, 166.2026587677125, 164.2097970770099, 165.32746926485265, 163.68769185279803, 165.21021232117542, 167.4666649930407, 162.92725683530313, 158.0917500559887, 164.58666596845853, 164.0593303585848, 164.35815336332755, 165.09930321082587, 165.32725713064565, 165.6280010412299, 164.59207377734003, 164.77729887030696, 163.5503731752057, 166.30373094841858, 166.92288069878703]
2022-12-11 11:44:47,360 Train INFO: mean test reward4: [164.28961151276437, 163.75569552028128, 162.83041922021965, 161.8799013883612, 160.75730566498592, 164.27373015440563, 158.00252877181094, 164.6544206998195, 161.44780042871236, 164.69394491506552, 163.26958092479993, 162.51109249687508, 160.7324013168629, 163.32228734150496, 162.75856367580192, 167.14858532204468, 165.23165489898182, 164.1874300882081, 156.52181623169014, 162.84213523197477, 163.1214832127074, 165.7669325370575, 160.9911744414736, 166.4891192272637, 160.79633804502356, 160.67007627525896, 159.52149999946272, 163.52647691149994, 160.9047477436824, 162.60048540957536, 164.85327762877202, 163.3199322892543, 161.80649850019662, 165.7016164799718, 163.96471564379283, 158.99757862313876, 168.53653290742338, 159.9362249298978, 164.76734424495365, 166.48734986381606, 162.79832008459098, 158.68951898441162, 165.0148841137558, 163.526601802807, 161.18025148557783, 168.2369852417348, 162.17535297639463, 163.03088814135688, 161.990342022326, 167.39475106534968]
2022-12-11 11:44:47,360 Train INFO: mean test reward: 0.0000,143.4265,164.5818,163.0382
2022-12-11 11:44:47,360 Train INFO: test seed: 8************************************
2022-12-11 13:11:32,463 Train INFO: mean test reward1: [0.0, 0.0, 0.0, 0.0, 0.0, 0.0, 0.0, 0.0, 0.0, 0.0, 0.0, 0.0, 0.0, 0.0, 0.0, 0.0, 0.0, 0.0, 0.0, 0.0, 0.0, 0.0, 0.0, 0.0, 0.0, 0.0, 0.0, 0.0, 0.0, 0.0, 0.0, 0.0, 0.0, 0.0, 0.0, 0.0, 0.0, 0.0, 0.0, 0.0, 0.0, 0.0, 0.0, 0.0, 0.0, 0.0, 0.0, 0.0, 0.0, 0.0]
2022-12-11 13:11:32,463 Train INFO: mean test reward2: [138.04767299788543, 138.22736132074678, 143.08120150379023, 141.03760072040052, 146.89291603402853, 145.81185344874174, 138.41459634566954, 140.2903511278376, 151.23997681448918, 149.10904995598204, 143.4174173601456, 144.8285805678676, 142.07631492019945, 145.93988532103342, 147.6058429426876, 141.4521430531493, 142.29122073737014, 142.92260967203396, 143.93846784940973, 140.61467333997246, 144.45902165845985, 136.24349482651192, 142.62757687240017, 143.61494050424542, 143.3412371991657, 144.12945871048902, 142.70742332200945, 139.35420218877067, 144.91238430504745, 140.7447750064238, 143.71871993383175, 148.19352823876073, 142.69806373273943, 145.88812510079933, 145.96760538752056, 143.13784033788923, 141.66086356234376, 139.8610590702322, 139.06726890141144, 145.94412487995436, 138.94486251936542, 140.92231746505087, 144.08651367856686, 141.8366051197815, 143.12457430662448, 145.84813264785242, 147.677601732338, 145.18529384261063, 142.95614940026874, 149.78410126110262]
2022-12-11 13:11:32,464 Train INFO: mean test reward3: [160.34433145938965, 163.2876971404179, 162.59596485403316, 164.36743461063145, 164.44460960121566, 162.4964369868374, 165.120686658143, 162.14103899922844, 162.94372693825628, 164.51124620395797, 164.62822424654064, 165.33934545214385, 163.84743563812643, 165.61471329735238, 162.27064438810663, 160.3889817257103, 167.84571235461254, 166.725433024451, 163.91422480100726, 165.05042585081412, 162.41840972847478, 164.20008451867338, 163.4981554760522, 164.4421359749113, 163.69211846220517, 164.5357072003473, 158.81345558912275, 165.09308293441805, 163.82007788048455, 163.66712297212092, 158.82820047541605, 165.24586936438334, 163.6137257498471, 165.1956001559797, 163.50794917120504, 164.3947989769013, 166.005483913927, 165.37396106955907, 152.65228440477665, 163.60964028148842, 163.49291309149078, 163.4008900560463, 164.18993202011555, 164.83337467120907, 164.11950282793347, 165.16850642916484, 160.21175430926186, 164.24397220584206, 163.330529594932, 166.2614045340191]
2022-12-11 13:11:32,464 Train INFO: mean test reward4: [159.51342190832193, 161.9418648030405, 158.71934341957194, 155.93669047527834, 161.63349301195882, 162.5739477426552, 157.15471858282774, 159.47854706299276, 164.1943063938697, 163.69756695775095, 162.18343937796982, 162.99692248763034, 161.94778968749364, 159.8072589050773, 159.7448015978366, 159.29757156590907, 164.84161992324556, 165.45169395159502, 159.72423831044486, 158.23675155221818, 162.51863350918794, 162.86440558682628, 162.64445695681425, 165.49046200951776, 156.756577067949, 162.8550337142138, 163.2466049768243, 163.01799001110396, 157.51767111198444, 160.45457738084397, 161.7418503726187, 164.19243207003984, 165.95719776964663, 165.43481636134422, 159.80077932983357, 158.1535698238152, 164.3499204539182, 159.64183716661552, 168.92708049840908, 161.51207467987487, 161.8913259773932, 161.14986116107835, 164.0151431684132, 163.10655524829585, 163.34054817728602, 164.1635989676753, 161.95621534149785, 158.25517581417773, 163.12175968915835, 162.82817562461452]
2022-12-11 13:11:32,464 Train INFO: mean test reward: 0.0000,143.3176,163.5948,161.7996
2022-12-11 13:11:32,464 Train INFO: test seed: 9************************************
2022-12-11 14:36:48,480 Train INFO: mean test reward1: [0.0, 0.0, 0.0, 0.0, 0.0, 0.0, 0.0, 0.0, 0.0, 0.0, 0.0, 0.0, 0.0, 0.0, 0.0, 0.0, 0.0, 0.0, 0.0, 0.0, 0.0, 0.0, 0.0, 0.0, 0.0, 0.0, 0.0, 0.0, 0.0, 0.0, 0.0, 0.0, 0.0, 0.0, 0.0, 0.0, 0.0, 0.0, 0.0, 0.0, 0.0, 0.0, 0.0, 0.0, 0.0, 0.0, 0.0, 0.0, 0.0, 0.0]
2022-12-11 14:36:48,480 Train INFO: mean test reward2: [133.1462040109972, 138.81483695488043, 141.4011181925531, 143.7329015672032, 137.05834435446312, 141.07588777788715, 146.73260882926138, 137.95297326034424, 145.26446280574973, 140.387959661529, 139.6544592185856, 138.68273104361577, 142.81738265672192, 140.83961787785188, 141.60994589159205, 144.74251705869645, 142.4747452789596, 134.79977719372818, 140.12359398735347, 140.76570661214694, 140.0303628325932, 141.3520513000843, 148.68776313710472, 137.57920854216098, 147.4531441965133, 140.4299742354318, 144.08834073696363, 140.54726832513333, 143.79677453774062, 144.55163598583363, 142.94494657019754, 142.67842846935054, 141.29937294136394, 137.40378022484373, 141.74363580211747, 145.61186226355167, 142.02067907674353, 137.70226547584025, 142.76093205839473, 136.77623170356904, 141.14084815470147, 136.62050874215677, 136.68140945753726, 129.7426254157187, 134.76400250006162, 137.8710526847217, 142.22341885978858, 146.6032628233413, 142.70662868349973, 145.67979901427304]
2022-12-11 14:36:48,480 Train INFO: mean test reward3: [158.7383066357755, 161.833159422705, 162.99310544877147, 162.4033038586165, 157.889748654353, 165.44479421721024, 164.47836665322822, 163.09939190569446, 161.44995889172296, 160.01030045630034, 161.04155356897797, 164.530474000975, 160.6873540274913, 162.91320379323474, 158.0535531486977, 163.79408565214726, 164.78982574016814, 165.11450253201198, 161.15244928870533, 164.83065892654082, 161.87245527027397, 162.27037846689066, 163.80110901189198, 163.70581066753488, 161.01854275754428, 162.89740253586766, 162.69745322699288, 161.58299547075552, 161.03071981184667, 161.9084679071246, 162.13428817543982, 164.69019861045186, 164.41925955438776, 165.04470736836416, 163.16536296050833, 157.7630992167073, 165.0890812838451, 162.7901382237649, 155.65117068573363, 162.0496648689177, 165.582455692722, 160.52662878610826, 164.3565050303293, 162.11146421898684, 162.62303021587684, 160.19015515587088, 157.6085222475456, 163.69986578068372, 164.52016945085583, 162.77521443791454]
2022-12-11 14:36:48,480 Train INFO: mean test reward4: [153.61861627309258, 160.02545723761548, 159.29238127356783, 159.98508595286302, 160.44055198582168, 160.50595555166237, 158.61900760178492, 159.5146339389643, 160.94957766460178, 163.25661485839774, 155.46541666243436, 159.51117189841975, 158.00299654445078, 159.9991782320797, 159.97376490289483, 155.92690590571632, 156.68060166047428, 161.65979469833226, 156.35263500127556, 160.56084785171117, 161.17342255963047, 159.70392738334132, 156.49162084963353, 157.0230568708132, 153.82535646185656, 158.99803478401736, 158.25867160237686, 155.47684146619116, 158.21806168752804, 162.82449904921373, 162.86692813139595, 160.86338699585926, 161.66152465421465, 162.54975959623977, 159.52057558537538, 159.69413758444855, 162.87838097963066, 162.29743081522398, 161.06972538677627, 158.95245903623717, 161.67110799321583, 157.48261578037557, 162.95989180685999, 161.44849001474734, 158.217423062557, 160.77201225225042, 161.4005998893727, 161.18107582631518, 161.93704054767713, 164.2117887366161]
2022-12-11 14:36:48,480 Train INFO: mean test reward: 0.0000,140.9114,162.2965,159.7194
2022-12-11 14:36:48,481 Train INFO: test seed: 10************************************
2022-12-11 16:06:51,229 Train INFO: mean test reward1: [0.0, 0.0, 0.0, 0.0, 0.0, 0.0, 0.0, 0.0, 0.0, 0.0, 0.0, 0.0, 0.0, 0.0, 0.0, 0.0, 0.0, 0.0, 0.0, 0.0, 0.0, 0.0, 0.0, 0.0, 0.0, 0.0, 0.0, 0.0, 0.0, 0.0, 0.0, 0.0, 0.0, 0.0, 0.0, 0.0, 0.0, 0.0, 0.0, 0.0, 0.0, 0.0, 0.0, 0.0, 0.0, 0.0, 0.0, 0.0, 0.0, 0.0]
2022-12-11 16:06:51,229 Train INFO: mean test reward2: [142.88575782096777, 148.27833444870905, 147.83005906195606, 148.8577230822713, 143.86175964047973, 145.40767038594763, 147.02782513734525, 144.31981682815598, 151.66110376465826, 152.8137086499926, 145.05076923901868, 146.52012011575147, 146.42430086288712, 151.2661861843103, 147.06488126569081, 148.45861560159943, 143.85762907777595, 151.3591206802413, 146.2771669630536, 144.34266023651895, 154.58694895586757, 145.9602210126453, 152.9625401936458, 148.88885753790188, 148.36258500617365, 151.1558947139015, 150.08464534742913, 143.09691679737912, 150.48017935035523, 147.80014238710814, 151.55736243675645, 141.43639983486736, 154.80195092087206, 140.20330100094714, 149.89383572795558, 146.13102605394036, 145.77187585306189, 146.15803991509836, 142.66392209787696, 151.62628952168836, 146.15449896238638, 147.14748509517125, 151.96298738488323, 144.9831722348756, 143.3933612086774, 152.26176026935724, 151.70012401836632, 149.67895545598086, 144.89995333858204, 151.53109468485587]
2022-12-11 16:06:51,230 Train INFO: mean test reward3: [160.622564545633, 164.32151579237745, 165.76035305226995, 167.4715769130368, 166.69285156272463, 166.29806467530602, 167.47894955700326, 165.96063499172902, 167.43774430598748, 166.17524168120707, 166.4748050372017, 168.50436160070527, 163.07677747150353, 168.36035737572436, 167.2446235600218, 167.98981292202885, 164.99458243474692, 169.11515162783394, 167.22513751572325, 169.75436433827065, 165.5978563611074, 167.10565715439822, 166.57715749249445, 166.20811924563952, 169.95126151127621, 168.4641375779915, 165.95291198155462, 170.18545723134628, 165.38968795751353, 165.6066759192444, 166.3532746030585, 161.8159994662217, 167.601251952477, 169.18740038837936, 165.64386913022608, 166.89025704468136, 169.41010335402746, 168.57568535931895, 164.64364408533956, 167.71204177356967, 169.19097402202027, 167.81490559744333, 167.75799802707388, 165.9424027775515, 167.2830420257536, 167.39192554352914, 163.3679262480736, 167.07564439459085, 167.67140748420766, 169.09612187526102]
2022-12-11 16:06:51,230 Train INFO: mean test reward4: [164.61244510241895, 165.3363158213, 165.79289177434882, 164.69706582032958, 162.80422426336767, 166.666384463552, 162.1260789974223, 165.77737551588547, 167.09608526433937, 165.98861874694663, 163.71523802383047, 164.9838788809062, 158.25424419208272, 168.00928243276195, 163.77831526132744, 166.71312472835194, 165.45898787547847, 169.14316858602967, 167.69362093621226, 167.7108797194985, 164.44394349729424, 161.8323637565161, 164.53525398090832, 167.91807523886197, 167.34374021518607, 168.43669267535907, 165.4684233654081, 165.28706877755727, 168.51491214213507, 167.05606307255704, 170.80538929043033, 168.1324660559327, 163.74359293810525, 170.42078087723885, 169.73687338682947, 167.22920226372662, 168.4826277098788, 161.20198878561177, 167.78605726224725, 167.75872267979602, 164.86429639025403, 165.07240468380877, 168.2369852417348, 167.16634461538786, 165.53044130429328, 166.91868017300726, 165.01310825977276, 169.49289375341297, 166.6113809206974, 165.34594394841565]
2022-12-11 16:06:51,230 Train INFO: mean test reward: 0.0000,147.8180,166.8485,166.1349
2022-12-11 16:06:51,230 Train INFO: test seed: 11************************************
