2022-12-14 05:29:45,163 Train INFO: Namespace(logger=<Logger Train (INFO)>, name='A2C2022-12-14-05-29-45', gpu='0', device=device(type='cuda', index=0), gamma=1, epoch_num=3000, test_episode=50, val_episode=50, test_size=0.1, val_size=0.5, batch_size=50, train_batch_size=50, num_steps=10, h=2, w=[120, 80, 50], nn_out=40, share_lr=0.0001, actor_lr=1e-05, critic_lr=0.01, step=10, lr_min=1e-05, e_rate=0.001, a_rate=1, c_rate=1, lr_decay_lambda=0.999, load=False, duse_T=True, est_T=False, use_pref=False, same_price=False, use_price=True, only_test=True, test_benchmark=False, change_T=True, num='111', print_grad=False, max_norm=10, seed_range=20, net_seed=10, seed=0, info=True, selling_length=150, cardinality=4, ini_inv=2, num_products=100, number_samples=10000, num_cus_types=4, seg_prob=None, num_cus_features=4, MNLdata=10000, p_file='../Gene_databeta/simul/p10_random.npy', c_file='../Gene_databeta/simul/c4_random.npy')
2022-12-14 05:29:45,163 Train INFO: log/A2C2022-12-14-05-29-45
2022-12-14 05:29:48,492 Train INFO: products price: [1649.73814547 1127.61563842  931.02871698 1360.34237971  725.13091995
  923.26577906 1048.06358099 1335.59336555 1195.40725861 1064.01482778
  911.06874296 1048.7285084   862.45852977  562.0352617  1338.46425903
  990.15321765  520.29278707 1208.23053483 1211.78612974 1415.52984074
  793.16221683 1876.27989159 1532.58284504  955.82118943 1761.86348334
  839.64872328  552.35384058 1249.34487063  512.10224121 1264.40811504
  800.71457455 1724.21396565 1820.46937714 1053.61927862 1303.52226404
  687.23532693  553.41199285 1166.92080199  888.36091138 1555.51175855
  945.60906956  904.8232257   185.11950973  956.00340393  921.97706365
  777.00211129 1233.85864419 1855.13122698 1247.19421357  809.85084994
  477.38637086 1180.64638022  688.85646935 1821.84964101 1336.34462326
 1180.51360642  846.06710047  671.01312444  972.26852132  920.40072648
 1206.16552071 1416.03566126 1211.55189823  896.40685864 1067.94770214
 1577.1507714  1254.63336377 1273.60053127  109.15494726 1404.48282551
 1341.31287433  440.47487253 1148.9827406  1464.57599267 1204.3751098
  570.81428852  460.8940235  1490.06233971 1354.33031959  984.32869752
 1393.98066869  796.41108887 1427.58864888 1277.02973902 1164.10629816
 1159.15216995 1300.53489406 1407.42098991  808.96765814  987.27313092
  169.27919123  946.08274828 1174.39447852  944.25927782 1517.41984827
 1615.68280386  142.22238131  657.0012701  1487.17636032 1170.3680706 ]
2022-12-14 05:29:48,493 Train INFO: seg_prob [0.21154331 0.33382619 0.24539256 0.20923794]
2022-12-14 05:29:48,493 Train INFO: Load Factor 0.75
2022-12-14 05:29:48,498 Train INFO: test seed: 0************************************
2022-12-14 05:29:52,306 Train INFO: mean test reward1: [86.48276622644447, 84.7862230153976, 86.17345041972264, 82.43676045730562, 84.00397699776197, 77.28887610910041, 88.4815347719728, 88.20806844970721, 78.21604800771296, 85.90165180830141, 86.05114040474498, 86.78394982905053, 90.82122177290324, 81.1104549721425, 84.58039550941534, 83.75188674639635, 86.704966817445, 87.39631316513936, 79.1320407102531, 80.53024929616045, 83.73217838634075, 88.06835464040635, 78.21348979309674, 88.76886249154089, 81.99565130073194, 86.37768921648811, 84.80425972693811, 77.98381452066307, 86.648757082311, 79.56881395893475, 82.7834024320089, 88.54611217682655, 90.79705386617033, 78.8590217017969, 85.98688634429547, 81.11507314548564, 88.25354972975336, 77.53074672531419, 87.22517559396435, 86.97248289005839, 80.53024929616045, 79.4940412920808, 87.60918086864734, 81.72984338636897, 87.44332594210071, 89.99266118639002, 88.31667566734477, 85.51722441226187, 88.23080908973029, 88.86517406517939]
2022-12-14 05:29:52,306 Train INFO: mean test reward2: [0.0, 0.0, 0.0, 0.0, 0.0, 0.0, 0.0, 0.0, 0.0, 0.0, 0.0, 0.0, 0.0, 0.0, 0.0, 0.0, 0.0, 0.0, 0.0, 0.0, 0.0, 0.0, 0.0, 0.0, 0.0, 0.0, 0.0, 0.0, 0.0, 0.0, 0.0, 0.0, 0.0, 0.0, 0.0, 0.0, 0.0, 0.0, 0.0, 0.0, 0.0, 0.0, 0.0, 0.0, 0.0, 0.0, 0.0, 0.0, 0.0, 0.0]
2022-12-14 05:29:52,306 Train INFO: mean test reward3: [0.0, 0.0, 0.0, 0.0, 0.0, 0.0, 0.0, 0.0, 0.0, 0.0, 0.0, 0.0, 0.0, 0.0, 0.0, 0.0, 0.0, 0.0, 0.0, 0.0, 0.0, 0.0, 0.0, 0.0, 0.0, 0.0, 0.0, 0.0, 0.0, 0.0, 0.0, 0.0, 0.0, 0.0, 0.0, 0.0, 0.0, 0.0, 0.0, 0.0, 0.0, 0.0, 0.0, 0.0, 0.0, 0.0, 0.0, 0.0, 0.0, 0.0]
2022-12-14 05:29:52,306 Train INFO: mean test reward4: [0.0, 0.0, 0.0, 0.0, 0.0, 0.0, 0.0, 0.0, 0.0, 0.0, 0.0, 0.0, 0.0, 0.0, 0.0, 0.0, 0.0, 0.0, 0.0, 0.0, 0.0, 0.0, 0.0, 0.0, 0.0, 0.0, 0.0, 0.0, 0.0, 0.0, 0.0, 0.0, 0.0, 0.0, 0.0, 0.0, 0.0, 0.0, 0.0, 0.0, 0.0, 0.0, 0.0, 0.0, 0.0, 0.0, 0.0, 0.0, 0.0, 0.0]
2022-12-14 05:29:52,306 Train INFO: mean test reward: 84.6161,0.0000,0.0000,0.0000
2022-12-14 05:29:52,307 Train INFO: test seed: 1************************************
2022-12-14 05:29:55,057 Train INFO: mean test reward1: [80.06391155681979, 82.16919577670141, 84.54787817194864, 85.24226624743085, 72.78373851441359, 75.64817178507016, 84.61517119564289, 75.81437621210172, 77.34206564726966, 82.32011035324847, 83.30958892227981, 81.84951602936722, 82.52714117857789, 72.71687070332439, 88.61117927502893, 82.97187596285164, 82.94204357718897, 78.64511561479621, 78.19910854206466, 82.72991247537898, 82.69721613837054, 83.2568717237524, 80.00760530019625, 82.6181726399612, 74.2493882904464, 87.11315308472841, 84.96346095824742, 76.93549650872889, 80.45932304173306, 74.61983774838637, 82.62292741543058, 89.73042539217556, 81.66380805274058, 77.70453694341428, 83.21319438231014, 83.75188674639637, 84.70253607530954, 76.99530318947825, 82.76981898576838, 79.98658452883679, 84.87073766052086, 75.29833617765337, 77.09912090361473, 74.24938829044642, 86.12257059204009, 84.64022787880157, 78.40411062892497, 81.28327473069695, 86.00929693470094, 83.4777905074911]
2022-12-14 05:29:55,058 Train INFO: mean test reward2: [0.0, 0.0, 0.0, 0.0, 0.0, 0.0, 0.0, 0.0, 0.0, 0.0, 0.0, 0.0, 0.0, 0.0, 0.0, 0.0, 0.0, 0.0, 0.0, 0.0, 0.0, 0.0, 0.0, 0.0, 0.0, 0.0, 0.0, 0.0, 0.0, 0.0, 0.0, 0.0, 0.0, 0.0, 0.0, 0.0, 0.0, 0.0, 0.0, 0.0, 0.0, 0.0, 0.0, 0.0, 0.0, 0.0, 0.0, 0.0, 0.0, 0.0]
2022-12-14 05:29:55,058 Train INFO: mean test reward3: [0.0, 0.0, 0.0, 0.0, 0.0, 0.0, 0.0, 0.0, 0.0, 0.0, 0.0, 0.0, 0.0, 0.0, 0.0, 0.0, 0.0, 0.0, 0.0, 0.0, 0.0, 0.0, 0.0, 0.0, 0.0, 0.0, 0.0, 0.0, 0.0, 0.0, 0.0, 0.0, 0.0, 0.0, 0.0, 0.0, 0.0, 0.0, 0.0, 0.0, 0.0, 0.0, 0.0, 0.0, 0.0, 0.0, 0.0, 0.0, 0.0, 0.0]
2022-12-14 05:29:55,058 Train INFO: mean test reward4: [0.0, 0.0, 0.0, 0.0, 0.0, 0.0, 0.0, 0.0, 0.0, 0.0, 0.0, 0.0, 0.0, 0.0, 0.0, 0.0, 0.0, 0.0, 0.0, 0.0, 0.0, 0.0, 0.0, 0.0, 0.0, 0.0, 0.0, 0.0, 0.0, 0.0, 0.0, 0.0, 0.0, 0.0, 0.0, 0.0, 0.0, 0.0, 0.0, 0.0, 0.0, 0.0, 0.0, 0.0, 0.0, 0.0, 0.0, 0.0, 0.0, 0.0]
2022-12-14 05:29:55,058 Train INFO: mean test reward: 81.1313,0.0000,0.0000,0.0000
2022-12-14 05:29:55,059 Train INFO: test seed: 2************************************
2022-12-14 05:29:57,892 Train INFO: mean test reward1: [76.34468663872167, 69.71099138680387, 76.37234074801904, 76.66796579623218, 77.49928052890736, 74.91544123344178, 77.3430198817229, 75.00628755751002, 74.22300617868356, 78.06929495402453, 79.24969779717638, 82.44218045322083, 79.56881395893477, 73.10186917031271, 75.77775144820689, 74.36247285910392, 78.27440720815326, 74.96967335580317, 77.16872458032877, 83.3095889222798, 76.4649750692782, 77.66841726281349, 71.5470271474499, 79.51855531669828, 72.11772941873797, 83.66692602103927, 77.8208055348105, 71.20979379337604, 75.60431725153697, 67.6980009936945, 75.23180282483659, 83.56397680112941, 81.23714324545799, 78.19660946585334, 81.76455530401014, 76.86488398477503, 84.6653562347724, 77.43418034397382, 78.62107230449566, 75.14755923710933, 75.1204502963472, 72.10596748097818, 76.6003561124354, 77.98595153298932, 77.02556779983037, 78.48717569119498, 82.06384909981749, 77.95520956395649, 77.76652848591196, 83.05455323713005]
2022-12-14 05:29:57,893 Train INFO: mean test reward2: [0.0, 0.0, 0.0, 0.0, 0.0, 0.0, 0.0, 0.0, 0.0, 0.0, 0.0, 0.0, 0.0, 0.0, 0.0, 0.0, 0.0, 0.0, 0.0, 0.0, 0.0, 0.0, 0.0, 0.0, 0.0, 0.0, 0.0, 0.0, 0.0, 0.0, 0.0, 0.0, 0.0, 0.0, 0.0, 0.0, 0.0, 0.0, 0.0, 0.0, 0.0, 0.0, 0.0, 0.0, 0.0, 0.0, 0.0, 0.0, 0.0, 0.0]
2022-12-14 05:29:57,893 Train INFO: mean test reward3: [0.0, 0.0, 0.0, 0.0, 0.0, 0.0, 0.0, 0.0, 0.0, 0.0, 0.0, 0.0, 0.0, 0.0, 0.0, 0.0, 0.0, 0.0, 0.0, 0.0, 0.0, 0.0, 0.0, 0.0, 0.0, 0.0, 0.0, 0.0, 0.0, 0.0, 0.0, 0.0, 0.0, 0.0, 0.0, 0.0, 0.0, 0.0, 0.0, 0.0, 0.0, 0.0, 0.0, 0.0, 0.0, 0.0, 0.0, 0.0, 0.0, 0.0]
2022-12-14 05:29:57,893 Train INFO: mean test reward4: [0.0, 0.0, 0.0, 0.0, 0.0, 0.0, 0.0, 0.0, 0.0, 0.0, 0.0, 0.0, 0.0, 0.0, 0.0, 0.0, 0.0, 0.0, 0.0, 0.0, 0.0, 0.0, 0.0, 0.0, 0.0, 0.0, 0.0, 0.0, 0.0, 0.0, 0.0, 0.0, 0.0, 0.0, 0.0, 0.0, 0.0, 0.0, 0.0, 0.0, 0.0, 0.0, 0.0, 0.0, 0.0, 0.0, 0.0, 0.0, 0.0, 0.0]
2022-12-14 05:29:57,893 Train INFO: mean test reward: 77.1717,0.0000,0.0000,0.0000
2022-12-14 05:29:57,894 Train INFO: test seed: 3************************************
2022-12-14 05:30:00,978 Train INFO: mean test reward1: [84.81260046607824, 80.87367324358881, 83.3820437738215, 85.71573553917432, 82.35177661030941, 81.13662445279208, 85.16111302822235, 74.3624728591039, 79.47716096483742, 82.27275329972827, 83.48129952685102, 86.09298387478901, 83.2568717237524, 75.80400962424325, 81.31254353078383, 83.12937869428562, 83.55441636109819, 80.04699521281063, 85.24090988692073, 83.78305821402328, 82.17102964809968, 88.55611945213435, 80.43509067777966, 80.54760033772077, 76.66796579623217, 87.42749408058668, 80.92174320430354, 78.6277645732359, 83.04616468579162, 76.45627144063162, 81.03967286015983, 86.95623551818794, 83.91292534855049, 82.01771761457852, 85.45313388592577, 81.59932551196245, 83.93562568959791, 83.74894131261222, 83.66692602103927, 74.5006141109201, 79.13002515417811, 78.57034294794227, 82.07942335854615, 76.03083047182704, 81.66160608410031, 88.23080908973027, 85.2287225655804, 80.63937367181157, 84.88428134237127, 87.77644262800774]
2022-12-14 05:30:00,983 Train INFO: mean test reward2: [0.0, 0.0, 0.0, 0.0, 0.0, 0.0, 0.0, 0.0, 0.0, 0.0, 0.0, 0.0, 0.0, 0.0, 0.0, 0.0, 0.0, 0.0, 0.0, 0.0, 0.0, 0.0, 0.0, 0.0, 0.0, 0.0, 0.0, 0.0, 0.0, 0.0, 0.0, 0.0, 0.0, 0.0, 0.0, 0.0, 0.0, 0.0, 0.0, 0.0, 0.0, 0.0, 0.0, 0.0, 0.0, 0.0, 0.0, 0.0, 0.0, 0.0]
2022-12-14 05:30:00,983 Train INFO: mean test reward3: [0.0, 0.0, 0.0, 0.0, 0.0, 0.0, 0.0, 0.0, 0.0, 0.0, 0.0, 0.0, 0.0, 0.0, 0.0, 0.0, 0.0, 0.0, 0.0, 0.0, 0.0, 0.0, 0.0, 0.0, 0.0, 0.0, 0.0, 0.0, 0.0, 0.0, 0.0, 0.0, 0.0, 0.0, 0.0, 0.0, 0.0, 0.0, 0.0, 0.0, 0.0, 0.0, 0.0, 0.0, 0.0, 0.0, 0.0, 0.0, 0.0, 0.0]
2022-12-14 05:30:00,983 Train INFO: mean test reward4: [0.0, 0.0, 0.0, 0.0, 0.0, 0.0, 0.0, 0.0, 0.0, 0.0, 0.0, 0.0, 0.0, 0.0, 0.0, 0.0, 0.0, 0.0, 0.0, 0.0, 0.0, 0.0, 0.0, 0.0, 0.0, 0.0, 0.0, 0.0, 0.0, 0.0, 0.0, 0.0, 0.0, 0.0, 0.0, 0.0, 0.0, 0.0, 0.0, 0.0, 0.0, 0.0, 0.0, 0.0, 0.0, 0.0, 0.0, 0.0, 0.0, 0.0]
2022-12-14 05:30:00,983 Train INFO: mean test reward: 82.2234,0.0000,0.0000,0.0000
2022-12-14 05:30:00,987 Train INFO: test seed: 4************************************
2022-12-14 05:30:03,989 Train INFO: mean test reward1: [81.57892880982189, 81.28990742623832, 85.786287723176, 84.15215772145432, 78.94385819605318, 73.34267884794191, 86.2242942436687, 79.99327679757704, 77.97822284151253, 86.52175423833795, 79.6394487181775, 83.66692602103927, 87.14496701407757, 75.33839077357501, 82.26733330381307, 73.32061980483911, 86.56330485594884, 79.56881395893477, 71.99215551648909, 75.49834907897937, 85.2757353425418, 87.77644262800773, 76.13203874025992, 82.61817263996119, 77.76079045162494, 82.01771761457853, 79.13718813723526, 78.77406097643984, 82.98512986976323, 75.85003617935533, 82.87970608772227, 86.48705447112114, 84.23924399654912, 76.43325816307559, 80.81875114284189, 72.69481166022159, 87.70462259945938, 74.91544123344177, 88.64002241072343, 78.62261714625373, 79.59848899210704, 84.27091025361007, 69.4208183717277, 79.05222741187822, 79.0522274118782, 86.99552549815043, 85.90386253764618, 86.1090269101897, 81.93275688922145, 84.70253607530954]
2022-12-14 05:30:03,990 Train INFO: mean test reward2: [0.0, 0.0, 0.0, 0.0, 0.0, 0.0, 0.0, 0.0, 0.0, 0.0, 0.0, 0.0, 0.0, 0.0, 0.0, 0.0, 0.0, 0.0, 0.0, 0.0, 0.0, 0.0, 0.0, 0.0, 0.0, 0.0, 0.0, 0.0, 0.0, 0.0, 0.0, 0.0, 0.0, 0.0, 0.0, 0.0, 0.0, 0.0, 0.0, 0.0, 0.0, 0.0, 0.0, 0.0, 0.0, 0.0, 0.0, 0.0, 0.0, 0.0]
2022-12-14 05:30:03,990 Train INFO: mean test reward3: [0.0, 0.0, 0.0, 0.0, 0.0, 0.0, 0.0, 0.0, 0.0, 0.0, 0.0, 0.0, 0.0, 0.0, 0.0, 0.0, 0.0, 0.0, 0.0, 0.0, 0.0, 0.0, 0.0, 0.0, 0.0, 0.0, 0.0, 0.0, 0.0, 0.0, 0.0, 0.0, 0.0, 0.0, 0.0, 0.0, 0.0, 0.0, 0.0, 0.0, 0.0, 0.0, 0.0, 0.0, 0.0, 0.0, 0.0, 0.0, 0.0, 0.0]
2022-12-14 05:30:03,990 Train INFO: mean test reward4: [0.0, 0.0, 0.0, 0.0, 0.0, 0.0, 0.0, 0.0, 0.0, 0.0, 0.0, 0.0, 0.0, 0.0, 0.0, 0.0, 0.0, 0.0, 0.0, 0.0, 0.0, 0.0, 0.0, 0.0, 0.0, 0.0, 0.0, 0.0, 0.0, 0.0, 0.0, 0.0, 0.0, 0.0, 0.0, 0.0, 0.0, 0.0, 0.0, 0.0, 0.0, 0.0, 0.0, 0.0, 0.0, 0.0, 0.0, 0.0, 0.0, 0.0]
2022-12-14 05:30:03,990 Train INFO: mean test reward: 80.9923,0.0000,0.0000,0.0000
2022-12-14 05:30:03,990 Train INFO: test seed: 5************************************
2022-12-14 05:30:06,716 Train INFO: mean test reward1: [74.91675079773312, 81.72984338636896, 86.4278382985723, 84.55407214311256, 81.31082366528098, 76.39535402557507, 84.1530577029108, 73.72316656847102, 76.0599989349846, 83.6654587089939, 79.8142093958232, 76.10902546270388, 79.61748088323259, 77.52358374225702, 80.64504240718021, 75.47438156697008, 82.69116471769925, 77.48663383920979, 78.6139093214385, 84.12427725923212, 78.81807197547691, 84.93516117005377, 82.32967079327975, 76.39630826002833, 76.13798913629263, 82.88635165191874, 78.72547157171235, 76.85772100171788, 79.12747972662193, 74.46939526611477, 73.35972016630751, 86.24543104880513, 77.23621055136421, 78.14662198200752, 78.62357138070696, 75.00422173249733, 77.12786759367445, 81.39578439063806, 79.55862843693646, 79.88739983317733, 82.10267833993562, 76.19890655134914, 77.63719841800814, 76.80718117548955, 82.15544252071592, 85.38736371076047, 77.28981753773428, 79.67416063581867, 82.28886841969967, 87.7388874026404]
2022-12-14 05:30:06,716 Train INFO: mean test reward2: [0.0, 0.0, 0.0, 0.0, 0.0, 0.0, 0.0, 0.0, 0.0, 0.0, 0.0, 0.0, 0.0, 0.0, 0.0, 0.0, 0.0, 0.0, 0.0, 0.0, 0.0, 0.0, 0.0, 0.0, 0.0, 0.0, 0.0, 0.0, 0.0, 0.0, 0.0, 0.0, 0.0, 0.0, 0.0, 0.0, 0.0, 0.0, 0.0, 0.0, 0.0, 0.0, 0.0, 0.0, 0.0, 0.0, 0.0, 0.0, 0.0, 0.0]
2022-12-14 05:30:06,716 Train INFO: mean test reward3: [0.0, 0.0, 0.0, 0.0, 0.0, 0.0, 0.0, 0.0, 0.0, 0.0, 0.0, 0.0, 0.0, 0.0, 0.0, 0.0, 0.0, 0.0, 0.0, 0.0, 0.0, 0.0, 0.0, 0.0, 0.0, 0.0, 0.0, 0.0, 0.0, 0.0, 0.0, 0.0, 0.0, 0.0, 0.0, 0.0, 0.0, 0.0, 0.0, 0.0, 0.0, 0.0, 0.0, 0.0, 0.0, 0.0, 0.0, 0.0, 0.0, 0.0]
2022-12-14 05:30:06,716 Train INFO: mean test reward4: [0.0, 0.0, 0.0, 0.0, 0.0, 0.0, 0.0, 0.0, 0.0, 0.0, 0.0, 0.0, 0.0, 0.0, 0.0, 0.0, 0.0, 0.0, 0.0, 0.0, 0.0, 0.0, 0.0, 0.0, 0.0, 0.0, 0.0, 0.0, 0.0, 0.0, 0.0, 0.0, 0.0, 0.0, 0.0, 0.0, 0.0, 0.0, 0.0, 0.0, 0.0, 0.0, 0.0, 0.0, 0.0, 0.0, 0.0, 0.0, 0.0, 0.0]
2022-12-14 05:30:06,716 Train INFO: mean test reward: 79.5917,0.0000,0.0000,0.0000
2022-12-14 05:30:06,717 Train INFO: test seed: 6************************************
2022-12-14 05:30:09,605 Train INFO: mean test reward1: [71.11142826028794, 69.83968628928449, 73.31966557038587, 77.76652848591195, 78.49328707834991, 75.9515632294647, 81.33603891147729, 69.04202328245313, 74.50061411092011, 80.31351086451033, 80.61164482403518, 73.20894322576345, 86.50550686646753, 75.37781518562969, 78.58540031706548, 80.61521002151754, 81.04195631123848, 77.13843362682883, 75.60076876581135, 80.61521002151751, 77.649205649715, 79.45991445559389, 76.2531171105528, 78.81807197547693, 76.1088408185283, 79.8643865556213, 75.58111377152473, 74.42336871100272, 78.6993407611125, 75.5923152686427, 75.01975700897553, 82.17102964809968, 76.38476174244991, 81.54909642415919, 78.40937794889508, 75.64817178507016, 75.793862010757, 78.17609526450865, 74.85527277737457, 78.84514421471059, 75.88676887409954, 70.09229774161919, 81.72984338636893, 81.90228021014754, 77.96190183269675, 81.28025219175584, 80.19074718287521, 79.42822507689382, 78.62776457323591, 84.70253607530952]
2022-12-14 05:30:09,606 Train INFO: mean test reward2: [0.0, 0.0, 0.0, 0.0, 0.0, 0.0, 0.0, 0.0, 0.0, 0.0, 0.0, 0.0, 0.0, 0.0, 0.0, 0.0, 0.0, 0.0, 0.0, 0.0, 0.0, 0.0, 0.0, 0.0, 0.0, 0.0, 0.0, 0.0, 0.0, 0.0, 0.0, 0.0, 0.0, 0.0, 0.0, 0.0, 0.0, 0.0, 0.0, 0.0, 0.0, 0.0, 0.0, 0.0, 0.0, 0.0, 0.0, 0.0, 0.0, 0.0]
2022-12-14 05:30:09,606 Train INFO: mean test reward3: [0.0, 0.0, 0.0, 0.0, 0.0, 0.0, 0.0, 0.0, 0.0, 0.0, 0.0, 0.0, 0.0, 0.0, 0.0, 0.0, 0.0, 0.0, 0.0, 0.0, 0.0, 0.0, 0.0, 0.0, 0.0, 0.0, 0.0, 0.0, 0.0, 0.0, 0.0, 0.0, 0.0, 0.0, 0.0, 0.0, 0.0, 0.0, 0.0, 0.0, 0.0, 0.0, 0.0, 0.0, 0.0, 0.0, 0.0, 0.0, 0.0, 0.0]
2022-12-14 05:30:09,606 Train INFO: mean test reward4: [0.0, 0.0, 0.0, 0.0, 0.0, 0.0, 0.0, 0.0, 0.0, 0.0, 0.0, 0.0, 0.0, 0.0, 0.0, 0.0, 0.0, 0.0, 0.0, 0.0, 0.0, 0.0, 0.0, 0.0, 0.0, 0.0, 0.0, 0.0, 0.0, 0.0, 0.0, 0.0, 0.0, 0.0, 0.0, 0.0, 0.0, 0.0, 0.0, 0.0, 0.0, 0.0, 0.0, 0.0, 0.0, 0.0, 0.0, 0.0, 0.0, 0.0]
2022-12-14 05:30:09,606 Train INFO: mean test reward: 77.6416,0.0000,0.0000,0.0000
2022-12-14 05:30:09,606 Train INFO: test seed: 7************************************
2022-12-14 05:30:12,660 Train INFO: mean test reward1: [82.09725834402042, 78.62060159017872, 73.1688886298418, 77.5307467253142, 78.3625321723063, 81.31082366528098, 82.4578352593859, 72.38981738491869, 70.21748346767997, 77.23880699718902, 77.96190183269675, 80.88331516605844, 83.71846463353833, 72.06460888693603, 78.17784082681285, 78.487175691195, 81.81068678924909, 78.0933508157727, 70.35343842276792, 71.99430068163205, 79.47716096483744, 86.0563097116623, 76.54613096611915, 81.22998026240083, 74.47855506781733, 85.92439244832448, 79.51265551473512, 77.28887610910044, 75.55906572939166, 74.82428077119087, 78.12852906773965, 82.63009039848775, 81.76455530401014, 72.05100796278522, 76.28281568080396, 73.31350340873922, 80.14681766627655, 77.75163242586636, 71.58290295235543, 68.83385513797364, 74.36601603145415, 73.25279775929664, 77.29650980647452, 79.2445503701942, 80.48592456664983, 80.75525878152207, 79.90831607221998, 77.79610775277793, 84.03857490950777, 85.22872256558043]
2022-12-14 05:30:12,660 Train INFO: mean test reward2: [0.0, 0.0, 0.0, 0.0, 0.0, 0.0, 0.0, 0.0, 0.0, 0.0, 0.0, 0.0, 0.0, 0.0, 0.0, 0.0, 0.0, 0.0, 0.0, 0.0, 0.0, 0.0, 0.0, 0.0, 0.0, 0.0, 0.0, 0.0, 0.0, 0.0, 0.0, 0.0, 0.0, 0.0, 0.0, 0.0, 0.0, 0.0, 0.0, 0.0, 0.0, 0.0, 0.0, 0.0, 0.0, 0.0, 0.0, 0.0, 0.0, 0.0]
2022-12-14 05:30:12,661 Train INFO: mean test reward3: [0.0, 0.0, 0.0, 0.0, 0.0, 0.0, 0.0, 0.0, 0.0, 0.0, 0.0, 0.0, 0.0, 0.0, 0.0, 0.0, 0.0, 0.0, 0.0, 0.0, 0.0, 0.0, 0.0, 0.0, 0.0, 0.0, 0.0, 0.0, 0.0, 0.0, 0.0, 0.0, 0.0, 0.0, 0.0, 0.0, 0.0, 0.0, 0.0, 0.0, 0.0, 0.0, 0.0, 0.0, 0.0, 0.0, 0.0, 0.0, 0.0, 0.0]
2022-12-14 05:30:12,661 Train INFO: mean test reward4: [0.0, 0.0, 0.0, 0.0, 0.0, 0.0, 0.0, 0.0, 0.0, 0.0, 0.0, 0.0, 0.0, 0.0, 0.0, 0.0, 0.0, 0.0, 0.0, 0.0, 0.0, 0.0, 0.0, 0.0, 0.0, 0.0, 0.0, 0.0, 0.0, 0.0, 0.0, 0.0, 0.0, 0.0, 0.0, 0.0, 0.0, 0.0, 0.0, 0.0, 0.0, 0.0, 0.0, 0.0, 0.0, 0.0, 0.0, 0.0, 0.0, 0.0]
2022-12-14 05:30:12,661 Train INFO: mean test reward: 77.8539,0.0000,0.0000,0.0000
2022-12-14 05:30:12,661 Train INFO: test seed: 8************************************
2022-12-14 05:30:15,833 Train INFO: mean test reward1: [79.90831607221998, 77.76140890845745, 79.0154608783367, 74.32682389282006, 76.76106627063857, 69.0125382575359, 81.84004247956148, 73.76527692781464, 78.40937794889508, 76.18624929946357, 78.28227579881194, 71.45416783463644, 85.71573553917435, 71.99865616500863, 76.8522252749009, 71.55893544034615, 78.19613875153644, 78.62776457323591, 74.0745089011969, 77.96237254701367, 80.09862347446098, 69.45986506737017, 76.16304581945133, 72.07342424659402, 76.9104398255702, 85.54688614766293, 74.94030771414425, 74.79567137208913, 81.36058311752478, 74.64489443154508, 78.27440720815325, 83.92196170618901, 78.19660946585336, 73.82877941119052, 79.05939039493539, 75.44911311819742, 78.19613875153644, 79.2496977971764, 80.41333081855777, 78.00280881035431, 75.61695294026481, 67.70011260026436, 75.92854995190865, 76.66903992367334, 82.7834024320089, 83.36040612537181, 81.47118467596387, 79.0650979160984, 76.80207060974514, 80.22848417596238]
2022-12-14 05:30:15,834 Train INFO: mean test reward2: [0.0, 0.0, 0.0, 0.0, 0.0, 0.0, 0.0, 0.0, 0.0, 0.0, 0.0, 0.0, 0.0, 0.0, 0.0, 0.0, 0.0, 0.0, 0.0, 0.0, 0.0, 0.0, 0.0, 0.0, 0.0, 0.0, 0.0, 0.0, 0.0, 0.0, 0.0, 0.0, 0.0, 0.0, 0.0, 0.0, 0.0, 0.0, 0.0, 0.0, 0.0, 0.0, 0.0, 0.0, 0.0, 0.0, 0.0, 0.0, 0.0, 0.0]
2022-12-14 05:30:15,834 Train INFO: mean test reward3: [0.0, 0.0, 0.0, 0.0, 0.0, 0.0, 0.0, 0.0, 0.0, 0.0, 0.0, 0.0, 0.0, 0.0, 0.0, 0.0, 0.0, 0.0, 0.0, 0.0, 0.0, 0.0, 0.0, 0.0, 0.0, 0.0, 0.0, 0.0, 0.0, 0.0, 0.0, 0.0, 0.0, 0.0, 0.0, 0.0, 0.0, 0.0, 0.0, 0.0, 0.0, 0.0, 0.0, 0.0, 0.0, 0.0, 0.0, 0.0, 0.0, 0.0]
2022-12-14 05:30:15,834 Train INFO: mean test reward4: [0.0, 0.0, 0.0, 0.0, 0.0, 0.0, 0.0, 0.0, 0.0, 0.0, 0.0, 0.0, 0.0, 0.0, 0.0, 0.0, 0.0, 0.0, 0.0, 0.0, 0.0, 0.0, 0.0, 0.0, 0.0, 0.0, 0.0, 0.0, 0.0, 0.0, 0.0, 0.0, 0.0, 0.0, 0.0, 0.0, 0.0, 0.0, 0.0, 0.0, 0.0, 0.0, 0.0, 0.0, 0.0, 0.0, 0.0, 0.0, 0.0, 0.0]
2022-12-14 05:30:15,834 Train INFO: mean test reward: 77.2384,0.0000,0.0000,0.0000
2022-12-14 05:30:15,834 Train INFO: test seed: 9************************************
2022-12-14 05:30:18,950 Train INFO: mean test reward1: [80.72102741271836, 79.88835406763057, 80.8126804068157, 87.58248203356517, 80.47112614655907, 76.78130931359267, 83.57951415911968, 77.55424352300656, 79.91245651633601, 90.45119121160066, 84.3654709221815, 85.26913676059827, 89.93652888448771, 76.71915328999076, 81.8752134923002, 86.00929693470096, 88.62587286911878, 80.09862347446096, 79.99327679757705, 79.43992371697901, 87.4920781906538, 90.4455268165661, 84.9569239541592, 86.14347386121834, 81.28327473069697, 86.17566114906742, 86.1756611490674, 79.48385323357769, 79.64661170123466, 78.41749516640549, 80.69714820793348, 88.06142891849065, 77.72097264511682, 80.18358419981806, 86.46955259421163, 85.68456407154738, 86.49088991237967, 83.72675839042554, 86.69060055235502, 82.14055296902576, 82.70377081831073, 77.70406622909735, 86.49630990829486, 86.01233067433856, 80.60804703846034, 89.1134917024669, 83.32804702349496, 82.15190876803717, 83.58073972740092, 88.53028515992688]
2022-12-14 05:30:18,950 Train INFO: mean test reward2: [0.0, 0.0, 0.0, 0.0, 0.0, 0.0, 0.0, 0.0, 0.0, 0.0, 0.0, 0.0, 0.0, 0.0, 0.0, 0.0, 0.0, 0.0, 0.0, 0.0, 0.0, 0.0, 0.0, 0.0, 0.0, 0.0, 0.0, 0.0, 0.0, 0.0, 0.0, 0.0, 0.0, 0.0, 0.0, 0.0, 0.0, 0.0, 0.0, 0.0, 0.0, 0.0, 0.0, 0.0, 0.0, 0.0, 0.0, 0.0, 0.0, 0.0]
2022-12-14 05:30:18,951 Train INFO: mean test reward3: [0.0, 0.0, 0.0, 0.0, 0.0, 0.0, 0.0, 0.0, 0.0, 0.0, 0.0, 0.0, 0.0, 0.0, 0.0, 0.0, 0.0, 0.0, 0.0, 0.0, 0.0, 0.0, 0.0, 0.0, 0.0, 0.0, 0.0, 0.0, 0.0, 0.0, 0.0, 0.0, 0.0, 0.0, 0.0, 0.0, 0.0, 0.0, 0.0, 0.0, 0.0, 0.0, 0.0, 0.0, 0.0, 0.0, 0.0, 0.0, 0.0, 0.0]
2022-12-14 05:30:18,951 Train INFO: mean test reward4: [0.0, 0.0, 0.0, 0.0, 0.0, 0.0, 0.0, 0.0, 0.0, 0.0, 0.0, 0.0, 0.0, 0.0, 0.0, 0.0, 0.0, 0.0, 0.0, 0.0, 0.0, 0.0, 0.0, 0.0, 0.0, 0.0, 0.0, 0.0, 0.0, 0.0, 0.0, 0.0, 0.0, 0.0, 0.0, 0.0, 0.0, 0.0, 0.0, 0.0, 0.0, 0.0, 0.0, 0.0, 0.0, 0.0, 0.0, 0.0, 0.0, 0.0]
2022-12-14 05:30:18,951 Train INFO: mean test reward: 83.3680,0.0000,0.0000,0.0000
2022-12-14 05:30:18,951 Train INFO: test seed: 10************************************
2022-12-14 05:30:21,726 Train INFO: mean test reward1: [84.19311251131016, 86.60523684195627, 81.12463358551689, 86.02284061655136, 79.94934728097839, 82.35177661030943, 88.59454113067727, 80.73201868861229, 81.77631771268167, 85.22872256558041, 84.70253607530954, 87.7388874026404, 84.64981887678213, 85.48311044443005, 84.05968661232642, 86.05830338780216, 84.64981887678213, 79.47669025052052, 87.3591427724226, 87.68188195943631, 85.39692415079173, 90.30222008476156, 79.26546660923684, 76.24457708503104, 81.5490964241592, 87.93020298637474, 83.46823006745986, 80.10578645751815, 88.61728177070033, 77.72766491385705, 87.10868269220408, 89.89163061341063, 78.62823528755283, 84.37979688829581, 90.77997762118176, 86.17345041972266, 88.70856662615047, 77.20604331062559, 86.45493564012378, 71.83624281209137, 80.48852174820205, 79.55448799282041, 84.25836487661162, 85.28606975782176, 81.84235304631005, 88.21759545749748, 78.95102117911033, 83.49033588448954, 86.49630990829486, 87.72028417194485]
2022-12-14 05:30:21,726 Train INFO: mean test reward2: [0.0, 0.0, 0.0, 0.0, 0.0, 0.0, 0.0, 0.0, 0.0, 0.0, 0.0, 0.0, 0.0, 0.0, 0.0, 0.0, 0.0, 0.0, 0.0, 0.0, 0.0, 0.0, 0.0, 0.0, 0.0, 0.0, 0.0, 0.0, 0.0, 0.0, 0.0, 0.0, 0.0, 0.0, 0.0, 0.0, 0.0, 0.0, 0.0, 0.0, 0.0, 0.0, 0.0, 0.0, 0.0, 0.0, 0.0, 0.0, 0.0, 0.0]
2022-12-14 05:30:21,726 Train INFO: mean test reward3: [0.0, 0.0, 0.0, 0.0, 0.0, 0.0, 0.0, 0.0, 0.0, 0.0, 0.0, 0.0, 0.0, 0.0, 0.0, 0.0, 0.0, 0.0, 0.0, 0.0, 0.0, 0.0, 0.0, 0.0, 0.0, 0.0, 0.0, 0.0, 0.0, 0.0, 0.0, 0.0, 0.0, 0.0, 0.0, 0.0, 0.0, 0.0, 0.0, 0.0, 0.0, 0.0, 0.0, 0.0, 0.0, 0.0, 0.0, 0.0, 0.0, 0.0]
2022-12-14 05:30:21,726 Train INFO: mean test reward4: [0.0, 0.0, 0.0, 0.0, 0.0, 0.0, 0.0, 0.0, 0.0, 0.0, 0.0, 0.0, 0.0, 0.0, 0.0, 0.0, 0.0, 0.0, 0.0, 0.0, 0.0, 0.0, 0.0, 0.0, 0.0, 0.0, 0.0, 0.0, 0.0, 0.0, 0.0, 0.0, 0.0, 0.0, 0.0, 0.0, 0.0, 0.0, 0.0, 0.0, 0.0, 0.0, 0.0, 0.0, 0.0, 0.0, 0.0, 0.0, 0.0, 0.0]
2022-12-14 05:30:21,726 Train INFO: mean test reward: 83.9304,0.0000,0.0000,0.0000
2022-12-14 05:30:21,727 Train INFO: test seed: 11************************************
2022-12-14 05:30:24,174 Train INFO: mean test reward1: [73.37235585503535, 73.07881733874034, 76.37330598344202, 71.843523741088, 74.65548671467025, 70.2710353352005, 79.21700143561019, 73.25526542351794, 71.49041523223305, 77.93434674482164, 77.53027601099728, 79.23584254537896, 77.09912090361475, 73.2947564702004, 75.40732355342465, 75.04537691800866, 79.04506442882102, 81.73031410068586, 72.69385742576834, 78.13569205079685, 75.87171119807017, 79.51149990485558, 74.50695270130512, 78.56731787249629, 71.85646826587367, 82.52736963718154, 78.19099132455426, 75.01795801081488, 76.90421827114687, 71.69376406666743, 76.9705938047614, 81.15218252010092, 75.55008512917559, 75.47438156697008, 74.67252803303586, 76.46702267104952, 77.09959161793167, 74.735300180919, 82.62292741543058, 73.09941418727549, 80.53024929616048, 74.30596107368515, 74.52422560149923, 76.90421827114686, 76.5334952773913, 83.7614866896107, 78.39352765439622, 75.53304381080997, 81.68359789523458, 80.70017074687462]
2022-12-14 05:30:24,178 Train INFO: mean test reward2: [0.0, 0.0, 0.0, 0.0, 0.0, 0.0, 0.0, 0.0, 0.0, 0.0, 0.0, 0.0, 0.0, 0.0, 0.0, 0.0, 0.0, 0.0, 0.0, 0.0, 0.0, 0.0, 0.0, 0.0, 0.0, 0.0, 0.0, 0.0, 0.0, 0.0, 0.0, 0.0, 0.0, 0.0, 0.0, 0.0, 0.0, 0.0, 0.0, 0.0, 0.0, 0.0, 0.0, 0.0, 0.0, 0.0, 0.0, 0.0, 0.0, 0.0]
2022-12-14 05:30:24,178 Train INFO: mean test reward3: [0.0, 0.0, 0.0, 0.0, 0.0, 0.0, 0.0, 0.0, 0.0, 0.0, 0.0, 0.0, 0.0, 0.0, 0.0, 0.0, 0.0, 0.0, 0.0, 0.0, 0.0, 0.0, 0.0, 0.0, 0.0, 0.0, 0.0, 0.0, 0.0, 0.0, 0.0, 0.0, 0.0, 0.0, 0.0, 0.0, 0.0, 0.0, 0.0, 0.0, 0.0, 0.0, 0.0, 0.0, 0.0, 0.0, 0.0, 0.0, 0.0, 0.0]
2022-12-14 05:30:24,178 Train INFO: mean test reward4: [0.0, 0.0, 0.0, 0.0, 0.0, 0.0, 0.0, 0.0, 0.0, 0.0, 0.0, 0.0, 0.0, 0.0, 0.0, 0.0, 0.0, 0.0, 0.0, 0.0, 0.0, 0.0, 0.0, 0.0, 0.0, 0.0, 0.0, 0.0, 0.0, 0.0, 0.0, 0.0, 0.0, 0.0, 0.0, 0.0, 0.0, 0.0, 0.0, 0.0, 0.0, 0.0, 0.0, 0.0, 0.0, 0.0, 0.0, 0.0, 0.0, 0.0]
2022-12-14 05:30:24,179 Train INFO: mean test reward: 76.5214,0.0000,0.0000,0.0000
2022-12-14 05:30:24,179 Train INFO: test seed: 12************************************
2022-12-14 05:30:26,791 Train INFO: mean test reward1: [85.33049319946196, 82.34994273891117, 82.07528291443008, 83.07131616340158, 84.22241060435576, 76.54613096611914, 81.10371734647424, 75.76977980586098, 78.35267566477008, 84.70253607530955, 84.05836584480447, 79.56165097587758, 87.75733979798679, 79.47669025052049, 80.53438974027648, 77.45597405846026, 82.64449893984317, 79.50120427513798, 78.4229788730459, 79.0522274118782, 82.26606103098801, 79.98611381451988, 76.13203874025993, 84.6163497816712, 78.99659925519437, 88.2308090897303, 83.96380517623305, 75.14755923710935, 84.27512780288313, 75.05194709022219, 86.00929693470096, 84.64864029075383, 81.47358213293796, 75.89828534155654, 83.22275482234137, 83.665700452758, 83.1877476574858, 78.42727164899661, 85.6195145830455, 79.26546660923685, 78.38683538565597, 76.85772100171789, 81.33292948231069, 82.5271411785779, 86.02284061655138, 88.27265255977433, 80.49553737851924, 84.0901632914003, 81.93275688922147, 84.27091025361005]
2022-12-14 05:30:26,796 Train INFO: mean test reward2: [0.0, 0.0, 0.0, 0.0, 0.0, 0.0, 0.0, 0.0, 0.0, 0.0, 0.0, 0.0, 0.0, 0.0, 0.0, 0.0, 0.0, 0.0, 0.0, 0.0, 0.0, 0.0, 0.0, 0.0, 0.0, 0.0, 0.0, 0.0, 0.0, 0.0, 0.0, 0.0, 0.0, 0.0, 0.0, 0.0, 0.0, 0.0, 0.0, 0.0, 0.0, 0.0, 0.0, 0.0, 0.0, 0.0, 0.0, 0.0, 0.0, 0.0]
2022-12-14 05:30:26,796 Train INFO: mean test reward3: [0.0, 0.0, 0.0, 0.0, 0.0, 0.0, 0.0, 0.0, 0.0, 0.0, 0.0, 0.0, 0.0, 0.0, 0.0, 0.0, 0.0, 0.0, 0.0, 0.0, 0.0, 0.0, 0.0, 0.0, 0.0, 0.0, 0.0, 0.0, 0.0, 0.0, 0.0, 0.0, 0.0, 0.0, 0.0, 0.0, 0.0, 0.0, 0.0, 0.0, 0.0, 0.0, 0.0, 0.0, 0.0, 0.0, 0.0, 0.0, 0.0, 0.0]
2022-12-14 05:30:26,796 Train INFO: mean test reward4: [0.0, 0.0, 0.0, 0.0, 0.0, 0.0, 0.0, 0.0, 0.0, 0.0, 0.0, 0.0, 0.0, 0.0, 0.0, 0.0, 0.0, 0.0, 0.0, 0.0, 0.0, 0.0, 0.0, 0.0, 0.0, 0.0, 0.0, 0.0, 0.0, 0.0, 0.0, 0.0, 0.0, 0.0, 0.0, 0.0, 0.0, 0.0, 0.0, 0.0, 0.0, 0.0, 0.0, 0.0, 0.0, 0.0, 0.0, 0.0, 0.0, 0.0]
2022-12-14 05:30:26,796 Train INFO: mean test reward: 81.5253,0.0000,0.0000,0.0000
2022-12-14 05:30:26,797 Train INFO: test seed: 13************************************
2022-12-14 05:30:29,252 Train INFO: mean test reward1: [76.13203874025992, 75.14755923710932, 76.0512471438489, 77.6684172628135, 75.01442355281293, 67.71334406653088, 71.42175942395292, 73.74487028173571, 72.54047385374719, 77.57834597171201, 74.06943744037984, 76.34968349189319, 77.53027601099728, 69.95854315367478, 72.86684433563191, 74.49120175751493, 78.6277645732359, 80.6863154950772, 74.76661925558446, 75.53304381080997, 77.69737396035713, 77.3349026642125, 75.1560992626311, 78.1289997820566, 70.65467846936227, 84.30859689799408, 77.3349026642125, 76.3656484792788, 77.32868110978914, 77.75829137541362, 77.84325210077071, 80.81268040681567, 70.37464058502799, 67.69192264578226, 81.22456026648564, 73.8724437422675, 75.37285451686074, 76.8448735473761, 80.60851775277727, 66.74862460487083, 72.10358866995918, 75.07659576281404, 75.29723851826223, 77.34206564726966, 75.50514423871948, 78.69887004679556, 67.557069446807, 78.41080289766522, 78.21348979309676, 82.29132990956984]
2022-12-14 05:30:29,258 Train INFO: mean test reward2: [0.0, 0.0, 0.0, 0.0, 0.0, 0.0, 0.0, 0.0, 0.0, 0.0, 0.0, 0.0, 0.0, 0.0, 0.0, 0.0, 0.0, 0.0, 0.0, 0.0, 0.0, 0.0, 0.0, 0.0, 0.0, 0.0, 0.0, 0.0, 0.0, 0.0, 0.0, 0.0, 0.0, 0.0, 0.0, 0.0, 0.0, 0.0, 0.0, 0.0, 0.0, 0.0, 0.0, 0.0, 0.0, 0.0, 0.0, 0.0, 0.0, 0.0]
2022-12-14 05:30:29,258 Train INFO: mean test reward3: [0.0, 0.0, 0.0, 0.0, 0.0, 0.0, 0.0, 0.0, 0.0, 0.0, 0.0, 0.0, 0.0, 0.0, 0.0, 0.0, 0.0, 0.0, 0.0, 0.0, 0.0, 0.0, 0.0, 0.0, 0.0, 0.0, 0.0, 0.0, 0.0, 0.0, 0.0, 0.0, 0.0, 0.0, 0.0, 0.0, 0.0, 0.0, 0.0, 0.0, 0.0, 0.0, 0.0, 0.0, 0.0, 0.0, 0.0, 0.0, 0.0, 0.0]
2022-12-14 05:30:29,258 Train INFO: mean test reward4: [0.0, 0.0, 0.0, 0.0, 0.0, 0.0, 0.0, 0.0, 0.0, 0.0, 0.0, 0.0, 0.0, 0.0, 0.0, 0.0, 0.0, 0.0, 0.0, 0.0, 0.0, 0.0, 0.0, 0.0, 0.0, 0.0, 0.0, 0.0, 0.0, 0.0, 0.0, 0.0, 0.0, 0.0, 0.0, 0.0, 0.0, 0.0, 0.0, 0.0, 0.0, 0.0, 0.0, 0.0, 0.0, 0.0, 0.0, 0.0, 0.0, 0.0]
2022-12-14 05:30:29,258 Train INFO: mean test reward: 75.6370,0.0000,0.0000,0.0000
2022-12-14 05:30:29,259 Train INFO: test seed: 14************************************
2022-12-14 05:30:31,607 Train INFO: mean test reward1: [76.77691656513744, 75.14851347156258, 72.73498237393443, 80.13773932938275, 71.67036859381624, 73.44960125495275, 76.66425612383956, 70.15069765402691, 77.28934682341736, 82.75292575293498, 76.50227643258593, 77.70406622909736, 79.48385323357766, 71.0419538177216, 76.48132812379029, 78.57108482064983, 81.42553529386235, 79.04553514313794, 73.19431760940402, 73.55943410217154, 78.18944648279619, 78.83384078753738, 75.68382075135402, 80.7235925244611, 73.25114536227278, 74.91544123344177, 78.91577897395334, 75.29833617765338, 76.92499498417425, 71.78864622033122, 77.66172499407324, 82.6288648302065, 79.12333288543786, 73.34363308239513, 78.41033218334832, 73.86442837747441, 71.96544643630652, 73.42754221184994, 79.94942876341675, 69.43711592264846, 77.28218384036018, 72.19637725895254, 75.3822453071082, 73.58258647324766, 78.63889406037288, 75.14059279884196, 70.27309015924344, 75.9411856406365, 76.36769991627769, 73.03171261344859]
2022-12-14 05:30:31,612 Train INFO: mean test reward2: [0.0, 0.0, 0.0, 0.0, 0.0, 0.0, 0.0, 0.0, 0.0, 0.0, 0.0, 0.0, 0.0, 0.0, 0.0, 0.0, 0.0, 0.0, 0.0, 0.0, 0.0, 0.0, 0.0, 0.0, 0.0, 0.0, 0.0, 0.0, 0.0, 0.0, 0.0, 0.0, 0.0, 0.0, 0.0, 0.0, 0.0, 0.0, 0.0, 0.0, 0.0, 0.0, 0.0, 0.0, 0.0, 0.0, 0.0, 0.0, 0.0, 0.0]
2022-12-14 05:30:31,613 Train INFO: mean test reward3: [0.0, 0.0, 0.0, 0.0, 0.0, 0.0, 0.0, 0.0, 0.0, 0.0, 0.0, 0.0, 0.0, 0.0, 0.0, 0.0, 0.0, 0.0, 0.0, 0.0, 0.0, 0.0, 0.0, 0.0, 0.0, 0.0, 0.0, 0.0, 0.0, 0.0, 0.0, 0.0, 0.0, 0.0, 0.0, 0.0, 0.0, 0.0, 0.0, 0.0, 0.0, 0.0, 0.0, 0.0, 0.0, 0.0, 0.0, 0.0, 0.0, 0.0]
2022-12-14 05:30:31,614 Train INFO: mean test reward4: [0.0, 0.0, 0.0, 0.0, 0.0, 0.0, 0.0, 0.0, 0.0, 0.0, 0.0, 0.0, 0.0, 0.0, 0.0, 0.0, 0.0, 0.0, 0.0, 0.0, 0.0, 0.0, 0.0, 0.0, 0.0, 0.0, 0.0, 0.0, 0.0, 0.0, 0.0, 0.0, 0.0, 0.0, 0.0, 0.0, 0.0, 0.0, 0.0, 0.0, 0.0, 0.0, 0.0, 0.0, 0.0, 0.0, 0.0, 0.0, 0.0, 0.0]
2022-12-14 05:30:31,615 Train INFO: mean test reward: 75.9192,0.0000,0.0000,0.0000
2022-12-14 05:30:31,616 Train INFO: test seed: 15************************************
2022-12-14 05:30:34,046 Train INFO: mean test reward1: [78.20027919565248, 78.40937794889507, 73.20550283154867, 77.97870636164885, 75.06398456592694, 70.91498538777333, 78.92596449595163, 70.02542993052998, 66.62276202398452, 76.04367792616884, 76.55079686380816, 75.79281368540592, 77.98586934470603, 70.98310137142549, 83.16926486571143, 71.55893544034615, 80.07107453987696, 77.57212441728868, 70.69690930042145, 77.53027601099728, 71.38891600225709, 76.84283014177343, 76.34968349189319, 77.51489997049637, 72.86764764386842, 80.61521002151756, 74.65548671467026, 71.58138549202775, 77.19935104188534, 75.79040870009247, 77.53027601099728, 82.63009039848775, 70.40465237867501, 66.40225235516502, 77.74446944280918, 77.55328928855332, 78.6277645732359, 75.29833617765338, 77.66841726281348, 76.39275659943637, 68.37780661944895, 73.25279775929664, 71.53319257742301, 76.72116884606572, 79.49451200639773, 76.63006165873168, 76.41690609039992, 76.24457708503103, 79.06957845343851, 76.56461879641262]
2022-12-14 05:30:34,059 Train INFO: mean test reward2: [0.0, 0.0, 0.0, 0.0, 0.0, 0.0, 0.0, 0.0, 0.0, 0.0, 0.0, 0.0, 0.0, 0.0, 0.0, 0.0, 0.0, 0.0, 0.0, 0.0, 0.0, 0.0, 0.0, 0.0, 0.0, 0.0, 0.0, 0.0, 0.0, 0.0, 0.0, 0.0, 0.0, 0.0, 0.0, 0.0, 0.0, 0.0, 0.0, 0.0, 0.0, 0.0, 0.0, 0.0, 0.0, 0.0, 0.0, 0.0, 0.0, 0.0]
2022-12-14 05:30:34,059 Train INFO: mean test reward3: [0.0, 0.0, 0.0, 0.0, 0.0, 0.0, 0.0, 0.0, 0.0, 0.0, 0.0, 0.0, 0.0, 0.0, 0.0, 0.0, 0.0, 0.0, 0.0, 0.0, 0.0, 0.0, 0.0, 0.0, 0.0, 0.0, 0.0, 0.0, 0.0, 0.0, 0.0, 0.0, 0.0, 0.0, 0.0, 0.0, 0.0, 0.0, 0.0, 0.0, 0.0, 0.0, 0.0, 0.0, 0.0, 0.0, 0.0, 0.0, 0.0, 0.0]
2022-12-14 05:30:34,059 Train INFO: mean test reward4: [0.0, 0.0, 0.0, 0.0, 0.0, 0.0, 0.0, 0.0, 0.0, 0.0, 0.0, 0.0, 0.0, 0.0, 0.0, 0.0, 0.0, 0.0, 0.0, 0.0, 0.0, 0.0, 0.0, 0.0, 0.0, 0.0, 0.0, 0.0, 0.0, 0.0, 0.0, 0.0, 0.0, 0.0, 0.0, 0.0, 0.0, 0.0, 0.0, 0.0, 0.0, 0.0, 0.0, 0.0, 0.0, 0.0, 0.0, 0.0, 0.0, 0.0]
2022-12-14 05:30:34,059 Train INFO: mean test reward: 75.5333,0.0000,0.0000,0.0000
2022-12-14 05:30:34,059 Train INFO: test seed: 16************************************
2022-12-14 05:30:36,714 Train INFO: mean test reward1: [78.05639324508827, 76.26185232830007, 80.61521002151754, 83.17182011413904, 79.5478977198921, 74.62837777390814, 83.3559492426971, 73.22947034355795, 78.70652627570855, 85.17600536705304, 82.56248071469098, 76.13221605731276, 82.27397886800951, 79.59550056042364, 76.14336184055307, 76.16038681000397, 82.9516040172202, 78.39352765439622, 81.31082366528099, 85.41782741996997, 78.1751410300554, 83.79840057589216, 76.53274642863863, 82.17692593642595, 73.69756435301798, 86.12073322119527, 79.47669025052052, 70.86902781860547, 78.10004308451296, 77.28934682341736, 80.06391155681979, 84.70253607530952, 84.47744628950548, 72.19083084488624, 78.64767382941243, 80.07823752293413, 79.5616509758776, 80.68889044134049, 85.24226624743085, 81.14262208006967, 79.90541776437969, 75.64817178507016, 78.81082750998134, 79.35456777870998, 83.3095889222798, 82.28342530214536, 63.1373016955526, 84.36131409652147, 83.40350178455111, 84.22788819753771]
2022-12-14 05:30:36,715 Train INFO: mean test reward2: [0.0, 0.0, 0.0, 0.0, 0.0, 0.0, 0.0, 0.0, 0.0, 0.0, 0.0, 0.0, 0.0, 0.0, 0.0, 0.0, 0.0, 0.0, 0.0, 0.0, 0.0, 0.0, 0.0, 0.0, 0.0, 0.0, 0.0, 0.0, 0.0, 0.0, 0.0, 0.0, 0.0, 0.0, 0.0, 0.0, 0.0, 0.0, 0.0, 0.0, 0.0, 0.0, 0.0, 0.0, 0.0, 0.0, 0.0, 0.0, 0.0, 0.0]
2022-12-14 05:30:36,715 Train INFO: mean test reward3: [0.0, 0.0, 0.0, 0.0, 0.0, 0.0, 0.0, 0.0, 0.0, 0.0, 0.0, 0.0, 0.0, 0.0, 0.0, 0.0, 0.0, 0.0, 0.0, 0.0, 0.0, 0.0, 0.0, 0.0, 0.0, 0.0, 0.0, 0.0, 0.0, 0.0, 0.0, 0.0, 0.0, 0.0, 0.0, 0.0, 0.0, 0.0, 0.0, 0.0, 0.0, 0.0, 0.0, 0.0, 0.0, 0.0, 0.0, 0.0, 0.0, 0.0]
2022-12-14 05:30:36,715 Train INFO: mean test reward4: [0.0, 0.0, 0.0, 0.0, 0.0, 0.0, 0.0, 0.0, 0.0, 0.0, 0.0, 0.0, 0.0, 0.0, 0.0, 0.0, 0.0, 0.0, 0.0, 0.0, 0.0, 0.0, 0.0, 0.0, 0.0, 0.0, 0.0, 0.0, 0.0, 0.0, 0.0, 0.0, 0.0, 0.0, 0.0, 0.0, 0.0, 0.0, 0.0, 0.0, 0.0, 0.0, 0.0, 0.0, 0.0, 0.0, 0.0, 0.0, 0.0, 0.0]
2022-12-14 05:30:36,715 Train INFO: mean test reward: 79.6233,0.0000,0.0000,0.0000
2022-12-14 05:30:36,715 Train INFO: test seed: 17************************************
2022-12-14 05:30:39,536 Train INFO: mean test reward1: [82.41170377414693, 75.39254738636694, 80.38105458511625, 82.3201103532485, 74.90971017519988, 81.11747060245975, 85.48709368624922, 76.02511633324906, 75.96099425394284, 88.72701902149686, 82.86892674294181, 76.08742077086144, 85.86818271319048, 76.34480722330164, 82.97131237727582, 77.5307467253142, 81.82024722928035, 84.08474329548511, 76.6909790737882, 82.17102964809969, 78.49904501537452, 84.66955652979648, 81.99623941602071, 82.48831193845979, 84.39432439466337, 84.56363258314381, 81.7394038264002, 76.43325816307556, 80.69300776381745, 73.86376878004957, 81.08685628738282, 86.48276622644445, 86.03664579653928, 79.90831607221998, 81.73987454071712, 78.75038080924175, 86.63521340046059, 79.36832103469546, 86.82431825485013, 78.8338407875374, 82.55689208180223, 75.93449337189627, 84.5420610587312, 81.51734019328616, 76.27838555932546, 87.84102673807485, 85.90386253764619, 83.84233009249083, 85.32845254106915, 85.80192183281265]
2022-12-14 05:30:39,537 Train INFO: mean test reward2: [0.0, 0.0, 0.0, 0.0, 0.0, 0.0, 0.0, 0.0, 0.0, 0.0, 0.0, 0.0, 0.0, 0.0, 0.0, 0.0, 0.0, 0.0, 0.0, 0.0, 0.0, 0.0, 0.0, 0.0, 0.0, 0.0, 0.0, 0.0, 0.0, 0.0, 0.0, 0.0, 0.0, 0.0, 0.0, 0.0, 0.0, 0.0, 0.0, 0.0, 0.0, 0.0, 0.0, 0.0, 0.0, 0.0, 0.0, 0.0, 0.0, 0.0]
2022-12-14 05:30:39,537 Train INFO: mean test reward3: [0.0, 0.0, 0.0, 0.0, 0.0, 0.0, 0.0, 0.0, 0.0, 0.0, 0.0, 0.0, 0.0, 0.0, 0.0, 0.0, 0.0, 0.0, 0.0, 0.0, 0.0, 0.0, 0.0, 0.0, 0.0, 0.0, 0.0, 0.0, 0.0, 0.0, 0.0, 0.0, 0.0, 0.0, 0.0, 0.0, 0.0, 0.0, 0.0, 0.0, 0.0, 0.0, 0.0, 0.0, 0.0, 0.0, 0.0, 0.0, 0.0, 0.0]
2022-12-14 05:30:39,537 Train INFO: mean test reward4: [0.0, 0.0, 0.0, 0.0, 0.0, 0.0, 0.0, 0.0, 0.0, 0.0, 0.0, 0.0, 0.0, 0.0, 0.0, 0.0, 0.0, 0.0, 0.0, 0.0, 0.0, 0.0, 0.0, 0.0, 0.0, 0.0, 0.0, 0.0, 0.0, 0.0, 0.0, 0.0, 0.0, 0.0, 0.0, 0.0, 0.0, 0.0, 0.0, 0.0, 0.0, 0.0, 0.0, 0.0, 0.0, 0.0, 0.0, 0.0, 0.0, 0.0]
2022-12-14 05:30:39,537 Train INFO: mean test reward: 81.4745,0.0000,0.0000,0.0000
2022-12-14 05:30:39,537 Train INFO: test seed: 18************************************
