2022-12-18 13:00:42,245 Train INFO: Namespace(logger=<Logger Train (INFO)>, name='A2C2022-12-18-13-00-42', gpu='0', device=device(type='cuda', index=0), gamma=1, epoch_num=3000, test_episode=50, val_episode=50, test_size=0.1, val_size=0.5, batch_size=50, train_batch_size=50, num_steps=5, h=2, w=[120, 80, 50], nn_out=40, share_lr=0.01, actor_lr=0.001, critic_lr=0.1, step=50, lr_min=0.0001, e_rate=0.001, a_rate=1, c_rate=1, lr_decay_lambda=0.99, load=False, duse_T=True, est_T=False, use_pref=False, same_price=False, use_price=True, only_test=True, test_benchmark=False, change_T=True, num='108', print_grad=False, max_norm=10, seed_range=20, net_seed=10, seed=0, info=True, selling_length=180, cardinality=8, ini_inv=2, num_products=100, number_samples=10000, num_cus_types=4, seg_prob=None, num_cus_features=4, MNLdata=10000, p_file='../Gene_databeta/simul/p10_random.npy', c_file='../Gene_databeta/simul/c4_random.npy')
2022-12-18 13:00:42,245 Train INFO: log/A2C2022-12-18-13-00-42
2022-12-18 13:00:46,556 Train INFO: products price: [1649.73814547 1127.61563842  931.02871698 1360.34237971  725.13091995
  923.26577906 1048.06358099 1335.59336555 1195.40725861 1064.01482778
  911.06874296 1048.7285084   862.45852977  562.0352617  1338.46425903
  990.15321765  520.29278707 1208.23053483 1211.78612974 1415.52984074
  793.16221683 1876.27989159 1532.58284504  955.82118943 1761.86348334
  839.64872328  552.35384058 1249.34487063  512.10224121 1264.40811504
  800.71457455 1724.21396565 1820.46937714 1053.61927862 1303.52226404
  687.23532693  553.41199285 1166.92080199  888.36091138 1555.51175855
  945.60906956  904.8232257   185.11950973  956.00340393  921.97706365
  777.00211129 1233.85864419 1855.13122698 1247.19421357  809.85084994
  477.38637086 1180.64638022  688.85646935 1821.84964101 1336.34462326
 1180.51360642  846.06710047  671.01312444  972.26852132  920.40072648
 1206.16552071 1416.03566126 1211.55189823  896.40685864 1067.94770214
 1577.1507714  1254.63336377 1273.60053127  109.15494726 1404.48282551
 1341.31287433  440.47487253 1148.9827406  1464.57599267 1204.3751098
  570.81428852  460.8940235  1490.06233971 1354.33031959  984.32869752
 1393.98066869  796.41108887 1427.58864888 1277.02973902 1164.10629816
 1159.15216995 1300.53489406 1407.42098991  808.96765814  987.27313092
  169.27919123  946.08274828 1174.39447852  944.25927782 1517.41984827
 1615.68280386  142.22238131  657.0012701  1487.17636032 1170.3680706 ]
2022-12-18 13:00:46,556 Train INFO: seg_prob [0.21154331 0.33382619 0.24539256 0.20923794]
2022-12-18 13:00:46,557 Train INFO: Load Factor 0.9
2022-12-18 13:00:46,561 Train INFO: test seed: 0************************************
2022-12-18 13:00:55,588 Train INFO: mean test reward1: [99.93030005295236, 101.45597816436114, 96.56574589814586, 102.72226949228191, 103.02551976269748, 97.44844891703396, 97.89004936207161, 100.96325752871596, 96.50293365089429, 95.98471476975119, 101.86470840522722, 101.18781297025285, 98.85911601680276, 97.37104089520614, 100.65042044113872, 97.04207241718753, 100.60431209413845, 97.86919096735582, 98.77134265626614, 97.17282561523531, 101.99716792684026, 100.75246230567436, 101.1412399160508, 103.47154442594353, 100.71238392234143, 102.80334343756105, 95.092239569926, 100.097944991145, 98.80399921207677, 97.78816877890475, 100.17910429755423, 101.46452823556996, 94.94398920992712, 100.65362234668618, 101.99316810369196, 98.38496786150357, 96.31786385375581, 98.27961488243916, 96.90250639425548, 97.30220139959751, 95.97659620468359, 100.44324203926422, 100.75169945230503, 99.38241644969261, 104.45811742197856, 99.60468072492957, 98.71268384345977, 97.7634523244659, 101.5548532135152, 101.01113254639337]
2022-12-18 13:00:55,589 Train INFO: mean test reward2: [0.0, 0.0, 0.0, 0.0, 0.0, 0.0, 0.0, 0.0, 0.0, 0.0, 0.0, 0.0, 0.0, 0.0, 0.0, 0.0, 0.0, 0.0, 0.0, 0.0, 0.0, 0.0, 0.0, 0.0, 0.0, 0.0, 0.0, 0.0, 0.0, 0.0, 0.0, 0.0, 0.0, 0.0, 0.0, 0.0, 0.0, 0.0, 0.0, 0.0, 0.0, 0.0, 0.0, 0.0, 0.0, 0.0, 0.0, 0.0, 0.0, 0.0]
2022-12-18 13:00:55,589 Train INFO: mean test reward3: [0.0, 0.0, 0.0, 0.0, 0.0, 0.0, 0.0, 0.0, 0.0, 0.0, 0.0, 0.0, 0.0, 0.0, 0.0, 0.0, 0.0, 0.0, 0.0, 0.0, 0.0, 0.0, 0.0, 0.0, 0.0, 0.0, 0.0, 0.0, 0.0, 0.0, 0.0, 0.0, 0.0, 0.0, 0.0, 0.0, 0.0, 0.0, 0.0, 0.0, 0.0, 0.0, 0.0, 0.0, 0.0, 0.0, 0.0, 0.0, 0.0, 0.0]
2022-12-18 13:00:55,589 Train INFO: mean test reward4: [0.0, 0.0, 0.0, 0.0, 0.0, 0.0, 0.0, 0.0, 0.0, 0.0, 0.0, 0.0, 0.0, 0.0, 0.0, 0.0, 0.0, 0.0, 0.0, 0.0, 0.0, 0.0, 0.0, 0.0, 0.0, 0.0, 0.0, 0.0, 0.0, 0.0, 0.0, 0.0, 0.0, 0.0, 0.0, 0.0, 0.0, 0.0, 0.0, 0.0, 0.0, 0.0, 0.0, 0.0, 0.0, 0.0, 0.0, 0.0, 0.0, 0.0]
2022-12-18 13:00:55,589 Train INFO: mean test reward: 99.4525,0.0000,0.0000,0.0000
2022-12-18 13:00:55,590 Train INFO: test seed: 1************************************
2022-12-18 13:01:02,594 Train INFO: mean test reward1: [95.97600838727249, 97.66807993203045, 91.02296233999226, 95.6949686317351, 93.88471527946176, 98.08855263100638, 97.48820328537147, 96.07837865367188, 97.33197460044435, 95.9217417842554, 98.56123321649277, 95.09689562888222, 100.34240419784663, 93.17581381348515, 97.55900988339188, 94.50927424136704, 98.01792275704305, 95.21655905589635, 97.75969859956635, 99.44627820648186, 98.11657760927565, 98.14429657972069, 93.82561528867002, 93.70598023005537, 97.76522771397711, 99.50649219532502, 91.64391789003663, 97.6894176300128, 99.49033815382126, 98.72690681890225, 96.6946539906432, 98.72946825233862, 99.12457719567745, 96.7674078736695, 96.15536758696169, 97.1059351919441, 94.35532944741892, 95.90527144573802, 97.46392348016911, 95.59901987780616, 93.64535574058026, 92.72035785992445, 97.73758350571575, 98.83300824101929, 101.20218217781316, 95.58494399128112, 95.04421010703558, 98.66505425408867, 95.65250305293392, 97.20765729454318]
2022-12-18 13:01:02,595 Train INFO: mean test reward2: [0.0, 0.0, 0.0, 0.0, 0.0, 0.0, 0.0, 0.0, 0.0, 0.0, 0.0, 0.0, 0.0, 0.0, 0.0, 0.0, 0.0, 0.0, 0.0, 0.0, 0.0, 0.0, 0.0, 0.0, 0.0, 0.0, 0.0, 0.0, 0.0, 0.0, 0.0, 0.0, 0.0, 0.0, 0.0, 0.0, 0.0, 0.0, 0.0, 0.0, 0.0, 0.0, 0.0, 0.0, 0.0, 0.0, 0.0, 0.0, 0.0, 0.0]
2022-12-18 13:01:02,595 Train INFO: mean test reward3: [0.0, 0.0, 0.0, 0.0, 0.0, 0.0, 0.0, 0.0, 0.0, 0.0, 0.0, 0.0, 0.0, 0.0, 0.0, 0.0, 0.0, 0.0, 0.0, 0.0, 0.0, 0.0, 0.0, 0.0, 0.0, 0.0, 0.0, 0.0, 0.0, 0.0, 0.0, 0.0, 0.0, 0.0, 0.0, 0.0, 0.0, 0.0, 0.0, 0.0, 0.0, 0.0, 0.0, 0.0, 0.0, 0.0, 0.0, 0.0, 0.0, 0.0]
2022-12-18 13:01:02,595 Train INFO: mean test reward4: [0.0, 0.0, 0.0, 0.0, 0.0, 0.0, 0.0, 0.0, 0.0, 0.0, 0.0, 0.0, 0.0, 0.0, 0.0, 0.0, 0.0, 0.0, 0.0, 0.0, 0.0, 0.0, 0.0, 0.0, 0.0, 0.0, 0.0, 0.0, 0.0, 0.0, 0.0, 0.0, 0.0, 0.0, 0.0, 0.0, 0.0, 0.0, 0.0, 0.0, 0.0, 0.0, 0.0, 0.0, 0.0, 0.0, 0.0, 0.0, 0.0, 0.0]
2022-12-18 13:01:02,595 Train INFO: mean test reward: 96.6330,0.0000,0.0000,0.0000
2022-12-18 13:01:02,596 Train INFO: test seed: 2************************************
2022-12-18 13:01:09,437 Train INFO: mean test reward1: [94.11504027964567, 94.03320936729718, 94.11162157811691, 93.71127364339945, 94.78857115352415, 91.02628609848814, 91.46573915683189, 92.04631134908665, 96.9725774067084, 91.97733357919897, 94.91076005723345, 90.35673469953653, 94.20236041991024, 93.40500561848656, 96.73369968869898, 92.2505863970393, 96.2259813057055, 93.86625847530193, 95.20448582010245, 95.61257838007533, 96.06640082734607, 94.86852379799421, 93.3152029212525, 93.43834568939391, 95.49446158718567, 93.31925831866114, 98.08620174247318, 96.98349549524913, 92.65785034294572, 95.17275627855865, 95.52549146240874, 98.44125928494464, 95.51986148646968, 94.07444574564448, 90.53542842512283, 95.22409123653719, 94.00745852823398, 93.69359883177056, 89.4631092718365, 91.3962321570755, 98.21272919767573, 91.67994908952319, 91.93539788534872, 96.09220910356878, 98.24035982723794, 92.4662502192125, 90.38139688626786, 96.24203464417897, 95.11054220444464, 95.64941718401907]
2022-12-18 13:01:09,438 Train INFO: mean test reward2: [0.0, 0.0, 0.0, 0.0, 0.0, 0.0, 0.0, 0.0, 0.0, 0.0, 0.0, 0.0, 0.0, 0.0, 0.0, 0.0, 0.0, 0.0, 0.0, 0.0, 0.0, 0.0, 0.0, 0.0, 0.0, 0.0, 0.0, 0.0, 0.0, 0.0, 0.0, 0.0, 0.0, 0.0, 0.0, 0.0, 0.0, 0.0, 0.0, 0.0, 0.0, 0.0, 0.0, 0.0, 0.0, 0.0, 0.0, 0.0, 0.0, 0.0]
2022-12-18 13:01:09,438 Train INFO: mean test reward3: [0.0, 0.0, 0.0, 0.0, 0.0, 0.0, 0.0, 0.0, 0.0, 0.0, 0.0, 0.0, 0.0, 0.0, 0.0, 0.0, 0.0, 0.0, 0.0, 0.0, 0.0, 0.0, 0.0, 0.0, 0.0, 0.0, 0.0, 0.0, 0.0, 0.0, 0.0, 0.0, 0.0, 0.0, 0.0, 0.0, 0.0, 0.0, 0.0, 0.0, 0.0, 0.0, 0.0, 0.0, 0.0, 0.0, 0.0, 0.0, 0.0, 0.0]
2022-12-18 13:01:09,438 Train INFO: mean test reward4: [0.0, 0.0, 0.0, 0.0, 0.0, 0.0, 0.0, 0.0, 0.0, 0.0, 0.0, 0.0, 0.0, 0.0, 0.0, 0.0, 0.0, 0.0, 0.0, 0.0, 0.0, 0.0, 0.0, 0.0, 0.0, 0.0, 0.0, 0.0, 0.0, 0.0, 0.0, 0.0, 0.0, 0.0, 0.0, 0.0, 0.0, 0.0, 0.0, 0.0, 0.0, 0.0, 0.0, 0.0, 0.0, 0.0, 0.0, 0.0, 0.0, 0.0]
2022-12-18 13:01:09,438 Train INFO: mean test reward: 94.2062,0.0000,0.0000,0.0000
2022-12-18 13:01:09,439 Train INFO: test seed: 3************************************
2022-12-18 13:01:16,638 Train INFO: mean test reward1: [94.74741825170474, 96.64338139743703, 94.17604113859689, 95.54296286973114, 96.18820863252992, 95.90139333622857, 91.53566935478389, 93.06431483458994, 97.06486910557282, 96.28207701568226, 96.56260330093471, 92.06765656378722, 96.56172200532839, 91.92319519819706, 97.69715014812391, 91.15638888551055, 97.6873584927591, 93.79195197273827, 94.478139366946, 95.18917606471119, 96.90726969413427, 99.04964488799911, 96.25400992071141, 100.80083101641748, 97.381467276535, 99.23661883854602, 92.91334337437802, 97.61871513470457, 94.8410159077647, 97.20036334543994, 92.87369906965586, 98.02031618420061, 96.17670524745452, 99.21908350338055, 94.79209600042789, 88.52334506563864, 92.4078664110943, 93.396020218063, 92.79357670351901, 93.66316059418958, 95.31228538123936, 89.09445217115393, 92.98127608502448, 96.36696482778619, 98.69043617693076, 95.41441371130647, 96.54016275539311, 96.08745708663352, 95.01742716465951, 96.44527737239333]
2022-12-18 13:01:16,639 Train INFO: mean test reward2: [0.0, 0.0, 0.0, 0.0, 0.0, 0.0, 0.0, 0.0, 0.0, 0.0, 0.0, 0.0, 0.0, 0.0, 0.0, 0.0, 0.0, 0.0, 0.0, 0.0, 0.0, 0.0, 0.0, 0.0, 0.0, 0.0, 0.0, 0.0, 0.0, 0.0, 0.0, 0.0, 0.0, 0.0, 0.0, 0.0, 0.0, 0.0, 0.0, 0.0, 0.0, 0.0, 0.0, 0.0, 0.0, 0.0, 0.0, 0.0, 0.0, 0.0]
2022-12-18 13:01:16,651 Train INFO: mean test reward3: [0.0, 0.0, 0.0, 0.0, 0.0, 0.0, 0.0, 0.0, 0.0, 0.0, 0.0, 0.0, 0.0, 0.0, 0.0, 0.0, 0.0, 0.0, 0.0, 0.0, 0.0, 0.0, 0.0, 0.0, 0.0, 0.0, 0.0, 0.0, 0.0, 0.0, 0.0, 0.0, 0.0, 0.0, 0.0, 0.0, 0.0, 0.0, 0.0, 0.0, 0.0, 0.0, 0.0, 0.0, 0.0, 0.0, 0.0, 0.0, 0.0, 0.0]
2022-12-18 13:01:16,651 Train INFO: mean test reward4: [0.0, 0.0, 0.0, 0.0, 0.0, 0.0, 0.0, 0.0, 0.0, 0.0, 0.0, 0.0, 0.0, 0.0, 0.0, 0.0, 0.0, 0.0, 0.0, 0.0, 0.0, 0.0, 0.0, 0.0, 0.0, 0.0, 0.0, 0.0, 0.0, 0.0, 0.0, 0.0, 0.0, 0.0, 0.0, 0.0, 0.0, 0.0, 0.0, 0.0, 0.0, 0.0, 0.0, 0.0, 0.0, 0.0, 0.0, 0.0, 0.0, 0.0]
2022-12-18 13:01:16,651 Train INFO: mean test reward: 95.2856,0.0000,0.0000,0.0000
2022-12-18 13:01:16,652 Train INFO: test seed: 4************************************
2022-12-18 13:01:23,750 Train INFO: mean test reward1: [91.82360556660278, 93.57548010646184, 97.80335995367412, 97.68220419307073, 95.86184631000114, 94.39856950560262, 93.99887268864188, 91.06362155701862, 94.6008685836445, 95.16908103325997, 94.65958441301716, 100.0026630087621, 98.47565591735598, 91.69333670199038, 99.52770516246179, 98.19759258460824, 101.17638472518085, 94.45940268194241, 97.24560714494804, 96.73413093120041, 98.02449585816811, 95.50932758771388, 97.60833072075171, 97.83220777071604, 95.7146817973794, 96.9723048529275, 97.17197710896403, 100.01593801953507, 94.35931364525325, 95.60409903802291, 92.77236277962858, 102.08661955787701, 93.41003141582736, 97.1081406529468, 98.9533649241847, 98.51133896925712, 95.86560546444012, 97.33224128073611, 92.56900998217391, 98.00993924568829, 93.54605667792538, 91.89775320577667, 97.74228864799261, 88.62121689255292, 99.71115374828362, 95.7622972083045, 98.49209385826917, 95.7256800832754, 94.67343341927591, 100.9282012383934]
2022-12-18 13:01:23,760 Train INFO: mean test reward2: [0.0, 0.0, 0.0, 0.0, 0.0, 0.0, 0.0, 0.0, 0.0, 0.0, 0.0, 0.0, 0.0, 0.0, 0.0, 0.0, 0.0, 0.0, 0.0, 0.0, 0.0, 0.0, 0.0, 0.0, 0.0, 0.0, 0.0, 0.0, 0.0, 0.0, 0.0, 0.0, 0.0, 0.0, 0.0, 0.0, 0.0, 0.0, 0.0, 0.0, 0.0, 0.0, 0.0, 0.0, 0.0, 0.0, 0.0, 0.0, 0.0, 0.0]
2022-12-18 13:01:23,761 Train INFO: mean test reward3: [0.0, 0.0, 0.0, 0.0, 0.0, 0.0, 0.0, 0.0, 0.0, 0.0, 0.0, 0.0, 0.0, 0.0, 0.0, 0.0, 0.0, 0.0, 0.0, 0.0, 0.0, 0.0, 0.0, 0.0, 0.0, 0.0, 0.0, 0.0, 0.0, 0.0, 0.0, 0.0, 0.0, 0.0, 0.0, 0.0, 0.0, 0.0, 0.0, 0.0, 0.0, 0.0, 0.0, 0.0, 0.0, 0.0, 0.0, 0.0, 0.0, 0.0]
2022-12-18 13:01:23,761 Train INFO: mean test reward4: [0.0, 0.0, 0.0, 0.0, 0.0, 0.0, 0.0, 0.0, 0.0, 0.0, 0.0, 0.0, 0.0, 0.0, 0.0, 0.0, 0.0, 0.0, 0.0, 0.0, 0.0, 0.0, 0.0, 0.0, 0.0, 0.0, 0.0, 0.0, 0.0, 0.0, 0.0, 0.0, 0.0, 0.0, 0.0, 0.0, 0.0, 0.0, 0.0, 0.0, 0.0, 0.0, 0.0, 0.0, 0.0, 0.0, 0.0, 0.0, 0.0, 0.0]
2022-12-18 13:01:23,762 Train INFO: mean test reward: 96.2136,0.0000,0.0000,0.0000
2022-12-18 13:01:23,763 Train INFO: test seed: 5************************************
2022-12-18 13:01:30,650 Train INFO: mean test reward1: [98.40335389953256, 100.41288744465403, 97.37979304883288, 100.69753152638332, 101.6543343063917, 96.74925829984035, 96.7845530712064, 99.25335373209055, 96.91703306096208, 99.00967938264792, 98.38936439675331, 102.6666122923775, 102.61920969206963, 99.10414591318371, 101.43775858620658, 96.18949553112692, 97.77050887154982, 99.32551014217101, 100.79639965532498, 95.42659275292897, 97.11301056621562, 99.7842229068382, 101.71413989259653, 95.90845677814485, 99.3760941821499, 101.74032250791956, 96.63952730857206, 97.91921997283175, 98.24998105982885, 97.17106275193368, 100.34591919415911, 103.31107878903255, 95.36172516564817, 100.89742767670693, 97.68246162364858, 92.57962640521117, 98.73663434233589, 98.41368986765727, 96.09495681792193, 99.4060826577591, 96.68923862769856, 102.61275729833314, 97.41837490829091, 102.02036583695283, 99.49022070420845, 101.20259141773701, 100.44485335576648, 96.8532598921183, 100.66779489496467, 100.51473963637699]
2022-12-18 13:01:30,650 Train INFO: mean test reward2: [0.0, 0.0, 0.0, 0.0, 0.0, 0.0, 0.0, 0.0, 0.0, 0.0, 0.0, 0.0, 0.0, 0.0, 0.0, 0.0, 0.0, 0.0, 0.0, 0.0, 0.0, 0.0, 0.0, 0.0, 0.0, 0.0, 0.0, 0.0, 0.0, 0.0, 0.0, 0.0, 0.0, 0.0, 0.0, 0.0, 0.0, 0.0, 0.0, 0.0, 0.0, 0.0, 0.0, 0.0, 0.0, 0.0, 0.0, 0.0, 0.0, 0.0]
2022-12-18 13:01:30,650 Train INFO: mean test reward3: [0.0, 0.0, 0.0, 0.0, 0.0, 0.0, 0.0, 0.0, 0.0, 0.0, 0.0, 0.0, 0.0, 0.0, 0.0, 0.0, 0.0, 0.0, 0.0, 0.0, 0.0, 0.0, 0.0, 0.0, 0.0, 0.0, 0.0, 0.0, 0.0, 0.0, 0.0, 0.0, 0.0, 0.0, 0.0, 0.0, 0.0, 0.0, 0.0, 0.0, 0.0, 0.0, 0.0, 0.0, 0.0, 0.0, 0.0, 0.0, 0.0, 0.0]
2022-12-18 13:01:30,650 Train INFO: mean test reward4: [0.0, 0.0, 0.0, 0.0, 0.0, 0.0, 0.0, 0.0, 0.0, 0.0, 0.0, 0.0, 0.0, 0.0, 0.0, 0.0, 0.0, 0.0, 0.0, 0.0, 0.0, 0.0, 0.0, 0.0, 0.0, 0.0, 0.0, 0.0, 0.0, 0.0, 0.0, 0.0, 0.0, 0.0, 0.0, 0.0, 0.0, 0.0, 0.0, 0.0, 0.0, 0.0, 0.0, 0.0, 0.0, 0.0, 0.0, 0.0, 0.0, 0.0]
2022-12-18 13:01:30,650 Train INFO: mean test reward: 98.9469,0.0000,0.0000,0.0000
2022-12-18 13:01:30,651 Train INFO: test seed: 6************************************
2022-12-18 13:01:37,868 Train INFO: mean test reward1: [85.42052215870856, 97.80718557374433, 95.68000180347507, 90.62276575802964, 96.89270515557112, 98.30949516765537, 98.27552893872958, 95.37098657500202, 93.44916113752461, 94.1798249271723, 97.61236484982082, 91.27287607078289, 93.72423742787142, 92.59702251079236, 94.19687680918841, 92.32294934476027, 95.5528751572419, 97.24219689333253, 100.53560667613101, 98.98689075715261, 97.03191917418425, 93.32012353858254, 97.45881452567743, 96.69029374017312, 99.58018991587038, 94.0612275320277, 98.45098874577647, 95.48406066293583, 96.33990388727862, 94.90680302632776, 96.15545866294808, 100.74365426549225, 95.73307280531517, 96.37094501797098, 97.79120898594745, 95.12813416926882, 89.5359109287496, 99.33127971640606, 97.56688541673746, 97.54664617768962, 92.31864010967828, 95.35684833849187, 91.35497847698421, 99.18180347474508, 101.00652032360121, 96.10492719679468, 94.99137705370039, 96.26852458579481, 97.78769028238958, 97.98679672159682]
2022-12-18 13:01:37,874 Train INFO: mean test reward2: [0.0, 0.0, 0.0, 0.0, 0.0, 0.0, 0.0, 0.0, 0.0, 0.0, 0.0, 0.0, 0.0, 0.0, 0.0, 0.0, 0.0, 0.0, 0.0, 0.0, 0.0, 0.0, 0.0, 0.0, 0.0, 0.0, 0.0, 0.0, 0.0, 0.0, 0.0, 0.0, 0.0, 0.0, 0.0, 0.0, 0.0, 0.0, 0.0, 0.0, 0.0, 0.0, 0.0, 0.0, 0.0, 0.0, 0.0, 0.0, 0.0, 0.0]
2022-12-18 13:01:37,875 Train INFO: mean test reward3: [0.0, 0.0, 0.0, 0.0, 0.0, 0.0, 0.0, 0.0, 0.0, 0.0, 0.0, 0.0, 0.0, 0.0, 0.0, 0.0, 0.0, 0.0, 0.0, 0.0, 0.0, 0.0, 0.0, 0.0, 0.0, 0.0, 0.0, 0.0, 0.0, 0.0, 0.0, 0.0, 0.0, 0.0, 0.0, 0.0, 0.0, 0.0, 0.0, 0.0, 0.0, 0.0, 0.0, 0.0, 0.0, 0.0, 0.0, 0.0, 0.0, 0.0]
2022-12-18 13:01:37,875 Train INFO: mean test reward4: [0.0, 0.0, 0.0, 0.0, 0.0, 0.0, 0.0, 0.0, 0.0, 0.0, 0.0, 0.0, 0.0, 0.0, 0.0, 0.0, 0.0, 0.0, 0.0, 0.0, 0.0, 0.0, 0.0, 0.0, 0.0, 0.0, 0.0, 0.0, 0.0, 0.0, 0.0, 0.0, 0.0, 0.0, 0.0, 0.0, 0.0, 0.0, 0.0, 0.0, 0.0, 0.0, 0.0, 0.0, 0.0, 0.0, 0.0, 0.0, 0.0, 0.0]
2022-12-18 13:01:37,875 Train INFO: mean test reward: 95.8328,0.0000,0.0000,0.0000
2022-12-18 13:01:37,876 Train INFO: test seed: 7************************************
2022-12-18 13:01:45,070 Train INFO: mean test reward1: [92.31708423462439, 97.8467281052298, 99.38536383822863, 99.03598489047735, 100.12780222366558, 96.21576629660046, 98.03713627129021, 97.1452729652837, 96.91120039763403, 97.18540744347983, 96.40086411708229, 98.76292460563437, 101.15323244916891, 93.76088164645454, 95.54796893379095, 91.28530429400564, 99.55256590057438, 92.27075614555021, 100.52487055035054, 99.47715435875216, 97.38344570108544, 99.39722098244435, 99.94526714843835, 97.8318245808378, 97.30081021352969, 96.40486148378181, 97.09711013589501, 95.62993966110659, 97.88758670823285, 93.08235580024976, 93.76973110957684, 99.89751983112048, 91.91059609857025, 98.29374957557948, 97.5960221889414, 97.06905120029607, 99.81320180798873, 97.84240531430815, 101.07069454819685, 93.62969586617263, 100.68358631593101, 97.86849954285005, 95.77670702246392, 97.88296463268802, 102.26266352010344, 96.55232202068537, 98.96899427501216, 95.1875190993321, 99.9816619765965, 100.74424637431301]
2022-12-18 13:01:45,071 Train INFO: mean test reward2: [0.0, 0.0, 0.0, 0.0, 0.0, 0.0, 0.0, 0.0, 0.0, 0.0, 0.0, 0.0, 0.0, 0.0, 0.0, 0.0, 0.0, 0.0, 0.0, 0.0, 0.0, 0.0, 0.0, 0.0, 0.0, 0.0, 0.0, 0.0, 0.0, 0.0, 0.0, 0.0, 0.0, 0.0, 0.0, 0.0, 0.0, 0.0, 0.0, 0.0, 0.0, 0.0, 0.0, 0.0, 0.0, 0.0, 0.0, 0.0, 0.0, 0.0]
2022-12-18 13:01:45,071 Train INFO: mean test reward3: [0.0, 0.0, 0.0, 0.0, 0.0, 0.0, 0.0, 0.0, 0.0, 0.0, 0.0, 0.0, 0.0, 0.0, 0.0, 0.0, 0.0, 0.0, 0.0, 0.0, 0.0, 0.0, 0.0, 0.0, 0.0, 0.0, 0.0, 0.0, 0.0, 0.0, 0.0, 0.0, 0.0, 0.0, 0.0, 0.0, 0.0, 0.0, 0.0, 0.0, 0.0, 0.0, 0.0, 0.0, 0.0, 0.0, 0.0, 0.0, 0.0, 0.0]
2022-12-18 13:01:45,071 Train INFO: mean test reward4: [0.0, 0.0, 0.0, 0.0, 0.0, 0.0, 0.0, 0.0, 0.0, 0.0, 0.0, 0.0, 0.0, 0.0, 0.0, 0.0, 0.0, 0.0, 0.0, 0.0, 0.0, 0.0, 0.0, 0.0, 0.0, 0.0, 0.0, 0.0, 0.0, 0.0, 0.0, 0.0, 0.0, 0.0, 0.0, 0.0, 0.0, 0.0, 0.0, 0.0, 0.0, 0.0, 0.0, 0.0, 0.0, 0.0, 0.0, 0.0, 0.0, 0.0]
2022-12-18 13:01:45,071 Train INFO: mean test reward: 97.4341,0.0000,0.0000,0.0000
2022-12-18 13:01:45,071 Train INFO: test seed: 8************************************
2022-12-18 13:01:51,801 Train INFO: mean test reward1: [86.69676733954807, 96.3800628962359, 95.57438273296464, 93.77484724793875, 94.56907580796785, 91.48106751679556, 87.02876264243042, 93.22629205471475, 94.93040120884092, 89.50996576714208, 87.66595999499603, 95.96853442778816, 92.62552639997811, 92.78785075092847, 93.08419705515325, 95.27977205198968, 93.79693791098468, 95.88459723241131, 95.12946755681176, 87.98750624600802, 94.92489764097277, 95.11718970485848, 90.01082215115379, 97.44555626814723, 94.45957060273292, 94.94298378642738, 95.85721322082296, 95.52425398737245, 89.7683744819751, 92.55950213822649, 90.34977292826844, 96.55328401965188, 91.33556983625502, 95.29309333992752, 93.19716733563718, 93.63043716870477, 91.7569781734665, 95.3175764876692, 97.05947708044846, 98.24973589157409, 95.79329365208858, 92.78500589877535, 93.10100934332513, 96.60371010414015, 97.05765862315872, 95.69423868360445, 97.3529744621488, 93.92886970149097, 97.45359508894757, 92.77298195317297]
2022-12-18 13:01:51,803 Train INFO: mean test reward2: [0.0, 0.0, 0.0, 0.0, 0.0, 0.0, 0.0, 0.0, 0.0, 0.0, 0.0, 0.0, 0.0, 0.0, 0.0, 0.0, 0.0, 0.0, 0.0, 0.0, 0.0, 0.0, 0.0, 0.0, 0.0, 0.0, 0.0, 0.0, 0.0, 0.0, 0.0, 0.0, 0.0, 0.0, 0.0, 0.0, 0.0, 0.0, 0.0, 0.0, 0.0, 0.0, 0.0, 0.0, 0.0, 0.0, 0.0, 0.0, 0.0, 0.0]
2022-12-18 13:01:51,803 Train INFO: mean test reward3: [0.0, 0.0, 0.0, 0.0, 0.0, 0.0, 0.0, 0.0, 0.0, 0.0, 0.0, 0.0, 0.0, 0.0, 0.0, 0.0, 0.0, 0.0, 0.0, 0.0, 0.0, 0.0, 0.0, 0.0, 0.0, 0.0, 0.0, 0.0, 0.0, 0.0, 0.0, 0.0, 0.0, 0.0, 0.0, 0.0, 0.0, 0.0, 0.0, 0.0, 0.0, 0.0, 0.0, 0.0, 0.0, 0.0, 0.0, 0.0, 0.0, 0.0]
2022-12-18 13:01:51,803 Train INFO: mean test reward4: [0.0, 0.0, 0.0, 0.0, 0.0, 0.0, 0.0, 0.0, 0.0, 0.0, 0.0, 0.0, 0.0, 0.0, 0.0, 0.0, 0.0, 0.0, 0.0, 0.0, 0.0, 0.0, 0.0, 0.0, 0.0, 0.0, 0.0, 0.0, 0.0, 0.0, 0.0, 0.0, 0.0, 0.0, 0.0, 0.0, 0.0, 0.0, 0.0, 0.0, 0.0, 0.0, 0.0, 0.0, 0.0, 0.0, 0.0, 0.0, 0.0, 0.0]
2022-12-18 13:01:51,803 Train INFO: mean test reward: 93.7856,0.0000,0.0000,0.0000
2022-12-18 13:01:51,803 Train INFO: test seed: 9************************************
2022-12-18 13:01:59,066 Train INFO: mean test reward1: [100.25799310988589, 103.60542335173575, 100.3919890057651, 99.0749779276288, 101.71509034286564, 96.91805357365848, 96.76773617338208, 100.92083005373725, 99.97893804386409, 99.74308936115692, 98.48357521816733, 98.76878087744333, 98.21312345386798, 103.11199930202788, 100.72158769118056, 97.63254960459673, 101.86285894409144, 98.9748242915218, 97.47130569385139, 101.49521833133828, 95.70284068739615, 96.15415247865975, 98.29011043725448, 96.56876134929409, 103.89028192065634, 101.07694755385481, 96.41294371655756, 100.30400113489515, 99.30599483993322, 94.85114050349712, 100.12373282349692, 102.54340170454687, 99.12319864950881, 101.66056059434058, 100.49376619028193, 97.63942619238286, 96.32624060505434, 99.09195676482264, 98.43683411073613, 103.57827579824627, 97.6401410427228, 101.36480698394931, 99.39802219584419, 99.70021405213208, 104.6447174442289, 98.72535753912896, 99.46269725288582, 100.08272636255296, 98.93224416113172, 98.7258307675852]
2022-12-18 13:01:59,066 Train INFO: mean test reward2: [0.0, 0.0, 0.0, 0.0, 0.0, 0.0, 0.0, 0.0, 0.0, 0.0, 0.0, 0.0, 0.0, 0.0, 0.0, 0.0, 0.0, 0.0, 0.0, 0.0, 0.0, 0.0, 0.0, 0.0, 0.0, 0.0, 0.0, 0.0, 0.0, 0.0, 0.0, 0.0, 0.0, 0.0, 0.0, 0.0, 0.0, 0.0, 0.0, 0.0, 0.0, 0.0, 0.0, 0.0, 0.0, 0.0, 0.0, 0.0, 0.0, 0.0]
2022-12-18 13:01:59,066 Train INFO: mean test reward3: [0.0, 0.0, 0.0, 0.0, 0.0, 0.0, 0.0, 0.0, 0.0, 0.0, 0.0, 0.0, 0.0, 0.0, 0.0, 0.0, 0.0, 0.0, 0.0, 0.0, 0.0, 0.0, 0.0, 0.0, 0.0, 0.0, 0.0, 0.0, 0.0, 0.0, 0.0, 0.0, 0.0, 0.0, 0.0, 0.0, 0.0, 0.0, 0.0, 0.0, 0.0, 0.0, 0.0, 0.0, 0.0, 0.0, 0.0, 0.0, 0.0, 0.0]
2022-12-18 13:01:59,066 Train INFO: mean test reward4: [0.0, 0.0, 0.0, 0.0, 0.0, 0.0, 0.0, 0.0, 0.0, 0.0, 0.0, 0.0, 0.0, 0.0, 0.0, 0.0, 0.0, 0.0, 0.0, 0.0, 0.0, 0.0, 0.0, 0.0, 0.0, 0.0, 0.0, 0.0, 0.0, 0.0, 0.0, 0.0, 0.0, 0.0, 0.0, 0.0, 0.0, 0.0, 0.0, 0.0, 0.0, 0.0, 0.0, 0.0, 0.0, 0.0, 0.0, 0.0, 0.0, 0.0]
2022-12-18 13:01:59,066 Train INFO: mean test reward: 99.5272,0.0000,0.0000,0.0000
2022-12-18 13:01:59,067 Train INFO: test seed: 10************************************
2022-12-18 13:02:05,712 Train INFO: mean test reward1: [94.21396083868663, 91.26240071700045, 96.56819257572917, 92.34017717128106, 96.83514427971305, 96.9092185391712, 92.97482131045271, 90.65777329648796, 97.20743413250268, 97.09226935523158, 94.7059741408673, 98.2685321992303, 97.79580152380399, 92.64965598575344, 92.3532340004106, 93.59752462986394, 95.49310997204468, 96.50213909008009, 95.5589900920136, 93.36006251108628, 95.59730662153126, 94.75839073747761, 97.87297910189271, 94.55503552984797, 99.18698926453862, 95.03800069364327, 93.34781627886953, 88.51281102335024, 94.6284156905403, 91.70150973229283, 95.33333118337539, 95.901290993224, 97.32275509590437, 99.93071175051305, 96.60313262404084, 94.8386160513981, 95.77807911780499, 94.69897708728614, 96.48723462208132, 96.63138881120867, 95.51240040715622, 96.64993467975515, 94.52648709987895, 93.25562458549396, 97.02159508558168, 95.28207177347343, 92.6935395167005, 92.43920545003935, 91.3876717261154, 98.80168295102368]
2022-12-18 13:02:05,714 Train INFO: mean test reward2: [0.0, 0.0, 0.0, 0.0, 0.0, 0.0, 0.0, 0.0, 0.0, 0.0, 0.0, 0.0, 0.0, 0.0, 0.0, 0.0, 0.0, 0.0, 0.0, 0.0, 0.0, 0.0, 0.0, 0.0, 0.0, 0.0, 0.0, 0.0, 0.0, 0.0, 0.0, 0.0, 0.0, 0.0, 0.0, 0.0, 0.0, 0.0, 0.0, 0.0, 0.0, 0.0, 0.0, 0.0, 0.0, 0.0, 0.0, 0.0, 0.0, 0.0]
2022-12-18 13:02:05,714 Train INFO: mean test reward3: [0.0, 0.0, 0.0, 0.0, 0.0, 0.0, 0.0, 0.0, 0.0, 0.0, 0.0, 0.0, 0.0, 0.0, 0.0, 0.0, 0.0, 0.0, 0.0, 0.0, 0.0, 0.0, 0.0, 0.0, 0.0, 0.0, 0.0, 0.0, 0.0, 0.0, 0.0, 0.0, 0.0, 0.0, 0.0, 0.0, 0.0, 0.0, 0.0, 0.0, 0.0, 0.0, 0.0, 0.0, 0.0, 0.0, 0.0, 0.0, 0.0, 0.0]
2022-12-18 13:02:05,714 Train INFO: mean test reward4: [0.0, 0.0, 0.0, 0.0, 0.0, 0.0, 0.0, 0.0, 0.0, 0.0, 0.0, 0.0, 0.0, 0.0, 0.0, 0.0, 0.0, 0.0, 0.0, 0.0, 0.0, 0.0, 0.0, 0.0, 0.0, 0.0, 0.0, 0.0, 0.0, 0.0, 0.0, 0.0, 0.0, 0.0, 0.0, 0.0, 0.0, 0.0, 0.0, 0.0, 0.0, 0.0, 0.0, 0.0, 0.0, 0.0, 0.0, 0.0, 0.0, 0.0]
2022-12-18 13:02:05,714 Train INFO: mean test reward: 95.0528,0.0000,0.0000,0.0000
2022-12-18 13:02:05,714 Train INFO: test seed: 11************************************
2022-12-18 13:02:13,550 Train INFO: mean test reward1: [93.18113530614657, 94.3313340194736, 97.3428126812014, 95.4494557123443, 100.96790476507383, 95.12424998035179, 93.56977445967975, 95.8238491522339, 97.64842558223145, 95.51769237982924, 93.8264015358516, 99.08772558692974, 101.60516684033388, 96.21646367872864, 95.90509407460632, 94.13751223530197, 95.88851251041544, 95.88581647152087, 98.19866813071143, 96.03470765138023, 94.16608195221608, 98.7825046930372, 96.06524358590393, 97.67884345031474, 97.30411582083043, 97.64530428449616, 98.87807027368603, 95.83184770556255, 95.05746494177257, 100.36063613117436, 95.47663780304745, 99.5317928198084, 95.67883255496476, 95.50114980143162, 94.17259172690451, 95.95314545051814, 95.28005152884244, 95.69888624268927, 98.96364906518498, 95.85916429368939, 96.50685453680987, 91.79688942800767, 96.79314484987431, 95.2513964220345, 97.81312008839116, 97.53497535291197, 96.86049634084166, 97.19265445055602, 98.40763903738606, 102.19289493639431]
2022-12-18 13:02:13,551 Train INFO: mean test reward2: [0.0, 0.0, 0.0, 0.0, 0.0, 0.0, 0.0, 0.0, 0.0, 0.0, 0.0, 0.0, 0.0, 0.0, 0.0, 0.0, 0.0, 0.0, 0.0, 0.0, 0.0, 0.0, 0.0, 0.0, 0.0, 0.0, 0.0, 0.0, 0.0, 0.0, 0.0, 0.0, 0.0, 0.0, 0.0, 0.0, 0.0, 0.0, 0.0, 0.0, 0.0, 0.0, 0.0, 0.0, 0.0, 0.0, 0.0, 0.0, 0.0, 0.0]
2022-12-18 13:02:13,551 Train INFO: mean test reward3: [0.0, 0.0, 0.0, 0.0, 0.0, 0.0, 0.0, 0.0, 0.0, 0.0, 0.0, 0.0, 0.0, 0.0, 0.0, 0.0, 0.0, 0.0, 0.0, 0.0, 0.0, 0.0, 0.0, 0.0, 0.0, 0.0, 0.0, 0.0, 0.0, 0.0, 0.0, 0.0, 0.0, 0.0, 0.0, 0.0, 0.0, 0.0, 0.0, 0.0, 0.0, 0.0, 0.0, 0.0, 0.0, 0.0, 0.0, 0.0, 0.0, 0.0]
2022-12-18 13:02:13,551 Train INFO: mean test reward4: [0.0, 0.0, 0.0, 0.0, 0.0, 0.0, 0.0, 0.0, 0.0, 0.0, 0.0, 0.0, 0.0, 0.0, 0.0, 0.0, 0.0, 0.0, 0.0, 0.0, 0.0, 0.0, 0.0, 0.0, 0.0, 0.0, 0.0, 0.0, 0.0, 0.0, 0.0, 0.0, 0.0, 0.0, 0.0, 0.0, 0.0, 0.0, 0.0, 0.0, 0.0, 0.0, 0.0, 0.0, 0.0, 0.0, 0.0, 0.0, 0.0, 0.0]
2022-12-18 13:02:13,551 Train INFO: mean test reward: 96.5996,0.0000,0.0000,0.0000
2022-12-18 13:02:13,551 Train INFO: test seed: 12************************************
2022-12-18 13:02:20,919 Train INFO: mean test reward1: [95.6270939942865, 89.3635129400185, 97.03033008026961, 94.5385497496157, 100.90795698496994, 94.59826144776497, 95.48210264261859, 96.04633630343866, 99.11941021500186, 94.733803317181, 97.0335411762684, 94.95325779560774, 96.3044906443124, 97.87623509271315, 97.70600120747855, 93.60260093384419, 96.41316462491083, 96.49107085364778, 95.74827853850256, 98.48391447410425, 94.4003893809484, 97.0828429446736, 95.66627816054161, 93.31197755225007, 95.40865041394191, 97.71214011809006, 97.51389746310957, 95.56399679802732, 93.83812778188008, 92.4776977369842, 97.89638013111828, 99.51363713319894, 95.6930371104876, 96.53442162077107, 100.78461870064747, 93.94540376518412, 94.52474351189466, 98.11709078471083, 99.25622087740243, 93.06306851228402, 92.3003977807768, 95.37531120536626, 95.90065118088582, 99.93610614166751, 101.77929469521246, 95.21485401852235, 99.96941838843546, 97.1222178383751, 97.72149302634331, 89.37678868912893]
2022-12-18 13:02:20,920 Train INFO: mean test reward2: [0.0, 0.0, 0.0, 0.0, 0.0, 0.0, 0.0, 0.0, 0.0, 0.0, 0.0, 0.0, 0.0, 0.0, 0.0, 0.0, 0.0, 0.0, 0.0, 0.0, 0.0, 0.0, 0.0, 0.0, 0.0, 0.0, 0.0, 0.0, 0.0, 0.0, 0.0, 0.0, 0.0, 0.0, 0.0, 0.0, 0.0, 0.0, 0.0, 0.0, 0.0, 0.0, 0.0, 0.0, 0.0, 0.0, 0.0, 0.0, 0.0, 0.0]
2022-12-18 13:02:20,933 Train INFO: mean test reward3: [0.0, 0.0, 0.0, 0.0, 0.0, 0.0, 0.0, 0.0, 0.0, 0.0, 0.0, 0.0, 0.0, 0.0, 0.0, 0.0, 0.0, 0.0, 0.0, 0.0, 0.0, 0.0, 0.0, 0.0, 0.0, 0.0, 0.0, 0.0, 0.0, 0.0, 0.0, 0.0, 0.0, 0.0, 0.0, 0.0, 0.0, 0.0, 0.0, 0.0, 0.0, 0.0, 0.0, 0.0, 0.0, 0.0, 0.0, 0.0, 0.0, 0.0]
2022-12-18 13:02:20,933 Train INFO: mean test reward4: [0.0, 0.0, 0.0, 0.0, 0.0, 0.0, 0.0, 0.0, 0.0, 0.0, 0.0, 0.0, 0.0, 0.0, 0.0, 0.0, 0.0, 0.0, 0.0, 0.0, 0.0, 0.0, 0.0, 0.0, 0.0, 0.0, 0.0, 0.0, 0.0, 0.0, 0.0, 0.0, 0.0, 0.0, 0.0, 0.0, 0.0, 0.0, 0.0, 0.0, 0.0, 0.0, 0.0, 0.0, 0.0, 0.0, 0.0, 0.0, 0.0, 0.0]
2022-12-18 13:02:20,934 Train INFO: mean test reward: 96.1812,0.0000,0.0000,0.0000
2022-12-18 13:02:20,934 Train INFO: test seed: 13************************************
2022-12-18 13:02:27,883 Train INFO: mean test reward1: [92.6453630529911, 98.8674883727605, 96.23010367188152, 95.56414822141431, 99.80987152475439, 95.38183342789343, 95.38036892735887, 92.5502947414905, 95.49926724509166, 96.11335737778577, 95.22506121364034, 95.9979293913389, 97.35339639411524, 94.1808207299692, 99.35903756586248, 96.79810767483255, 96.89211570070627, 97.87920458732323, 95.5019526560446, 98.50639434029509, 95.74163722861641, 98.0102596396097, 95.40447301471612, 97.83474962187088, 99.04676821505731, 97.79490055096815, 91.38231636187537, 96.59533543322397, 96.3795283509813, 96.5739150907206, 90.38788671077575, 98.95010902337259, 97.8897108580483, 96.98061518486165, 99.21294579028512, 97.09299445552546, 93.83672572722898, 93.40270798391755, 96.9520884835721, 93.34102990944318, 98.70000609683161, 95.43522870203074, 95.79369886340885, 100.12704684532208, 99.7578483506711, 98.95580812663432, 98.53900828857205, 95.62959632958342, 96.99179472936385, 93.17333148828882]
2022-12-18 13:02:27,885 Train INFO: mean test reward2: [0.0, 0.0, 0.0, 0.0, 0.0, 0.0, 0.0, 0.0, 0.0, 0.0, 0.0, 0.0, 0.0, 0.0, 0.0, 0.0, 0.0, 0.0, 0.0, 0.0, 0.0, 0.0, 0.0, 0.0, 0.0, 0.0, 0.0, 0.0, 0.0, 0.0, 0.0, 0.0, 0.0, 0.0, 0.0, 0.0, 0.0, 0.0, 0.0, 0.0, 0.0, 0.0, 0.0, 0.0, 0.0, 0.0, 0.0, 0.0, 0.0, 0.0]
2022-12-18 13:02:27,886 Train INFO: mean test reward3: [0.0, 0.0, 0.0, 0.0, 0.0, 0.0, 0.0, 0.0, 0.0, 0.0, 0.0, 0.0, 0.0, 0.0, 0.0, 0.0, 0.0, 0.0, 0.0, 0.0, 0.0, 0.0, 0.0, 0.0, 0.0, 0.0, 0.0, 0.0, 0.0, 0.0, 0.0, 0.0, 0.0, 0.0, 0.0, 0.0, 0.0, 0.0, 0.0, 0.0, 0.0, 0.0, 0.0, 0.0, 0.0, 0.0, 0.0, 0.0, 0.0, 0.0]
2022-12-18 13:02:27,886 Train INFO: mean test reward4: [0.0, 0.0, 0.0, 0.0, 0.0, 0.0, 0.0, 0.0, 0.0, 0.0, 0.0, 0.0, 0.0, 0.0, 0.0, 0.0, 0.0, 0.0, 0.0, 0.0, 0.0, 0.0, 0.0, 0.0, 0.0, 0.0, 0.0, 0.0, 0.0, 0.0, 0.0, 0.0, 0.0, 0.0, 0.0, 0.0, 0.0, 0.0, 0.0, 0.0, 0.0, 0.0, 0.0, 0.0, 0.0, 0.0, 0.0, 0.0, 0.0, 0.0]
2022-12-18 13:02:27,887 Train INFO: mean test reward: 96.4330,0.0000,0.0000,0.0000
2022-12-18 13:02:27,888 Train INFO: test seed: 14************************************
