2022-12-12 21:10:32,918 Train INFO: Namespace(logger=<Logger Train (INFO)>, name='A2C2022-12-12-21-10-32', gpu='0', device=device(type='cuda', index=0), gamma=1, epoch_num=3000, test_episode=50, val_episode=50, test_size=0.1, val_size=0.5, batch_size=50, train_batch_size=50, num_steps=10, h=1, w=[120, 50], nn_out=40, share_lr=0.0001, actor_lr=1e-05, critic_lr=0.01, step=10, lr_min=1e-05, e_rate=0.001, a_rate=1, c_rate=1, lr_decay_lambda=0.999, load=False, duse_T=True, est_T=False, use_pref=False, same_price=False, use_price=True, only_test=True, test_benchmark=False, change_T=True, num='109', print_grad=False, max_norm=10, seed_range=20, net_seed=10, seed=0, info=True, selling_length=150, cardinality=4, ini_inv=2, num_products=100, number_samples=10000, num_cus_types=4, seg_prob=None, num_cus_features=4, MNLdata=10000, p_file='../Gene_databeta/simul/p10_random.npy', c_file='../Gene_databeta/simul/c4_random.npy')
2022-12-12 21:10:32,919 Train INFO: log/A2C2022-12-12-21-10-32
2022-12-12 21:10:36,170 Train INFO: products price: [1649.73814547 1127.61563842  931.02871698 1360.34237971  725.13091995
  923.26577906 1048.06358099 1335.59336555 1195.40725861 1064.01482778
  911.06874296 1048.7285084   862.45852977  562.0352617  1338.46425903
  990.15321765  520.29278707 1208.23053483 1211.78612974 1415.52984074
  793.16221683 1876.27989159 1532.58284504  955.82118943 1761.86348334
  839.64872328  552.35384058 1249.34487063  512.10224121 1264.40811504
  800.71457455 1724.21396565 1820.46937714 1053.61927862 1303.52226404
  687.23532693  553.41199285 1166.92080199  888.36091138 1555.51175855
  945.60906956  904.8232257   185.11950973  956.00340393  921.97706365
  777.00211129 1233.85864419 1855.13122698 1247.19421357  809.85084994
  477.38637086 1180.64638022  688.85646935 1821.84964101 1336.34462326
 1180.51360642  846.06710047  671.01312444  972.26852132  920.40072648
 1206.16552071 1416.03566126 1211.55189823  896.40685864 1067.94770214
 1577.1507714  1254.63336377 1273.60053127  109.15494726 1404.48282551
 1341.31287433  440.47487253 1148.9827406  1464.57599267 1204.3751098
  570.81428852  460.8940235  1490.06233971 1354.33031959  984.32869752
 1393.98066869  796.41108887 1427.58864888 1277.02973902 1164.10629816
 1159.15216995 1300.53489406 1407.42098991  808.96765814  987.27313092
  169.27919123  946.08274828 1174.39447852  944.25927782 1517.41984827
 1615.68280386  142.22238131  657.0012701  1487.17636032 1170.3680706 ]
2022-12-12 21:10:36,171 Train INFO: seg_prob [0.21154331 0.33382619 0.24539256 0.20923794]
2022-12-12 21:10:36,171 Train INFO: Load Factor 0.75
2022-12-12 21:10:36,175 Train INFO: test seed: 0************************************
2022-12-12 21:10:40,136 Train INFO: mean test reward1: [82.31725954311104, 80.67895393062172, 86.96992470184132, 80.40450552636678, 80.56625311608038, 81.90944248217275, 86.09368505853679, 80.69290271379685, 78.07145630119363, 79.8514876728904, 81.1909877449344, 82.66191825422314, 82.43680816775522, 72.07579322673926, 85.02261741475596, 73.48316932471519, 86.33424119070747, 85.39277949310905, 81.88999852670351, 86.06755889439772, 82.24677219267726, 81.69255422827946, 84.17452166472229, 83.86625670559751, 80.8481519686765, 89.16818065052405, 87.74410475649813, 87.65424057924305, 84.82735348517787, 81.75937393585374, 85.14339093850211, 85.57746238964313, 82.89550302762682, 77.66205360683145, 77.82206778683546, 82.152218340035, 83.52614847161337, 82.02568014085251, 79.98446941730084, 83.00616947025993, 75.03278400038683, 73.98300685977831, 79.24091394387662, 81.4497783704172, 78.6311623499579, 86.60389288918917, 84.1088605811743, 84.14829838580717, 84.02534750277785, 86.43309005704599]
2022-12-12 21:10:40,136 Train INFO: mean test reward2: [0.0, 0.0, 0.0, 0.0, 0.0, 0.0, 0.0, 0.0, 0.0, 0.0, 0.0, 0.0, 0.0, 0.0, 0.0, 0.0, 0.0, 0.0, 0.0, 0.0, 0.0, 0.0, 0.0, 0.0, 0.0, 0.0, 0.0, 0.0, 0.0, 0.0, 0.0, 0.0, 0.0, 0.0, 0.0, 0.0, 0.0, 0.0, 0.0, 0.0, 0.0, 0.0, 0.0, 0.0, 0.0, 0.0, 0.0, 0.0, 0.0, 0.0]
2022-12-12 21:10:40,137 Train INFO: mean test reward3: [0.0, 0.0, 0.0, 0.0, 0.0, 0.0, 0.0, 0.0, 0.0, 0.0, 0.0, 0.0, 0.0, 0.0, 0.0, 0.0, 0.0, 0.0, 0.0, 0.0, 0.0, 0.0, 0.0, 0.0, 0.0, 0.0, 0.0, 0.0, 0.0, 0.0, 0.0, 0.0, 0.0, 0.0, 0.0, 0.0, 0.0, 0.0, 0.0, 0.0, 0.0, 0.0, 0.0, 0.0, 0.0, 0.0, 0.0, 0.0, 0.0, 0.0]
2022-12-12 21:10:40,137 Train INFO: mean test reward4: [0.0, 0.0, 0.0, 0.0, 0.0, 0.0, 0.0, 0.0, 0.0, 0.0, 0.0, 0.0, 0.0, 0.0, 0.0, 0.0, 0.0, 0.0, 0.0, 0.0, 0.0, 0.0, 0.0, 0.0, 0.0, 0.0, 0.0, 0.0, 0.0, 0.0, 0.0, 0.0, 0.0, 0.0, 0.0, 0.0, 0.0, 0.0, 0.0, 0.0, 0.0, 0.0, 0.0, 0.0, 0.0, 0.0, 0.0, 0.0, 0.0, 0.0]
2022-12-12 21:10:40,137 Train INFO: mean test reward: 82.2309,0.0000,0.0000,0.0000
2022-12-12 21:10:40,138 Train INFO: test seed: 1************************************
2022-12-12 21:10:43,172 Train INFO: mean test reward1: [76.97635878836722, 66.72851324102942, 76.2768230975647, 74.22060699341863, 78.38919965760981, 73.78309197393102, 76.63449264817861, 77.20508641512289, 81.48129309491482, 76.91801072094725, 83.07900361076577, 80.97414145678, 77.66340531668081, 70.97022286782044, 79.86259547672103, 71.05569390960522, 81.7409223054495, 81.87535831752585, 78.41602316252438, 76.02160832566167, 74.6275265562335, 83.25371193940283, 78.53415907569372, 79.1460539657626, 81.82443538384598, 85.99537013224031, 82.01658186063251, 74.95334672466852, 83.60990297982599, 72.27696030172181, 81.99272163699466, 77.37330457625254, 76.2050976444142, 83.6967641283021, 81.76602200925369, 78.32893257905701, 73.87559204653293, 77.68052151399193, 82.20654238714425, 82.42247446943352, 77.30494189331313, 76.17671311305432, 80.91392909036617, 81.80755962892292, 79.00554587629672, 82.91897857020672, 82.0165818606325, 77.11987050234819, 84.08008296874463, 84.64674273158562]
2022-12-12 21:10:43,172 Train INFO: mean test reward2: [0.0, 0.0, 0.0, 0.0, 0.0, 0.0, 0.0, 0.0, 0.0, 0.0, 0.0, 0.0, 0.0, 0.0, 0.0, 0.0, 0.0, 0.0, 0.0, 0.0, 0.0, 0.0, 0.0, 0.0, 0.0, 0.0, 0.0, 0.0, 0.0, 0.0, 0.0, 0.0, 0.0, 0.0, 0.0, 0.0, 0.0, 0.0, 0.0, 0.0, 0.0, 0.0, 0.0, 0.0, 0.0, 0.0, 0.0, 0.0, 0.0, 0.0]
2022-12-12 21:10:43,172 Train INFO: mean test reward3: [0.0, 0.0, 0.0, 0.0, 0.0, 0.0, 0.0, 0.0, 0.0, 0.0, 0.0, 0.0, 0.0, 0.0, 0.0, 0.0, 0.0, 0.0, 0.0, 0.0, 0.0, 0.0, 0.0, 0.0, 0.0, 0.0, 0.0, 0.0, 0.0, 0.0, 0.0, 0.0, 0.0, 0.0, 0.0, 0.0, 0.0, 0.0, 0.0, 0.0, 0.0, 0.0, 0.0, 0.0, 0.0, 0.0, 0.0, 0.0, 0.0, 0.0]
2022-12-12 21:10:43,172 Train INFO: mean test reward4: [0.0, 0.0, 0.0, 0.0, 0.0, 0.0, 0.0, 0.0, 0.0, 0.0, 0.0, 0.0, 0.0, 0.0, 0.0, 0.0, 0.0, 0.0, 0.0, 0.0, 0.0, 0.0, 0.0, 0.0, 0.0, 0.0, 0.0, 0.0, 0.0, 0.0, 0.0, 0.0, 0.0, 0.0, 0.0, 0.0, 0.0, 0.0, 0.0, 0.0, 0.0, 0.0, 0.0, 0.0, 0.0, 0.0, 0.0, 0.0, 0.0, 0.0]
2022-12-12 21:10:43,173 Train INFO: mean test reward: 78.7610,0.0000,0.0000,0.0000
2022-12-12 21:10:43,176 Train INFO: test seed: 2************************************
2022-12-12 21:10:46,113 Train INFO: mean test reward1: [75.01403654254891, 67.28960001884411, 78.54588176454116, 76.7224922899752, 70.34771790206038, 71.73461852100797, 78.42293088151182, 72.53176064157324, 67.80112541536354, 71.95159015457466, 77.51180709581207, 79.01221002244205, 79.74135205830025, 68.70413227489995, 69.8241147744766, 66.79875068194126, 74.94869950931007, 72.59045555385221, 76.56188859154179, 74.61508742874652, 69.45365002076439, 67.88623311872126, 75.9127682609013, 76.74236993683657, 77.37467084219963, 71.4297507156965, 74.73003055741802, 71.78054679326162, 77.35657741753501, 75.47806089604784, 79.09276544718786, 82.74881491649384, 73.99578383292899, 65.45863244789255, 80.20144952097547, 78.62751340924041, 77.39481208576343, 67.8479850759454, 77.59369876477344, 76.90008072518691, 71.9917135941582, 68.2107919551583, 75.03063666077358, 72.17353206245473, 73.24553817144579, 76.97498431555063, 70.89342479742032, 78.12691177527232, 78.66240358736555, 78.43650348442635]
2022-12-12 21:10:46,120 Train INFO: mean test reward2: [0.0, 0.0, 0.0, 0.0, 0.0, 0.0, 0.0, 0.0, 0.0, 0.0, 0.0, 0.0, 0.0, 0.0, 0.0, 0.0, 0.0, 0.0, 0.0, 0.0, 0.0, 0.0, 0.0, 0.0, 0.0, 0.0, 0.0, 0.0, 0.0, 0.0, 0.0, 0.0, 0.0, 0.0, 0.0, 0.0, 0.0, 0.0, 0.0, 0.0, 0.0, 0.0, 0.0, 0.0, 0.0, 0.0, 0.0, 0.0, 0.0, 0.0]
2022-12-12 21:10:46,120 Train INFO: mean test reward3: [0.0, 0.0, 0.0, 0.0, 0.0, 0.0, 0.0, 0.0, 0.0, 0.0, 0.0, 0.0, 0.0, 0.0, 0.0, 0.0, 0.0, 0.0, 0.0, 0.0, 0.0, 0.0, 0.0, 0.0, 0.0, 0.0, 0.0, 0.0, 0.0, 0.0, 0.0, 0.0, 0.0, 0.0, 0.0, 0.0, 0.0, 0.0, 0.0, 0.0, 0.0, 0.0, 0.0, 0.0, 0.0, 0.0, 0.0, 0.0, 0.0, 0.0]
2022-12-12 21:10:46,121 Train INFO: mean test reward4: [0.0, 0.0, 0.0, 0.0, 0.0, 0.0, 0.0, 0.0, 0.0, 0.0, 0.0, 0.0, 0.0, 0.0, 0.0, 0.0, 0.0, 0.0, 0.0, 0.0, 0.0, 0.0, 0.0, 0.0, 0.0, 0.0, 0.0, 0.0, 0.0, 0.0, 0.0, 0.0, 0.0, 0.0, 0.0, 0.0, 0.0, 0.0, 0.0, 0.0, 0.0, 0.0, 0.0, 0.0, 0.0, 0.0, 0.0, 0.0, 0.0, 0.0]
2022-12-12 21:10:46,121 Train INFO: mean test reward: 74.2485,0.0000,0.0000,0.0000
2022-12-12 21:10:46,121 Train INFO: test seed: 3************************************
2022-12-12 21:10:49,225 Train INFO: mean test reward1: [83.24891860846076, 77.90793618656198, 79.12231497202295, 85.42931677956207, 68.17197005850555, 77.30352723031328, 71.71756464762075, 81.35849351496704, 70.5749003176436, 74.6275265562335, 79.47914005892461, 83.86370855808696, 81.60904114988297, 72.601772829346, 84.82735348517787, 75.83643449640024, 85.21160644045634, 82.97009136356657, 83.46380053777243, 76.03592331168053, 79.34206410889104, 80.65643314516028, 77.86498234553733, 82.95750288196946, 71.40637293536652, 83.54749285158157, 83.66500098594688, 78.39022740833678, 83.04839093519317, 77.22655538661397, 83.90552252794491, 82.12728664391365, 76.9763587883672, 81.5160504119769, 79.04575036013918, 82.98594588657616, 78.54684929702576, 77.99131559987975, 81.16294964104196, 74.45493813865359, 79.26327955575833, 75.64757455873242, 75.58046406492831, 83.57439627095336, 79.96749559314453, 83.45955825643455, 70.01899603965674, 76.42276908660743, 83.75644016462404, 81.41615228999213]
2022-12-12 21:10:49,226 Train INFO: mean test reward2: [0.0, 0.0, 0.0, 0.0, 0.0, 0.0, 0.0, 0.0, 0.0, 0.0, 0.0, 0.0, 0.0, 0.0, 0.0, 0.0, 0.0, 0.0, 0.0, 0.0, 0.0, 0.0, 0.0, 0.0, 0.0, 0.0, 0.0, 0.0, 0.0, 0.0, 0.0, 0.0, 0.0, 0.0, 0.0, 0.0, 0.0, 0.0, 0.0, 0.0, 0.0, 0.0, 0.0, 0.0, 0.0, 0.0, 0.0, 0.0, 0.0, 0.0]
2022-12-12 21:10:49,232 Train INFO: mean test reward3: [0.0, 0.0, 0.0, 0.0, 0.0, 0.0, 0.0, 0.0, 0.0, 0.0, 0.0, 0.0, 0.0, 0.0, 0.0, 0.0, 0.0, 0.0, 0.0, 0.0, 0.0, 0.0, 0.0, 0.0, 0.0, 0.0, 0.0, 0.0, 0.0, 0.0, 0.0, 0.0, 0.0, 0.0, 0.0, 0.0, 0.0, 0.0, 0.0, 0.0, 0.0, 0.0, 0.0, 0.0, 0.0, 0.0, 0.0, 0.0, 0.0, 0.0]
2022-12-12 21:10:49,233 Train INFO: mean test reward4: [0.0, 0.0, 0.0, 0.0, 0.0, 0.0, 0.0, 0.0, 0.0, 0.0, 0.0, 0.0, 0.0, 0.0, 0.0, 0.0, 0.0, 0.0, 0.0, 0.0, 0.0, 0.0, 0.0, 0.0, 0.0, 0.0, 0.0, 0.0, 0.0, 0.0, 0.0, 0.0, 0.0, 0.0, 0.0, 0.0, 0.0, 0.0, 0.0, 0.0, 0.0, 0.0, 0.0, 0.0, 0.0, 0.0, 0.0, 0.0, 0.0, 0.0]
2022-12-12 21:10:49,233 Train INFO: mean test reward: 79.2257,0.0000,0.0000,0.0000
2022-12-12 21:10:49,234 Train INFO: test seed: 4************************************
2022-12-12 21:10:52,324 Train INFO: mean test reward1: [83.18971159307586, 76.93537388833029, 80.34356019532947, 75.01543295882651, 72.66450323110774, 82.66173901881044, 73.42486339481249, 70.6138906454409, 68.171040032181, 67.82638575757865, 78.03533090229094, 83.13967579064331, 85.71780698148324, 75.72734010799397, 84.15335652016678, 69.79615785108028, 81.30702606396078, 84.34292605215859, 81.86414953866758, 78.73376651894058, 83.00952916819944, 82.49903923754006, 71.5343202227381, 83.67054084938695, 81.56253249672, 82.9755791042187, 81.99714002146978, 80.9235245685552, 80.65211969369489, 72.07150498206256, 77.810228047985, 83.59734941860145, 77.3723484046485, 78.91936596265866, 81.71626255700988, 79.61823347010494, 75.30130777850201, 79.20292803965188, 81.64936109981062, 80.60926869822025, 81.5906713750296, 70.04903093150627, 81.90585516601959, 78.52702620732603, 76.22290717737029, 80.92747277221657, 85.99537013224031, 81.74652220124135, 83.22770248607301, 80.19022827667625]
2022-12-12 21:10:52,324 Train INFO: mean test reward2: [0.0, 0.0, 0.0, 0.0, 0.0, 0.0, 0.0, 0.0, 0.0, 0.0, 0.0, 0.0, 0.0, 0.0, 0.0, 0.0, 0.0, 0.0, 0.0, 0.0, 0.0, 0.0, 0.0, 0.0, 0.0, 0.0, 0.0, 0.0, 0.0, 0.0, 0.0, 0.0, 0.0, 0.0, 0.0, 0.0, 0.0, 0.0, 0.0, 0.0, 0.0, 0.0, 0.0, 0.0, 0.0, 0.0, 0.0, 0.0, 0.0, 0.0]
2022-12-12 21:10:52,324 Train INFO: mean test reward3: [0.0, 0.0, 0.0, 0.0, 0.0, 0.0, 0.0, 0.0, 0.0, 0.0, 0.0, 0.0, 0.0, 0.0, 0.0, 0.0, 0.0, 0.0, 0.0, 0.0, 0.0, 0.0, 0.0, 0.0, 0.0, 0.0, 0.0, 0.0, 0.0, 0.0, 0.0, 0.0, 0.0, 0.0, 0.0, 0.0, 0.0, 0.0, 0.0, 0.0, 0.0, 0.0, 0.0, 0.0, 0.0, 0.0, 0.0, 0.0, 0.0, 0.0]
2022-12-12 21:10:52,324 Train INFO: mean test reward4: [0.0, 0.0, 0.0, 0.0, 0.0, 0.0, 0.0, 0.0, 0.0, 0.0, 0.0, 0.0, 0.0, 0.0, 0.0, 0.0, 0.0, 0.0, 0.0, 0.0, 0.0, 0.0, 0.0, 0.0, 0.0, 0.0, 0.0, 0.0, 0.0, 0.0, 0.0, 0.0, 0.0, 0.0, 0.0, 0.0, 0.0, 0.0, 0.0, 0.0, 0.0, 0.0, 0.0, 0.0, 0.0, 0.0, 0.0, 0.0, 0.0, 0.0]
2022-12-12 21:10:52,324 Train INFO: mean test reward: 79.0148,0.0000,0.0000,0.0000
2022-12-12 21:10:52,325 Train INFO: test seed: 5************************************
2022-12-12 21:10:55,371 Train INFO: mean test reward1: [79.65006704662736, 62.77539578758742, 74.91072183328568, 72.42556925234908, 70.40916509360477, 76.6646482261659, 63.040910736170716, 71.75322175170355, 75.33348334206272, 79.56493505741616, 75.05041200085526, 78.47935447990099, 84.01332744507782, 74.23846784100989, 75.55644053863146, 67.85893043214166, 79.4939014105166, 77.4270874400876, 78.00901846779088, 81.55826296434608, 76.25947205600443, 83.52614847161335, 73.98300685977833, 76.05068466327249, 75.64757455873242, 83.93728567030013, 78.8068759379525, 75.5083941971938, 80.41354444392672, 78.390392062002, 76.50811818725823, 81.28019182703396, 77.60560732719952, 78.99805044943176, 75.57488509309646, 75.73120055841333, 73.73761069388489, 81.28901375706522, 70.52817692094122, 74.02190732472312, 77.95302697769615, 75.60655112067565, 67.59164092206034, 77.39467902940409, 73.12526869664936, 80.9756479695612, 69.59504351744214, 74.93489432932213, 80.8689203110056, 83.06973531516138]
2022-12-12 21:10:55,371 Train INFO: mean test reward2: [0.0, 0.0, 0.0, 0.0, 0.0, 0.0, 0.0, 0.0, 0.0, 0.0, 0.0, 0.0, 0.0, 0.0, 0.0, 0.0, 0.0, 0.0, 0.0, 0.0, 0.0, 0.0, 0.0, 0.0, 0.0, 0.0, 0.0, 0.0, 0.0, 0.0, 0.0, 0.0, 0.0, 0.0, 0.0, 0.0, 0.0, 0.0, 0.0, 0.0, 0.0, 0.0, 0.0, 0.0, 0.0, 0.0, 0.0, 0.0, 0.0, 0.0]
2022-12-12 21:10:55,371 Train INFO: mean test reward3: [0.0, 0.0, 0.0, 0.0, 0.0, 0.0, 0.0, 0.0, 0.0, 0.0, 0.0, 0.0, 0.0, 0.0, 0.0, 0.0, 0.0, 0.0, 0.0, 0.0, 0.0, 0.0, 0.0, 0.0, 0.0, 0.0, 0.0, 0.0, 0.0, 0.0, 0.0, 0.0, 0.0, 0.0, 0.0, 0.0, 0.0, 0.0, 0.0, 0.0, 0.0, 0.0, 0.0, 0.0, 0.0, 0.0, 0.0, 0.0, 0.0, 0.0]
2022-12-12 21:10:55,371 Train INFO: mean test reward4: [0.0, 0.0, 0.0, 0.0, 0.0, 0.0, 0.0, 0.0, 0.0, 0.0, 0.0, 0.0, 0.0, 0.0, 0.0, 0.0, 0.0, 0.0, 0.0, 0.0, 0.0, 0.0, 0.0, 0.0, 0.0, 0.0, 0.0, 0.0, 0.0, 0.0, 0.0, 0.0, 0.0, 0.0, 0.0, 0.0, 0.0, 0.0, 0.0, 0.0, 0.0, 0.0, 0.0, 0.0, 0.0, 0.0, 0.0, 0.0, 0.0, 0.0]
2022-12-12 21:10:55,371 Train INFO: mean test reward: 76.1425,0.0000,0.0000,0.0000
2022-12-12 21:10:55,376 Train INFO: test seed: 6************************************
2022-12-12 21:10:58,425 Train INFO: mean test reward1: [71.47852510212108, 64.25181546888454, 74.28066795819855, 71.73941657171562, 70.39872954343947, 75.90138300854383, 70.92414469958345, 67.88230821247164, 76.26534232939599, 82.28028262890014, 71.97207792494062, 77.15604058086933, 76.44023491099502, 71.97746752340339, 81.52630187427538, 74.2828395604005, 78.72536918413765, 79.00003410800632, 75.89623314411095, 75.72629208660861, 76.1176732393834, 80.93783955457407, 71.99835432089456, 79.18784892395617, 72.28538595572601, 77.68059227838408, 77.52575175026864, 67.33431323513958, 76.50907435886228, 67.61593731724436, 78.42328908725142, 83.889791924469, 73.75437424101383, 75.29113020181065, 73.41968643420762, 74.2605445074937, 78.78878251328784, 68.81015726030536, 82.63993224215247, 73.7835935730925, 72.75346564900673, 68.88232111632114, 70.81982774438819, 76.01449781394322, 79.04090144490638, 78.46025141971482, 66.15343967767082, 79.19138281179698, 78.52481373476166, 76.66174792765881]
2022-12-12 21:10:58,427 Train INFO: mean test reward2: [0.0, 0.0, 0.0, 0.0, 0.0, 0.0, 0.0, 0.0, 0.0, 0.0, 0.0, 0.0, 0.0, 0.0, 0.0, 0.0, 0.0, 0.0, 0.0, 0.0, 0.0, 0.0, 0.0, 0.0, 0.0, 0.0, 0.0, 0.0, 0.0, 0.0, 0.0, 0.0, 0.0, 0.0, 0.0, 0.0, 0.0, 0.0, 0.0, 0.0, 0.0, 0.0, 0.0, 0.0, 0.0, 0.0, 0.0, 0.0, 0.0, 0.0]
2022-12-12 21:10:58,427 Train INFO: mean test reward3: [0.0, 0.0, 0.0, 0.0, 0.0, 0.0, 0.0, 0.0, 0.0, 0.0, 0.0, 0.0, 0.0, 0.0, 0.0, 0.0, 0.0, 0.0, 0.0, 0.0, 0.0, 0.0, 0.0, 0.0, 0.0, 0.0, 0.0, 0.0, 0.0, 0.0, 0.0, 0.0, 0.0, 0.0, 0.0, 0.0, 0.0, 0.0, 0.0, 0.0, 0.0, 0.0, 0.0, 0.0, 0.0, 0.0, 0.0, 0.0, 0.0, 0.0]
2022-12-12 21:10:58,428 Train INFO: mean test reward4: [0.0, 0.0, 0.0, 0.0, 0.0, 0.0, 0.0, 0.0, 0.0, 0.0, 0.0, 0.0, 0.0, 0.0, 0.0, 0.0, 0.0, 0.0, 0.0, 0.0, 0.0, 0.0, 0.0, 0.0, 0.0, 0.0, 0.0, 0.0, 0.0, 0.0, 0.0, 0.0, 0.0, 0.0, 0.0, 0.0, 0.0, 0.0, 0.0, 0.0, 0.0, 0.0, 0.0, 0.0, 0.0, 0.0, 0.0, 0.0, 0.0, 0.0]
2022-12-12 21:10:58,428 Train INFO: mean test reward: 74.8972,0.0000,0.0000,0.0000
2022-12-12 21:10:58,429 Train INFO: test seed: 7************************************
2022-12-12 21:11:01,375 Train INFO: mean test reward1: [73.82809250990678, 74.6802711051742, 73.62293462951052, 72.57200315850582, 76.89786947738348, 73.67488029212315, 79.76940966261805, 73.2161668771654, 72.06222361671084, 71.56082922892789, 71.01950706027596, 73.19756364646982, 80.58810892193117, 67.92000097882048, 84.49883263530553, 68.81781513480468, 81.31394545318662, 80.4836652997771, 69.44699290924483, 66.57923944729588, 74.87818948675745, 77.12022947302994, 77.42789277634245, 77.22085740223639, 74.61321157021465, 76.18299059372485, 76.83438472126635, 77.56298890879829, 73.48804911714701, 79.66681791066603, 77.37783826160711, 83.58795188812792, 71.54827623807525, 74.19754026795245, 77.81585661414405, 80.2504992721109, 75.49602686227593, 74.67092781797173, 75.14370577119662, 69.30651802742112, 77.69299462872998, 69.05041816993274, 67.7330344187381, 77.09203698359727, 73.5054001587073, 82.40882074874989, 58.606878910808874, 78.08770880961715, 77.45846027078485, 72.4404757861231]
2022-12-12 21:11:01,376 Train INFO: mean test reward2: [0.0, 0.0, 0.0, 0.0, 0.0, 0.0, 0.0, 0.0, 0.0, 0.0, 0.0, 0.0, 0.0, 0.0, 0.0, 0.0, 0.0, 0.0, 0.0, 0.0, 0.0, 0.0, 0.0, 0.0, 0.0, 0.0, 0.0, 0.0, 0.0, 0.0, 0.0, 0.0, 0.0, 0.0, 0.0, 0.0, 0.0, 0.0, 0.0, 0.0, 0.0, 0.0, 0.0, 0.0, 0.0, 0.0, 0.0, 0.0, 0.0, 0.0]
2022-12-12 21:11:01,376 Train INFO: mean test reward3: [0.0, 0.0, 0.0, 0.0, 0.0, 0.0, 0.0, 0.0, 0.0, 0.0, 0.0, 0.0, 0.0, 0.0, 0.0, 0.0, 0.0, 0.0, 0.0, 0.0, 0.0, 0.0, 0.0, 0.0, 0.0, 0.0, 0.0, 0.0, 0.0, 0.0, 0.0, 0.0, 0.0, 0.0, 0.0, 0.0, 0.0, 0.0, 0.0, 0.0, 0.0, 0.0, 0.0, 0.0, 0.0, 0.0, 0.0, 0.0, 0.0, 0.0]
2022-12-12 21:11:01,376 Train INFO: mean test reward4: [0.0, 0.0, 0.0, 0.0, 0.0, 0.0, 0.0, 0.0, 0.0, 0.0, 0.0, 0.0, 0.0, 0.0, 0.0, 0.0, 0.0, 0.0, 0.0, 0.0, 0.0, 0.0, 0.0, 0.0, 0.0, 0.0, 0.0, 0.0, 0.0, 0.0, 0.0, 0.0, 0.0, 0.0, 0.0, 0.0, 0.0, 0.0, 0.0, 0.0, 0.0, 0.0, 0.0, 0.0, 0.0, 0.0, 0.0, 0.0, 0.0, 0.0]
2022-12-12 21:11:01,376 Train INFO: mean test reward: 74.8843,0.0000,0.0000,0.0000
2022-12-12 21:11:01,377 Train INFO: test seed: 8************************************
2022-12-12 21:11:04,323 Train INFO: mean test reward1: [75.39733148564575, 74.77274048063764, 82.50920958206945, 67.24036683802382, 69.37675546833297, 77.32711051193652, 77.3367587562415, 71.71652509634335, 69.93571141002857, 79.71539271898561, 77.13476072513285, 73.41858508042154, 81.292542267966, 74.03925836628343, 79.23988619314964, 69.10209234801927, 78.86906600724544, 74.93489432932213, 71.05569390960524, 71.75322175170359, 72.77671609506075, 78.48156557554842, 75.372482139968, 77.77695798403691, 76.79448088371788, 79.55139137556574, 74.25656126567452, 71.95793468825849, 73.89726243814013, 78.5452585180416, 79.57990331166617, 80.004391341176, 68.26982015747264, 72.08821185601913, 80.30439874088533, 70.81332354816274, 80.63363988000829, 81.3139454531866, 75.2833893342678, 77.16925703375145, 71.3473447330522, 71.73461852100799, 70.7455291333472, 76.29795668769782, 73.23283434524393, 80.33351739652764, 61.19352505358248, 69.43179927624215, 77.2657461650914, 77.39321839807916]
2022-12-12 21:11:04,323 Train INFO: mean test reward2: [0.0, 0.0, 0.0, 0.0, 0.0, 0.0, 0.0, 0.0, 0.0, 0.0, 0.0, 0.0, 0.0, 0.0, 0.0, 0.0, 0.0, 0.0, 0.0, 0.0, 0.0, 0.0, 0.0, 0.0, 0.0, 0.0, 0.0, 0.0, 0.0, 0.0, 0.0, 0.0, 0.0, 0.0, 0.0, 0.0, 0.0, 0.0, 0.0, 0.0, 0.0, 0.0, 0.0, 0.0, 0.0, 0.0, 0.0, 0.0, 0.0, 0.0]
2022-12-12 21:11:04,323 Train INFO: mean test reward3: [0.0, 0.0, 0.0, 0.0, 0.0, 0.0, 0.0, 0.0, 0.0, 0.0, 0.0, 0.0, 0.0, 0.0, 0.0, 0.0, 0.0, 0.0, 0.0, 0.0, 0.0, 0.0, 0.0, 0.0, 0.0, 0.0, 0.0, 0.0, 0.0, 0.0, 0.0, 0.0, 0.0, 0.0, 0.0, 0.0, 0.0, 0.0, 0.0, 0.0, 0.0, 0.0, 0.0, 0.0, 0.0, 0.0, 0.0, 0.0, 0.0, 0.0]
2022-12-12 21:11:04,323 Train INFO: mean test reward4: [0.0, 0.0, 0.0, 0.0, 0.0, 0.0, 0.0, 0.0, 0.0, 0.0, 0.0, 0.0, 0.0, 0.0, 0.0, 0.0, 0.0, 0.0, 0.0, 0.0, 0.0, 0.0, 0.0, 0.0, 0.0, 0.0, 0.0, 0.0, 0.0, 0.0, 0.0, 0.0, 0.0, 0.0, 0.0, 0.0, 0.0, 0.0, 0.0, 0.0, 0.0, 0.0, 0.0, 0.0, 0.0, 0.0, 0.0, 0.0, 0.0, 0.0]
2022-12-12 21:11:04,323 Train INFO: mean test reward: 75.0003,0.0000,0.0000,0.0000
2022-12-12 21:11:04,328 Train INFO: test seed: 9************************************
2022-12-12 21:11:07,382 Train INFO: mean test reward1: [81.8075596289229, 81.99551383085303, 82.68001167888775, 74.24719908466577, 75.50839419719378, 75.76406746049267, 77.7599511187775, 80.04087694294462, 82.96203542236829, 76.14834175726376, 78.93643163659632, 86.57144259495702, 84.73606862972771, 78.5747800896635, 81.38611565205865, 76.89527008092419, 85.10395313386927, 84.85911662753308, 87.56508901166089, 83.12140313056601, 78.53239139445222, 85.09087528311858, 84.14829838580714, 82.63577510781208, 83.36799105148722, 82.06093348458487, 81.1320883257625, 83.05616271224685, 73.77451548457762, 73.76035133390795, 83.85013654377545, 86.10981952589339, 84.70430548737247, 79.07130333064387, 84.07747090378386, 84.32337266984253, 82.5598561655606, 76.96955516775324, 79.34471473045019, 76.63773287146996, 76.57429482261593, 74.60892332553793, 79.33824705431223, 82.11846471388236, 77.22797202388185, 79.85748733587995, 74.58633352086409, 79.44994662513042, 82.61007120340582, 88.01577512921834]
2022-12-12 21:11:07,382 Train INFO: mean test reward2: [0.0, 0.0, 0.0, 0.0, 0.0, 0.0, 0.0, 0.0, 0.0, 0.0, 0.0, 0.0, 0.0, 0.0, 0.0, 0.0, 0.0, 0.0, 0.0, 0.0, 0.0, 0.0, 0.0, 0.0, 0.0, 0.0, 0.0, 0.0, 0.0, 0.0, 0.0, 0.0, 0.0, 0.0, 0.0, 0.0, 0.0, 0.0, 0.0, 0.0, 0.0, 0.0, 0.0, 0.0, 0.0, 0.0, 0.0, 0.0, 0.0, 0.0]
2022-12-12 21:11:07,382 Train INFO: mean test reward3: [0.0, 0.0, 0.0, 0.0, 0.0, 0.0, 0.0, 0.0, 0.0, 0.0, 0.0, 0.0, 0.0, 0.0, 0.0, 0.0, 0.0, 0.0, 0.0, 0.0, 0.0, 0.0, 0.0, 0.0, 0.0, 0.0, 0.0, 0.0, 0.0, 0.0, 0.0, 0.0, 0.0, 0.0, 0.0, 0.0, 0.0, 0.0, 0.0, 0.0, 0.0, 0.0, 0.0, 0.0, 0.0, 0.0, 0.0, 0.0, 0.0, 0.0]
2022-12-12 21:11:07,382 Train INFO: mean test reward4: [0.0, 0.0, 0.0, 0.0, 0.0, 0.0, 0.0, 0.0, 0.0, 0.0, 0.0, 0.0, 0.0, 0.0, 0.0, 0.0, 0.0, 0.0, 0.0, 0.0, 0.0, 0.0, 0.0, 0.0, 0.0, 0.0, 0.0, 0.0, 0.0, 0.0, 0.0, 0.0, 0.0, 0.0, 0.0, 0.0, 0.0, 0.0, 0.0, 0.0, 0.0, 0.0, 0.0, 0.0, 0.0, 0.0, 0.0, 0.0, 0.0, 0.0]
2022-12-12 21:11:07,382 Train INFO: mean test reward: 80.7252,0.0000,0.0000,0.0000
2022-12-12 21:11:07,383 Train INFO: test seed: 10************************************
2022-12-12 21:11:10,605 Train INFO: mean test reward1: [78.82848181605821, 67.04660690394684, 82.61188245179055, 78.84106959006105, 81.41323255040618, 81.624701351371, 88.72331124519097, 73.88773543034985, 69.59075527276546, 81.69683081800349, 84.75416205439235, 79.80615171094519, 87.06272480604395, 76.07082590683628, 82.89697384583327, 74.25656126567452, 82.05033548678517, 86.07461825278013, 72.75346564900673, 84.1088605811743, 79.85628572359803, 80.7682551274973, 77.46030118702598, 85.91944070175236, 78.8171977417862, 84.0741377031377, 79.8659988872254, 79.95764271335732, 83.50805504694874, 72.79067211039789, 80.02154344628781, 88.17410745858052, 82.88213858118908, 83.31002549895877, 83.72367948299802, 82.99835513276061, 83.08782873982601, 77.2940488330219, 87.75216749735192, 76.10310126116048, 83.56558627624622, 69.51386072033407, 73.0316672702614, 83.08782873982602, 85.48816958812206, 84.89517233197581, 73.96455446443193, 84.10886058117431, 84.65032363771765, 80.75040897573453]
2022-12-12 21:11:10,606 Train INFO: mean test reward2: [0.0, 0.0, 0.0, 0.0, 0.0, 0.0, 0.0, 0.0, 0.0, 0.0, 0.0, 0.0, 0.0, 0.0, 0.0, 0.0, 0.0, 0.0, 0.0, 0.0, 0.0, 0.0, 0.0, 0.0, 0.0, 0.0, 0.0, 0.0, 0.0, 0.0, 0.0, 0.0, 0.0, 0.0, 0.0, 0.0, 0.0, 0.0, 0.0, 0.0, 0.0, 0.0, 0.0, 0.0, 0.0, 0.0, 0.0, 0.0, 0.0, 0.0]
2022-12-12 21:11:10,606 Train INFO: mean test reward3: [0.0, 0.0, 0.0, 0.0, 0.0, 0.0, 0.0, 0.0, 0.0, 0.0, 0.0, 0.0, 0.0, 0.0, 0.0, 0.0, 0.0, 0.0, 0.0, 0.0, 0.0, 0.0, 0.0, 0.0, 0.0, 0.0, 0.0, 0.0, 0.0, 0.0, 0.0, 0.0, 0.0, 0.0, 0.0, 0.0, 0.0, 0.0, 0.0, 0.0, 0.0, 0.0, 0.0, 0.0, 0.0, 0.0, 0.0, 0.0, 0.0, 0.0]
2022-12-12 21:11:10,606 Train INFO: mean test reward4: [0.0, 0.0, 0.0, 0.0, 0.0, 0.0, 0.0, 0.0, 0.0, 0.0, 0.0, 0.0, 0.0, 0.0, 0.0, 0.0, 0.0, 0.0, 0.0, 0.0, 0.0, 0.0, 0.0, 0.0, 0.0, 0.0, 0.0, 0.0, 0.0, 0.0, 0.0, 0.0, 0.0, 0.0, 0.0, 0.0, 0.0, 0.0, 0.0, 0.0, 0.0, 0.0, 0.0, 0.0, 0.0, 0.0, 0.0, 0.0, 0.0, 0.0]
2022-12-12 21:11:10,606 Train INFO: mean test reward: 80.5104,0.0000,0.0000,0.0000
2022-12-12 21:11:10,606 Train INFO: test seed: 11************************************
2022-12-12 21:11:13,504 Train INFO: mean test reward1: [72.73233616880069, 74.38807032756438, 75.70952130198134, 70.02328428433343, 78.58627986949665, 69.51386072033405, 81.16613305934837, 76.47681678352797, 69.45365002076439, 75.5422075643862, 78.22516653791827, 79.2422086307008, 77.12957254678622, 70.1187820674604, 74.56995077673051, 67.33431323513959, 77.7332981832291, 73.49067074063682, 76.7907893722311, 75.69465473840233, 75.03825697852297, 77.36122441944727, 75.01536550315068, 81.26745301370602, 70.36445187730932, 76.81445038036058, 73.54671600268304, 75.14853451904274, 68.33668796856186, 67.14327788703744, 68.965865743002, 71.55315603050708, 76.8157429525509, 70.76624980473014, 74.85973709141108, 78.03491048118262, 74.51752570873455, 73.3688256281777, 82.04954547031392, 70.85637356439918, 68.4603380816532, 69.87237935487025, 64.90297372313799, 73.04118420557263, 77.99277181442054, 76.81141336977944, 63.7561116575421, 71.53396125205636, 71.56636966273989, 75.6412819689103]
2022-12-12 21:11:13,508 Train INFO: mean test reward2: [0.0, 0.0, 0.0, 0.0, 0.0, 0.0, 0.0, 0.0, 0.0, 0.0, 0.0, 0.0, 0.0, 0.0, 0.0, 0.0, 0.0, 0.0, 0.0, 0.0, 0.0, 0.0, 0.0, 0.0, 0.0, 0.0, 0.0, 0.0, 0.0, 0.0, 0.0, 0.0, 0.0, 0.0, 0.0, 0.0, 0.0, 0.0, 0.0, 0.0, 0.0, 0.0, 0.0, 0.0, 0.0, 0.0, 0.0, 0.0, 0.0, 0.0]
2022-12-12 21:11:13,509 Train INFO: mean test reward3: [0.0, 0.0, 0.0, 0.0, 0.0, 0.0, 0.0, 0.0, 0.0, 0.0, 0.0, 0.0, 0.0, 0.0, 0.0, 0.0, 0.0, 0.0, 0.0, 0.0, 0.0, 0.0, 0.0, 0.0, 0.0, 0.0, 0.0, 0.0, 0.0, 0.0, 0.0, 0.0, 0.0, 0.0, 0.0, 0.0, 0.0, 0.0, 0.0, 0.0, 0.0, 0.0, 0.0, 0.0, 0.0, 0.0, 0.0, 0.0, 0.0, 0.0]
2022-12-12 21:11:13,512 Train INFO: mean test reward4: [0.0, 0.0, 0.0, 0.0, 0.0, 0.0, 0.0, 0.0, 0.0, 0.0, 0.0, 0.0, 0.0, 0.0, 0.0, 0.0, 0.0, 0.0, 0.0, 0.0, 0.0, 0.0, 0.0, 0.0, 0.0, 0.0, 0.0, 0.0, 0.0, 0.0, 0.0, 0.0, 0.0, 0.0, 0.0, 0.0, 0.0, 0.0, 0.0, 0.0, 0.0, 0.0, 0.0, 0.0, 0.0, 0.0, 0.0, 0.0, 0.0, 0.0]
2022-12-12 21:11:13,512 Train INFO: mean test reward: 73.7865,0.0000,0.0000,0.0000
2022-12-12 21:11:13,513 Train INFO: test seed: 12************************************
