2022-12-13 12:02:43,712 Train INFO: Namespace(logger=<Logger Train (INFO)>, name='A2C2022-12-13-12-02-43', gpu='0', device=device(type='cuda', index=0), gamma=1, epoch_num=3000, test_episode=50, val_episode=50, test_size=0.1, val_size=0.5, batch_size=50, train_batch_size=50, num_steps=10, h=1, w=[120, 50], nn_out=40, share_lr=0.0001, actor_lr=1e-05, critic_lr=0.01, step=10, lr_min=1e-05, e_rate=0.001, a_rate=1, c_rate=1, lr_decay_lambda=0.999, load=False, duse_T=True, est_T=False, use_pref=False, same_price=False, use_price=True, only_test=True, test_benchmark=False, change_T=True, num='112', print_grad=False, max_norm=10, seed_range=20, net_seed=10, seed=0, info=True, selling_length=150, cardinality=4, ini_inv=2, num_products=100, number_samples=10000, num_cus_types=4, seg_prob=None, num_cus_features=4, MNLdata=10000, p_file='../Gene_databeta/simul/p10_random.npy', c_file='../Gene_databeta/simul/c4_random.npy')
2022-12-13 12:02:43,713 Train INFO: log/A2C2022-12-13-12-02-43
2022-12-13 12:02:47,181 Train INFO: products price: [1649.73814547 1127.61563842  931.02871698 1360.34237971  725.13091995
  923.26577906 1048.06358099 1335.59336555 1195.40725861 1064.01482778
  911.06874296 1048.7285084   862.45852977  562.0352617  1338.46425903
  990.15321765  520.29278707 1208.23053483 1211.78612974 1415.52984074
  793.16221683 1876.27989159 1532.58284504  955.82118943 1761.86348334
  839.64872328  552.35384058 1249.34487063  512.10224121 1264.40811504
  800.71457455 1724.21396565 1820.46937714 1053.61927862 1303.52226404
  687.23532693  553.41199285 1166.92080199  888.36091138 1555.51175855
  945.60906956  904.8232257   185.11950973  956.00340393  921.97706365
  777.00211129 1233.85864419 1855.13122698 1247.19421357  809.85084994
  477.38637086 1180.64638022  688.85646935 1821.84964101 1336.34462326
 1180.51360642  846.06710047  671.01312444  972.26852132  920.40072648
 1206.16552071 1416.03566126 1211.55189823  896.40685864 1067.94770214
 1577.1507714  1254.63336377 1273.60053127  109.15494726 1404.48282551
 1341.31287433  440.47487253 1148.9827406  1464.57599267 1204.3751098
  570.81428852  460.8940235  1490.06233971 1354.33031959  984.32869752
 1393.98066869  796.41108887 1427.58864888 1277.02973902 1164.10629816
 1159.15216995 1300.53489406 1407.42098991  808.96765814  987.27313092
  169.27919123  946.08274828 1174.39447852  944.25927782 1517.41984827
 1615.68280386  142.22238131  657.0012701  1487.17636032 1170.3680706 ]
2022-12-13 12:02:47,182 Train INFO: seg_prob [0.21154331 0.33382619 0.24539256 0.20923794]
2022-12-13 12:02:47,182 Train INFO: Load Factor 0.75
2022-12-13 12:02:47,188 Train INFO: test seed: 0************************************
2022-12-13 12:02:50,297 Train INFO: mean test reward1: [85.09906157219419, 82.75940033155727, 86.14117412024144, 83.67655235357942, 83.67308063285448, 81.56758597528277, 83.19879481715923, 84.13337777686749, 82.74727400109177, 83.75178918072244, 81.52347886353282, 82.67918027121071, 86.328040444775, 84.39489741811042, 82.29428081538572, 81.78476013661027, 87.4723909486339, 85.20628688106736, 83.0507610901778, 87.15408244445162, 88.7865705715204, 84.71195246039377, 82.2524238058574, 83.19849053769342, 80.17700680472129, 85.82477902730038, 82.80987597364312, 82.43025650701227, 79.48776958580326, 81.33578347361836, 85.83926630197482, 82.41681066131272, 81.68997404534741, 84.01184551291965, 86.36908619015486, 80.71753158080601, 86.69602717515896, 85.00453864155064, 84.38225939786179, 80.15579116834358, 82.3576156272354, 85.28279183318863, 80.81252823999641, 81.39834330296559, 89.35762840945664, 86.88069860915978, 77.15025183175479, 90.45171742399728, 84.33554657147161, 89.348544851385]
2022-12-13 12:02:50,298 Train INFO: mean test reward2: [0.0, 0.0, 0.0, 0.0, 0.0, 0.0, 0.0, 0.0, 0.0, 0.0, 0.0, 0.0, 0.0, 0.0, 0.0, 0.0, 0.0, 0.0, 0.0, 0.0, 0.0, 0.0, 0.0, 0.0, 0.0, 0.0, 0.0, 0.0, 0.0, 0.0, 0.0, 0.0, 0.0, 0.0, 0.0, 0.0, 0.0, 0.0, 0.0, 0.0, 0.0, 0.0, 0.0, 0.0, 0.0, 0.0, 0.0, 0.0, 0.0, 0.0]
2022-12-13 12:02:50,298 Train INFO: mean test reward3: [0.0, 0.0, 0.0, 0.0, 0.0, 0.0, 0.0, 0.0, 0.0, 0.0, 0.0, 0.0, 0.0, 0.0, 0.0, 0.0, 0.0, 0.0, 0.0, 0.0, 0.0, 0.0, 0.0, 0.0, 0.0, 0.0, 0.0, 0.0, 0.0, 0.0, 0.0, 0.0, 0.0, 0.0, 0.0, 0.0, 0.0, 0.0, 0.0, 0.0, 0.0, 0.0, 0.0, 0.0, 0.0, 0.0, 0.0, 0.0, 0.0, 0.0]
2022-12-13 12:02:50,298 Train INFO: mean test reward4: [0.0, 0.0, 0.0, 0.0, 0.0, 0.0, 0.0, 0.0, 0.0, 0.0, 0.0, 0.0, 0.0, 0.0, 0.0, 0.0, 0.0, 0.0, 0.0, 0.0, 0.0, 0.0, 0.0, 0.0, 0.0, 0.0, 0.0, 0.0, 0.0, 0.0, 0.0, 0.0, 0.0, 0.0, 0.0, 0.0, 0.0, 0.0, 0.0, 0.0, 0.0, 0.0, 0.0, 0.0, 0.0, 0.0, 0.0, 0.0, 0.0, 0.0]
2022-12-13 12:02:50,298 Train INFO: mean test reward: 83.8862,0.0000,0.0000,0.0000
2022-12-13 12:02:50,299 Train INFO: test seed: 1************************************
2022-12-13 12:02:52,183 Train INFO: mean test reward1: [83.44795883462342, 79.64969494452194, 84.88131140833258, 78.61830240980079, 79.7035375129778, 82.3576156272354, 80.61233975942801, 83.5540225076524, 83.90914337723059, 79.62240640698896, 84.41541806596129, 83.9681409527571, 82.9707688703884, 82.19227198221002, 79.88716229714476, 74.66253367049262, 85.4253131189154, 84.09067079868412, 82.34528188645258, 84.90673921537876, 80.46001778776989, 83.06362695098358, 77.20375137512305, 78.38366309213049, 78.92642472093632, 81.81651658792357, 82.64950850587888, 84.39489741811042, 80.46001778776989, 77.64157170058269, 77.02919891667347, 85.2207765367279, 79.5342948406606, 80.64990183323768, 86.57279994194089, 78.40717017045206, 80.98951690529819, 79.35410875393904, 83.1732909361048, 83.2497958882261, 83.98077897300571, 79.17477221444878, 80.9334870795134, 80.65905258581819, 85.83973701629174, 86.26578380703796, 82.34528188645258, 75.7426696482748, 84.41727415105134, 84.93035365817205]
2022-12-13 12:02:52,184 Train INFO: mean test reward2: [0.0, 0.0, 0.0, 0.0, 0.0, 0.0, 0.0, 0.0, 0.0, 0.0, 0.0, 0.0, 0.0, 0.0, 0.0, 0.0, 0.0, 0.0, 0.0, 0.0, 0.0, 0.0, 0.0, 0.0, 0.0, 0.0, 0.0, 0.0, 0.0, 0.0, 0.0, 0.0, 0.0, 0.0, 0.0, 0.0, 0.0, 0.0, 0.0, 0.0, 0.0, 0.0, 0.0, 0.0, 0.0, 0.0, 0.0, 0.0, 0.0, 0.0]
2022-12-13 12:02:52,184 Train INFO: mean test reward3: [0.0, 0.0, 0.0, 0.0, 0.0, 0.0, 0.0, 0.0, 0.0, 0.0, 0.0, 0.0, 0.0, 0.0, 0.0, 0.0, 0.0, 0.0, 0.0, 0.0, 0.0, 0.0, 0.0, 0.0, 0.0, 0.0, 0.0, 0.0, 0.0, 0.0, 0.0, 0.0, 0.0, 0.0, 0.0, 0.0, 0.0, 0.0, 0.0, 0.0, 0.0, 0.0, 0.0, 0.0, 0.0, 0.0, 0.0, 0.0, 0.0, 0.0]
2022-12-13 12:02:52,185 Train INFO: mean test reward4: [0.0, 0.0, 0.0, 0.0, 0.0, 0.0, 0.0, 0.0, 0.0, 0.0, 0.0, 0.0, 0.0, 0.0, 0.0, 0.0, 0.0, 0.0, 0.0, 0.0, 0.0, 0.0, 0.0, 0.0, 0.0, 0.0, 0.0, 0.0, 0.0, 0.0, 0.0, 0.0, 0.0, 0.0, 0.0, 0.0, 0.0, 0.0, 0.0, 0.0, 0.0, 0.0, 0.0, 0.0, 0.0, 0.0, 0.0, 0.0, 0.0, 0.0]
2022-12-13 12:02:52,185 Train INFO: mean test reward: 81.6938,0.0000,0.0000,0.0000
2022-12-13 12:02:52,186 Train INFO: test seed: 2************************************
2022-12-13 12:02:54,170 Train INFO: mean test reward1: [80.81857693336971, 77.4362177231782, 75.36108509928751, 74.17293736514593, 79.17048396977208, 76.77430937986014, 76.90190433824232, 75.74416589404001, 81.60542359712001, 77.9209456957932, 79.17048396977209, 81.27106694277174, 80.84464838660928, 77.18630321878672, 78.18749399925316, 71.78197982125724, 78.1332418022737, 74.34272333311281, 75.64205211312128, 82.48014547316242, 78.14483311805729, 77.83774079346001, 78.70820357306411, 76.61511600737178, 75.17889677251992, 82.22635235261782, 78.80192719396777, 76.99879981846664, 72.05691142566292, 77.61469279157328, 76.4102342365513, 82.2942808153857, 73.6634166863705, 76.13293403768513, 82.19435291078021, 74.87264386830003, 80.85698212739213, 78.01494555296964, 79.16422470847125, 73.74928190656321, 81.12337112498118, 76.43502694271176, 78.10252246972453, 76.85475082294109, 81.33980286130944, 79.2002760955032, 77.28372342375967, 77.22195218507058, 80.17700680472129, 83.60074478874918]
2022-12-13 12:02:54,171 Train INFO: mean test reward2: [0.0, 0.0, 0.0, 0.0, 0.0, 0.0, 0.0, 0.0, 0.0, 0.0, 0.0, 0.0, 0.0, 0.0, 0.0, 0.0, 0.0, 0.0, 0.0, 0.0, 0.0, 0.0, 0.0, 0.0, 0.0, 0.0, 0.0, 0.0, 0.0, 0.0, 0.0, 0.0, 0.0, 0.0, 0.0, 0.0, 0.0, 0.0, 0.0, 0.0, 0.0, 0.0, 0.0, 0.0, 0.0, 0.0, 0.0, 0.0, 0.0, 0.0]
2022-12-13 12:02:54,172 Train INFO: mean test reward3: [0.0, 0.0, 0.0, 0.0, 0.0, 0.0, 0.0, 0.0, 0.0, 0.0, 0.0, 0.0, 0.0, 0.0, 0.0, 0.0, 0.0, 0.0, 0.0, 0.0, 0.0, 0.0, 0.0, 0.0, 0.0, 0.0, 0.0, 0.0, 0.0, 0.0, 0.0, 0.0, 0.0, 0.0, 0.0, 0.0, 0.0, 0.0, 0.0, 0.0, 0.0, 0.0, 0.0, 0.0, 0.0, 0.0, 0.0, 0.0, 0.0, 0.0]
2022-12-13 12:02:54,172 Train INFO: mean test reward4: [0.0, 0.0, 0.0, 0.0, 0.0, 0.0, 0.0, 0.0, 0.0, 0.0, 0.0, 0.0, 0.0, 0.0, 0.0, 0.0, 0.0, 0.0, 0.0, 0.0, 0.0, 0.0, 0.0, 0.0, 0.0, 0.0, 0.0, 0.0, 0.0, 0.0, 0.0, 0.0, 0.0, 0.0, 0.0, 0.0, 0.0, 0.0, 0.0, 0.0, 0.0, 0.0, 0.0, 0.0, 0.0, 0.0, 0.0, 0.0, 0.0, 0.0]
2022-12-13 12:02:54,172 Train INFO: mean test reward: 77.9564,0.0000,0.0000,0.0000
2022-12-13 12:02:54,173 Train INFO: test seed: 3************************************
2022-12-13 12:02:56,246 Train INFO: mean test reward1: [85.6554200793616, 83.1093475653235, 78.66096329099665, 82.2524238058574, 79.64507406493313, 80.39668297592019, 81.96257929828089, 82.155093561519, 81.34790980408391, 80.40155433972522, 82.01555138597189, 80.15150292366688, 81.48755273626058, 78.58790331159398, 85.10856352890369, 78.21102686368344, 84.99588218774868, 80.15150292366688, 83.55889186399857, 86.03471300630213, 81.0560169254404, 85.29512440116561, 82.15743598343981, 83.91713988169022, 79.97414640948791, 83.77706522121971, 81.18295537644339, 79.89770980312228, 78.13324180227372, 77.61469279157329, 83.5540225076524, 86.34554782136978, 80.181295049398, 79.64824150619228, 84.39489741811045, 79.17906045912548, 83.55402250765242, 83.11672799102816, 84.21638209510715, 83.44041946403415, 78.86872369965758, 79.39644518838051, 80.55379931777185, 79.3412399984743, 83.43938234527002, 82.77203835180592, 82.3028573047391, 84.98324416750008, 87.05921393216303, 82.05722361368134]
2022-12-13 12:02:56,246 Train INFO: mean test reward2: [0.0, 0.0, 0.0, 0.0, 0.0, 0.0, 0.0, 0.0, 0.0, 0.0, 0.0, 0.0, 0.0, 0.0, 0.0, 0.0, 0.0, 0.0, 0.0, 0.0, 0.0, 0.0, 0.0, 0.0, 0.0, 0.0, 0.0, 0.0, 0.0, 0.0, 0.0, 0.0, 0.0, 0.0, 0.0, 0.0, 0.0, 0.0, 0.0, 0.0, 0.0, 0.0, 0.0, 0.0, 0.0, 0.0, 0.0, 0.0, 0.0, 0.0]
2022-12-13 12:02:56,246 Train INFO: mean test reward3: [0.0, 0.0, 0.0, 0.0, 0.0, 0.0, 0.0, 0.0, 0.0, 0.0, 0.0, 0.0, 0.0, 0.0, 0.0, 0.0, 0.0, 0.0, 0.0, 0.0, 0.0, 0.0, 0.0, 0.0, 0.0, 0.0, 0.0, 0.0, 0.0, 0.0, 0.0, 0.0, 0.0, 0.0, 0.0, 0.0, 0.0, 0.0, 0.0, 0.0, 0.0, 0.0, 0.0, 0.0, 0.0, 0.0, 0.0, 0.0, 0.0, 0.0]
2022-12-13 12:02:56,246 Train INFO: mean test reward4: [0.0, 0.0, 0.0, 0.0, 0.0, 0.0, 0.0, 0.0, 0.0, 0.0, 0.0, 0.0, 0.0, 0.0, 0.0, 0.0, 0.0, 0.0, 0.0, 0.0, 0.0, 0.0, 0.0, 0.0, 0.0, 0.0, 0.0, 0.0, 0.0, 0.0, 0.0, 0.0, 0.0, 0.0, 0.0, 0.0, 0.0, 0.0, 0.0, 0.0, 0.0, 0.0, 0.0, 0.0, 0.0, 0.0, 0.0, 0.0, 0.0, 0.0]
2022-12-13 12:02:56,247 Train INFO: mean test reward: 81.9460,0.0000,0.0000,0.0000
2022-12-13 12:02:56,247 Train INFO: test seed: 4************************************
2022-12-13 12:02:58,274 Train INFO: mean test reward1: [81.4953692678382, 78.20460793568037, 77.93288724443988, 81.29690873301702, 80.12283160135333, 74.64219680478409, 82.6495085058789, 84.10400620622379, 74.04797497791029, 84.01880699745136, 83.46487953528249, 78.6183024098008, 81.56758597528278, 80.65905258581822, 81.36426293255776, 76.34523014416565, 81.32240592302949, 80.6590525858182, 81.39405505828888, 83.90450186144159, 85.10856352890369, 81.9563630429365, 82.9455692687998, 83.43938234527002, 78.16929318930563, 80.56106314033357, 80.37117909486578, 83.13612197012039, 80.12704285241855, 77.63531243928186, 80.36689085018908, 84.51012814686885, 80.41732434907078, 81.14570756477643, 83.2159979142882, 80.34567521381138, 80.31692689788633, 80.02905340693394, 83.701751955168, 81.76375506816011, 80.64561358856096, 80.65476434114149, 84.68180706355037, 77.6597725105302, 82.64950850587888, 85.6629095991386, 78.01758839253823, 80.39182046801638, 80.56210695013964, 85.83973701629174]
2022-12-13 12:02:58,274 Train INFO: mean test reward2: [0.0, 0.0, 0.0, 0.0, 0.0, 0.0, 0.0, 0.0, 0.0, 0.0, 0.0, 0.0, 0.0, 0.0, 0.0, 0.0, 0.0, 0.0, 0.0, 0.0, 0.0, 0.0, 0.0, 0.0, 0.0, 0.0, 0.0, 0.0, 0.0, 0.0, 0.0, 0.0, 0.0, 0.0, 0.0, 0.0, 0.0, 0.0, 0.0, 0.0, 0.0, 0.0, 0.0, 0.0, 0.0, 0.0, 0.0, 0.0, 0.0, 0.0]
2022-12-13 12:02:58,274 Train INFO: mean test reward3: [0.0, 0.0, 0.0, 0.0, 0.0, 0.0, 0.0, 0.0, 0.0, 0.0, 0.0, 0.0, 0.0, 0.0, 0.0, 0.0, 0.0, 0.0, 0.0, 0.0, 0.0, 0.0, 0.0, 0.0, 0.0, 0.0, 0.0, 0.0, 0.0, 0.0, 0.0, 0.0, 0.0, 0.0, 0.0, 0.0, 0.0, 0.0, 0.0, 0.0, 0.0, 0.0, 0.0, 0.0, 0.0, 0.0, 0.0, 0.0, 0.0, 0.0]
2022-12-13 12:02:58,274 Train INFO: mean test reward4: [0.0, 0.0, 0.0, 0.0, 0.0, 0.0, 0.0, 0.0, 0.0, 0.0, 0.0, 0.0, 0.0, 0.0, 0.0, 0.0, 0.0, 0.0, 0.0, 0.0, 0.0, 0.0, 0.0, 0.0, 0.0, 0.0, 0.0, 0.0, 0.0, 0.0, 0.0, 0.0, 0.0, 0.0, 0.0, 0.0, 0.0, 0.0, 0.0, 0.0, 0.0, 0.0, 0.0, 0.0, 0.0, 0.0, 0.0, 0.0, 0.0, 0.0]
2022-12-13 12:02:58,275 Train INFO: mean test reward: 81.0769,0.0000,0.0000,0.0000
2022-12-13 12:02:58,275 Train INFO: test seed: 5************************************
2022-12-13 12:03:00,158 Train INFO: mean test reward1: [79.38390087967015, 80.06408677026849, 80.14953190704276, 77.4656772139972, 82.07507419076575, 80.43022566203878, 79.17581602425486, 79.18167286480761, 79.09605994622099, 80.8446483866093, 83.91713988169022, 83.0261138688204, 80.79468443430653, 83.2497958882261, 79.87220592206788, 76.05195504610144, 82.52303960145485, 79.44538111095892, 82.2687769343313, 84.71195246039377, 79.92321368417669, 84.80901586321511, 80.84848299248152, 81.05601692544039, 78.42349593837383, 82.64950850587888, 82.67002951863022, 77.11592400820406, 78.38896936050453, 73.79101164475267, 80.3525758641702, 80.848936631286, 79.5342948406606, 81.91023132821576, 84.64831336907827, 79.47721786741369, 79.78920540916339, 75.87308199515532, 83.08055321590892, 78.35920302088213, 78.09349413779955, 78.38366309213048, 79.14602389852374, 81.65213642351019, 80.48123342414759, 83.19879481715924, 77.68956463626131, 79.16422470847127, 80.48123342414759, 84.33991478059686]
2022-12-13 12:03:00,163 Train INFO: mean test reward2: [0.0, 0.0, 0.0, 0.0, 0.0, 0.0, 0.0, 0.0, 0.0, 0.0, 0.0, 0.0, 0.0, 0.0, 0.0, 0.0, 0.0, 0.0, 0.0, 0.0, 0.0, 0.0, 0.0, 0.0, 0.0, 0.0, 0.0, 0.0, 0.0, 0.0, 0.0, 0.0, 0.0, 0.0, 0.0, 0.0, 0.0, 0.0, 0.0, 0.0, 0.0, 0.0, 0.0, 0.0, 0.0, 0.0, 0.0, 0.0, 0.0, 0.0]
2022-12-13 12:03:00,163 Train INFO: mean test reward3: [0.0, 0.0, 0.0, 0.0, 0.0, 0.0, 0.0, 0.0, 0.0, 0.0, 0.0, 0.0, 0.0, 0.0, 0.0, 0.0, 0.0, 0.0, 0.0, 0.0, 0.0, 0.0, 0.0, 0.0, 0.0, 0.0, 0.0, 0.0, 0.0, 0.0, 0.0, 0.0, 0.0, 0.0, 0.0, 0.0, 0.0, 0.0, 0.0, 0.0, 0.0, 0.0, 0.0, 0.0, 0.0, 0.0, 0.0, 0.0, 0.0, 0.0]
2022-12-13 12:03:00,163 Train INFO: mean test reward4: [0.0, 0.0, 0.0, 0.0, 0.0, 0.0, 0.0, 0.0, 0.0, 0.0, 0.0, 0.0, 0.0, 0.0, 0.0, 0.0, 0.0, 0.0, 0.0, 0.0, 0.0, 0.0, 0.0, 0.0, 0.0, 0.0, 0.0, 0.0, 0.0, 0.0, 0.0, 0.0, 0.0, 0.0, 0.0, 0.0, 0.0, 0.0, 0.0, 0.0, 0.0, 0.0, 0.0, 0.0, 0.0, 0.0, 0.0, 0.0, 0.0, 0.0]
2022-12-13 12:03:00,163 Train INFO: mean test reward: 80.3981,0.0000,0.0000,0.0000
2022-12-13 12:03:00,164 Train INFO: test seed: 6************************************
2022-12-13 12:03:02,218 Train INFO: mean test reward1: [80.15579116834358, 80.16785605214078, 79.34123999847431, 77.64157170058269, 75.38216454707546, 76.63170282105435, 77.9805299472554, 76.90900301992052, 76.67678254001129, 78.39974704201944, 81.62037328115495, 77.28383005863559, 82.64950850587888, 74.66693965803245, 75.68841745129535, 71.65915364501262, 81.29412715368339, 81.35219804876058, 81.03453243207709, 83.08113432757835, 79.36570006972264, 79.95246812561858, 80.18129504939799, 81.51333377830333, 71.44288827625411, 76.14906105128834, 77.06664612312198, 78.91669084922748, 73.53039390386976, 76.92720382986805, 77.60552031355077, 83.60491675780432, 75.65946474594163, 77.19568705320106, 80.8701522676637, 72.55430925425672, 78.0303896971399, 80.66485820831456, 78.69075541672775, 78.0223293018748, 79.09605994622099, 70.11859418138064, 79.67177437062256, 76.67678254001129, 79.64928531599834, 82.7465344707515, 76.55572962492997, 76.592131244825, 83.4903834163369, 79.20027609550318]
2022-12-13 12:03:02,218 Train INFO: mean test reward2: [0.0, 0.0, 0.0, 0.0, 0.0, 0.0, 0.0, 0.0, 0.0, 0.0, 0.0, 0.0, 0.0, 0.0, 0.0, 0.0, 0.0, 0.0, 0.0, 0.0, 0.0, 0.0, 0.0, 0.0, 0.0, 0.0, 0.0, 0.0, 0.0, 0.0, 0.0, 0.0, 0.0, 0.0, 0.0, 0.0, 0.0, 0.0, 0.0, 0.0, 0.0, 0.0, 0.0, 0.0, 0.0, 0.0, 0.0, 0.0, 0.0, 0.0]
2022-12-13 12:03:02,219 Train INFO: mean test reward3: [0.0, 0.0, 0.0, 0.0, 0.0, 0.0, 0.0, 0.0, 0.0, 0.0, 0.0, 0.0, 0.0, 0.0, 0.0, 0.0, 0.0, 0.0, 0.0, 0.0, 0.0, 0.0, 0.0, 0.0, 0.0, 0.0, 0.0, 0.0, 0.0, 0.0, 0.0, 0.0, 0.0, 0.0, 0.0, 0.0, 0.0, 0.0, 0.0, 0.0, 0.0, 0.0, 0.0, 0.0, 0.0, 0.0, 0.0, 0.0, 0.0, 0.0]
2022-12-13 12:03:02,219 Train INFO: mean test reward4: [0.0, 0.0, 0.0, 0.0, 0.0, 0.0, 0.0, 0.0, 0.0, 0.0, 0.0, 0.0, 0.0, 0.0, 0.0, 0.0, 0.0, 0.0, 0.0, 0.0, 0.0, 0.0, 0.0, 0.0, 0.0, 0.0, 0.0, 0.0, 0.0, 0.0, 0.0, 0.0, 0.0, 0.0, 0.0, 0.0, 0.0, 0.0, 0.0, 0.0, 0.0, 0.0, 0.0, 0.0, 0.0, 0.0, 0.0, 0.0, 0.0, 0.0]
2022-12-13 12:03:02,219 Train INFO: mean test reward: 78.2272,0.0000,0.0000,0.0000
2022-12-13 12:03:02,220 Train INFO: test seed: 7************************************
2022-12-13 12:03:04,182 Train INFO: mean test reward1: [78.91043158792667, 79.17048396977209, 78.66629534547944, 80.60805151475131, 73.52164930860393, 77.62372112349827, 77.68330537496048, 78.27131067033716, 80.84893663128598, 79.16735787878875, 78.91669084922748, 77.91468643449235, 77.87179262420857, 77.50206123594124, 77.6597725105302, 72.8765958087289, 78.31686658644067, 76.03198834376309, 78.95192860199073, 80.49353976714133, 77.36427150171652, 79.17581602425486, 79.67061929626334, 82.55665042528369, 74.7872399195026, 77.20450402873423, 82.12101875537743, 79.89342155844558, 74.74504890991788, 78.38366309213048, 76.7518987178073, 80.9498402079873, 81.52087314889262, 77.75308949827374, 82.29428081538572, 74.7872399195026, 78.59279852874639, 79.64198224489145, 82.19227198221002, 76.27842942606378, 78.03038969713991, 77.17532367175396, 80.17700680472129, 77.67136382631382, 81.50120744783781, 82.6495085058789, 73.4439822370321, 77.22476103707507, 83.27499548981471, 81.56329773060608]
2022-12-13 12:03:04,182 Train INFO: mean test reward2: [0.0, 0.0, 0.0, 0.0, 0.0, 0.0, 0.0, 0.0, 0.0, 0.0, 0.0, 0.0, 0.0, 0.0, 0.0, 0.0, 0.0, 0.0, 0.0, 0.0, 0.0, 0.0, 0.0, 0.0, 0.0, 0.0, 0.0, 0.0, 0.0, 0.0, 0.0, 0.0, 0.0, 0.0, 0.0, 0.0, 0.0, 0.0, 0.0, 0.0, 0.0, 0.0, 0.0, 0.0, 0.0, 0.0, 0.0, 0.0, 0.0, 0.0]
2022-12-13 12:03:04,182 Train INFO: mean test reward3: [0.0, 0.0, 0.0, 0.0, 0.0, 0.0, 0.0, 0.0, 0.0, 0.0, 0.0, 0.0, 0.0, 0.0, 0.0, 0.0, 0.0, 0.0, 0.0, 0.0, 0.0, 0.0, 0.0, 0.0, 0.0, 0.0, 0.0, 0.0, 0.0, 0.0, 0.0, 0.0, 0.0, 0.0, 0.0, 0.0, 0.0, 0.0, 0.0, 0.0, 0.0, 0.0, 0.0, 0.0, 0.0, 0.0, 0.0, 0.0, 0.0, 0.0]
2022-12-13 12:03:04,182 Train INFO: mean test reward4: [0.0, 0.0, 0.0, 0.0, 0.0, 0.0, 0.0, 0.0, 0.0, 0.0, 0.0, 0.0, 0.0, 0.0, 0.0, 0.0, 0.0, 0.0, 0.0, 0.0, 0.0, 0.0, 0.0, 0.0, 0.0, 0.0, 0.0, 0.0, 0.0, 0.0, 0.0, 0.0, 0.0, 0.0, 0.0, 0.0, 0.0, 0.0, 0.0, 0.0, 0.0, 0.0, 0.0, 0.0, 0.0, 0.0, 0.0, 0.0, 0.0, 0.0]
2022-12-13 12:03:04,182 Train INFO: mean test reward: 78.6077,0.0000,0.0000,0.0000
2022-12-13 12:03:04,183 Train INFO: test seed: 8************************************
2022-12-13 12:03:06,205 Train INFO: mean test reward1: [76.59213124482498, 77.75308949827374, 81.99005419595942, 78.89223077797915, 77.92094569579318, 78.29240651519233, 76.62253034303184, 75.68841745129535, 76.21763518578351, 80.60376327007461, 78.22354538628508, 80.10050185259999, 78.23011181673478, 80.37746414227533, 77.6597725105302, 73.54098892109948, 77.60552031355077, 79.17477221444878, 83.91713988169022, 81.08982843886258, 78.89223077797914, 77.89732504492224, 81.36113684157444, 80.54425637305523, 72.55430925425671, 75.4025512656961, 80.3408193969495, 77.14122349982979, 75.45555716139027, 76.63170282105436, 77.68840956190209, 81.36426293255778, 73.91023526729396, 76.60640332942862, 81.92796391319114, 74.43471917812317, 80.3668908501891, 75.85315762172658, 77.18630321878672, 78.61830240980079, 79.9567563702953, 76.50107500720246, 75.60728634530652, 76.65858173006376, 80.29246682663799, 74.97479317273476, 76.10398133233141, 81.8543542097608, 79.1790604591255, 84.51812465132848]
2022-12-13 12:03:06,206 Train INFO: mean test reward2: [0.0, 0.0, 0.0, 0.0, 0.0, 0.0, 0.0, 0.0, 0.0, 0.0, 0.0, 0.0, 0.0, 0.0, 0.0, 0.0, 0.0, 0.0, 0.0, 0.0, 0.0, 0.0, 0.0, 0.0, 0.0, 0.0, 0.0, 0.0, 0.0, 0.0, 0.0, 0.0, 0.0, 0.0, 0.0, 0.0, 0.0, 0.0, 0.0, 0.0, 0.0, 0.0, 0.0, 0.0, 0.0, 0.0, 0.0, 0.0, 0.0, 0.0]
2022-12-13 12:03:06,206 Train INFO: mean test reward3: [0.0, 0.0, 0.0, 0.0, 0.0, 0.0, 0.0, 0.0, 0.0, 0.0, 0.0, 0.0, 0.0, 0.0, 0.0, 0.0, 0.0, 0.0, 0.0, 0.0, 0.0, 0.0, 0.0, 0.0, 0.0, 0.0, 0.0, 0.0, 0.0, 0.0, 0.0, 0.0, 0.0, 0.0, 0.0, 0.0, 0.0, 0.0, 0.0, 0.0, 0.0, 0.0, 0.0, 0.0, 0.0, 0.0, 0.0, 0.0, 0.0, 0.0]
2022-12-13 12:03:06,206 Train INFO: mean test reward4: [0.0, 0.0, 0.0, 0.0, 0.0, 0.0, 0.0, 0.0, 0.0, 0.0, 0.0, 0.0, 0.0, 0.0, 0.0, 0.0, 0.0, 0.0, 0.0, 0.0, 0.0, 0.0, 0.0, 0.0, 0.0, 0.0, 0.0, 0.0, 0.0, 0.0, 0.0, 0.0, 0.0, 0.0, 0.0, 0.0, 0.0, 0.0, 0.0, 0.0, 0.0, 0.0, 0.0, 0.0, 0.0, 0.0, 0.0, 0.0, 0.0, 0.0]
2022-12-13 12:03:06,206 Train INFO: mean test reward: 78.2063,0.0000,0.0000,0.0000
2022-12-13 12:03:06,206 Train INFO: test seed: 9************************************
2022-12-13 12:03:08,452 Train INFO: mean test reward1: [84.64981209827835, 80.87015226766368, 86.02660334082529, 82.4423078513252, 84.26768861844567, 84.62280948802386, 86.84174530319646, 83.12726604229908, 80.12704285241854, 85.42750800944815, 84.88131140833256, 83.98077897300571, 86.55262696049645, 83.98077897300573, 82.31977800539818, 80.54854461773192, 85.33647559881713, 84.64220185320161, 86.32804044477498, 86.87234760762946, 81.66447016429302, 82.94909959520623, 81.43674849698799, 89.50327043039425, 78.8931837709059, 81.6266325424558, 83.28763351006333, 82.77203835180592, 75.42724426603237, 87.17331399726223, 85.63791270276681, 89.30117260540439, 82.44201026290133, 82.33698779356908, 83.91713988169022, 83.90914337723059, 83.29250286640948, 84.5739950787415, 86.00909596423053, 86.44072178593001, 83.0762649712322, 78.89851582538869, 83.25896218774977, 82.83196622518156, 84.33125832679491, 88.77586603696203, 81.14887500603558, 87.25133508229837, 84.15987663363681, 84.39976677445655]
2022-12-13 12:03:08,453 Train INFO: mean test reward2: [0.0, 0.0, 0.0, 0.0, 0.0, 0.0, 0.0, 0.0, 0.0, 0.0, 0.0, 0.0, 0.0, 0.0, 0.0, 0.0, 0.0, 0.0, 0.0, 0.0, 0.0, 0.0, 0.0, 0.0, 0.0, 0.0, 0.0, 0.0, 0.0, 0.0, 0.0, 0.0, 0.0, 0.0, 0.0, 0.0, 0.0, 0.0, 0.0, 0.0, 0.0, 0.0, 0.0, 0.0, 0.0, 0.0, 0.0, 0.0, 0.0, 0.0]
2022-12-13 12:03:08,453 Train INFO: mean test reward3: [0.0, 0.0, 0.0, 0.0, 0.0, 0.0, 0.0, 0.0, 0.0, 0.0, 0.0, 0.0, 0.0, 0.0, 0.0, 0.0, 0.0, 0.0, 0.0, 0.0, 0.0, 0.0, 0.0, 0.0, 0.0, 0.0, 0.0, 0.0, 0.0, 0.0, 0.0, 0.0, 0.0, 0.0, 0.0, 0.0, 0.0, 0.0, 0.0, 0.0, 0.0, 0.0, 0.0, 0.0, 0.0, 0.0, 0.0, 0.0, 0.0, 0.0]
2022-12-13 12:03:08,453 Train INFO: mean test reward4: [0.0, 0.0, 0.0, 0.0, 0.0, 0.0, 0.0, 0.0, 0.0, 0.0, 0.0, 0.0, 0.0, 0.0, 0.0, 0.0, 0.0, 0.0, 0.0, 0.0, 0.0, 0.0, 0.0, 0.0, 0.0, 0.0, 0.0, 0.0, 0.0, 0.0, 0.0, 0.0, 0.0, 0.0, 0.0, 0.0, 0.0, 0.0, 0.0, 0.0, 0.0, 0.0, 0.0, 0.0, 0.0, 0.0, 0.0, 0.0, 0.0, 0.0]
2022-12-13 12:03:08,453 Train INFO: mean test reward: 83.8915,0.0000,0.0000,0.0000
2022-12-13 12:03:08,453 Train INFO: test seed: 10************************************
2022-12-13 12:03:10,641 Train INFO: mean test reward1: [85.43419895098079, 82.15509356151898, 85.72237672139899, 81.89012629135391, 85.56627710699169, 81.964550314905, 86.58145639574283, 85.84162645455284, 83.81164378084642, 82.598507434812, 85.84997745608315, 84.71685516991097, 85.40811119459227, 84.84403061640467, 78.86243865224802, 78.88063946219555, 86.0266033408253, 84.90372149444454, 84.09067079868412, 88.75837388089222, 86.2713628379912, 88.0230516234096, 79.18010426893154, 80.31692689788635, 81.90536197186961, 89.30044568489336, 84.72852934464714, 85.18085907402114, 76.27133074438558, 83.47125829423031, 81.60113535244331, 86.97007095979313, 83.8710081669695, 81.50827727184814, 87.75027869266104, 83.98077897300574, 81.74097511641429, 83.92300682001554, 84.38225939786179, 84.20869104291917, 83.79947530733168, 82.82303942287278, 86.14117412024143, 79.88716229714477, 84.60530211142908, 86.44025107161308, 79.47471058919838, 81.15316325071228, 83.5540225076524, 87.04170655556825]
2022-12-13 12:03:10,641 Train INFO: mean test reward2: [0.0, 0.0, 0.0, 0.0, 0.0, 0.0, 0.0, 0.0, 0.0, 0.0, 0.0, 0.0, 0.0, 0.0, 0.0, 0.0, 0.0, 0.0, 0.0, 0.0, 0.0, 0.0, 0.0, 0.0, 0.0, 0.0, 0.0, 0.0, 0.0, 0.0, 0.0, 0.0, 0.0, 0.0, 0.0, 0.0, 0.0, 0.0, 0.0, 0.0, 0.0, 0.0, 0.0, 0.0, 0.0, 0.0, 0.0, 0.0, 0.0, 0.0]
2022-12-13 12:03:10,641 Train INFO: mean test reward3: [0.0, 0.0, 0.0, 0.0, 0.0, 0.0, 0.0, 0.0, 0.0, 0.0, 0.0, 0.0, 0.0, 0.0, 0.0, 0.0, 0.0, 0.0, 0.0, 0.0, 0.0, 0.0, 0.0, 0.0, 0.0, 0.0, 0.0, 0.0, 0.0, 0.0, 0.0, 0.0, 0.0, 0.0, 0.0, 0.0, 0.0, 0.0, 0.0, 0.0, 0.0, 0.0, 0.0, 0.0, 0.0, 0.0, 0.0, 0.0, 0.0, 0.0]
2022-12-13 12:03:10,641 Train INFO: mean test reward4: [0.0, 0.0, 0.0, 0.0, 0.0, 0.0, 0.0, 0.0, 0.0, 0.0, 0.0, 0.0, 0.0, 0.0, 0.0, 0.0, 0.0, 0.0, 0.0, 0.0, 0.0, 0.0, 0.0, 0.0, 0.0, 0.0, 0.0, 0.0, 0.0, 0.0, 0.0, 0.0, 0.0, 0.0, 0.0, 0.0, 0.0, 0.0, 0.0, 0.0, 0.0, 0.0, 0.0, 0.0, 0.0, 0.0, 0.0, 0.0, 0.0, 0.0]
2022-12-13 12:03:10,641 Train INFO: mean test reward: 83.8683,0.0000,0.0000,0.0000
2022-12-13 12:03:10,642 Train INFO: test seed: 11************************************
2022-12-13 12:03:12,666 Train INFO: mean test reward1: [78.6970146780286, 79.17048396977208, 75.76084835202326, 74.66034776181951, 78.64276248104913, 76.4102342365513, 75.93676494480782, 80.60058913777353, 78.34100221093463, 82.02789181779663, 75.40983163321202, 81.17437888708999, 78.6365032197483, 78.16929318930565, 76.8568246192854, 75.61296421695005, 80.34243077894075, 78.17136698564997, 75.80916998642564, 81.2459009709082, 82.46781173237962, 79.65252975086898, 73.27612603951266, 82.16773158176761, 73.4108593407527, 77.13205102180726, 78.86243865224804, 74.41859216451999, 74.76979176316625, 74.33610510467568, 80.58656702138798, 74.43471917812319, 79.23006822123429, 77.69582389756214, 80.10153897136414, 77.4209301299524, 78.67255460678025, 76.13293403768515, 77.6597725105302, 78.12622988736172, 80.62926046008708, 76.61375643121289, 78.79566793266693, 76.74386042874123, 83.55402250765242, 78.39525440791407, 73.02163892344741, 77.47226911021014, 75.65946474594165, 82.8628050553777]
2022-12-13 12:03:12,666 Train INFO: mean test reward2: [0.0, 0.0, 0.0, 0.0, 0.0, 0.0, 0.0, 0.0, 0.0, 0.0, 0.0, 0.0, 0.0, 0.0, 0.0, 0.0, 0.0, 0.0, 0.0, 0.0, 0.0, 0.0, 0.0, 0.0, 0.0, 0.0, 0.0, 0.0, 0.0, 0.0, 0.0, 0.0, 0.0, 0.0, 0.0, 0.0, 0.0, 0.0, 0.0, 0.0, 0.0, 0.0, 0.0, 0.0, 0.0, 0.0, 0.0, 0.0, 0.0, 0.0]
2022-12-13 12:03:12,666 Train INFO: mean test reward3: [0.0, 0.0, 0.0, 0.0, 0.0, 0.0, 0.0, 0.0, 0.0, 0.0, 0.0, 0.0, 0.0, 0.0, 0.0, 0.0, 0.0, 0.0, 0.0, 0.0, 0.0, 0.0, 0.0, 0.0, 0.0, 0.0, 0.0, 0.0, 0.0, 0.0, 0.0, 0.0, 0.0, 0.0, 0.0, 0.0, 0.0, 0.0, 0.0, 0.0, 0.0, 0.0, 0.0, 0.0, 0.0, 0.0, 0.0, 0.0, 0.0, 0.0]
2022-12-13 12:03:12,666 Train INFO: mean test reward4: [0.0, 0.0, 0.0, 0.0, 0.0, 0.0, 0.0, 0.0, 0.0, 0.0, 0.0, 0.0, 0.0, 0.0, 0.0, 0.0, 0.0, 0.0, 0.0, 0.0, 0.0, 0.0, 0.0, 0.0, 0.0, 0.0, 0.0, 0.0, 0.0, 0.0, 0.0, 0.0, 0.0, 0.0, 0.0, 0.0, 0.0, 0.0, 0.0, 0.0, 0.0, 0.0, 0.0, 0.0, 0.0, 0.0, 0.0, 0.0, 0.0, 0.0]
2022-12-13 12:03:12,667 Train INFO: mean test reward: 77.9196,0.0000,0.0000,0.0000
2022-12-13 12:03:12,667 Train INFO: test seed: 12************************************
2022-12-13 12:03:14,785 Train INFO: mean test reward1: [79.32338942138989, 78.19908531503674, 81.62663254245578, 84.41727415105136, 83.67655235357942, 81.64727391560639, 79.67803363192338, 80.15150292366688, 81.32240592302949, 82.38311950828981, 80.15150292366688, 79.66748612594586, 85.70954829854196, 83.17329093610482, 78.69701467802858, 76.54139923704298, 84.98324416750005, 76.7613085850776, 83.2497958882261, 85.83973701629175, 82.72961377009243, 81.8675243500324, 83.07626497123222, 82.598507434812, 79.14602389852374, 83.52883475953463, 80.01549107452621, 78.69701467802858, 79.83916936146613, 77.36427150171652, 79.09605994622099, 82.17175096945869, 83.50754697652599, 85.54018935060316, 81.83576120767715, 83.88861827970159, 82.80987597364313, 79.85737017141366, 83.5540225076524, 81.48782989724893, 81.29690873301702, 80.10016394340914, 81.84202046897799, 80.8701522676637, 83.89163600063581, 87.45084059466357, 76.70780904170933, 82.78437209258873, 80.14833548240775, 82.58586941456339]
2022-12-13 12:03:14,792 Train INFO: mean test reward2: [0.0, 0.0, 0.0, 0.0, 0.0, 0.0, 0.0, 0.0, 0.0, 0.0, 0.0, 0.0, 0.0, 0.0, 0.0, 0.0, 0.0, 0.0, 0.0, 0.0, 0.0, 0.0, 0.0, 0.0, 0.0, 0.0, 0.0, 0.0, 0.0, 0.0, 0.0, 0.0, 0.0, 0.0, 0.0, 0.0, 0.0, 0.0, 0.0, 0.0, 0.0, 0.0, 0.0, 0.0, 0.0, 0.0, 0.0, 0.0, 0.0, 0.0]
2022-12-13 12:03:14,793 Train INFO: mean test reward3: [0.0, 0.0, 0.0, 0.0, 0.0, 0.0, 0.0, 0.0, 0.0, 0.0, 0.0, 0.0, 0.0, 0.0, 0.0, 0.0, 0.0, 0.0, 0.0, 0.0, 0.0, 0.0, 0.0, 0.0, 0.0, 0.0, 0.0, 0.0, 0.0, 0.0, 0.0, 0.0, 0.0, 0.0, 0.0, 0.0, 0.0, 0.0, 0.0, 0.0, 0.0, 0.0, 0.0, 0.0, 0.0, 0.0, 0.0, 0.0, 0.0, 0.0]
2022-12-13 12:03:14,793 Train INFO: mean test reward4: [0.0, 0.0, 0.0, 0.0, 0.0, 0.0, 0.0, 0.0, 0.0, 0.0, 0.0, 0.0, 0.0, 0.0, 0.0, 0.0, 0.0, 0.0, 0.0, 0.0, 0.0, 0.0, 0.0, 0.0, 0.0, 0.0, 0.0, 0.0, 0.0, 0.0, 0.0, 0.0, 0.0, 0.0, 0.0, 0.0, 0.0, 0.0, 0.0, 0.0, 0.0, 0.0, 0.0, 0.0, 0.0, 0.0, 0.0, 0.0, 0.0, 0.0]
2022-12-13 12:03:14,793 Train INFO: mean test reward: 81.5498,0.0000,0.0000,0.0000
2022-12-13 12:03:14,793 Train INFO: test seed: 13************************************
2022-12-13 12:03:16,725 Train INFO: mean test reward1: [78.2235453862851, 75.62341335890972, 81.5632977306061, 80.32750018997257, 75.48762924964178, 67.6358846516383, 73.29630928495939, 72.15122616745171, 79.59827755388952, 79.66748612594586, 73.30716554508281, 77.58642974912748, 76.24658789113721, 75.89168522585089, 73.01078266332401, 73.27104182401759, 79.00631577194085, 73.658754560605, 78.20747243800602, 79.22651379555688, 77.72768981963758, 77.40189612270048, 77.67722066686656, 78.19868289428867, 78.07838263281853, 81.5489827445872, 73.62315544723323, 75.9367649448078, 77.58671253112752, 73.52164930860393, 76.46448643353077, 80.34138696913467, 77.91468643449238, 73.05621109557241, 79.1397646372229, 73.64789830048159, 78.83555974323863, 77.57864140454136, 78.15144261222123, 75.65236606426342, 73.04638177669578, 77.65642646595109, 78.61204314849996, 76.80615091478674, 77.63415736492264, 79.67374538724668, 70.03852742159216, 72.79848655684349, 80.84464838660928, 81.57529356219806]
2022-12-13 12:03:16,725 Train INFO: mean test reward2: [0.0, 0.0, 0.0, 0.0, 0.0, 0.0, 0.0, 0.0, 0.0, 0.0, 0.0, 0.0, 0.0, 0.0, 0.0, 0.0, 0.0, 0.0, 0.0, 0.0, 0.0, 0.0, 0.0, 0.0, 0.0, 0.0, 0.0, 0.0, 0.0, 0.0, 0.0, 0.0, 0.0, 0.0, 0.0, 0.0, 0.0, 0.0, 0.0, 0.0, 0.0, 0.0, 0.0, 0.0, 0.0, 0.0, 0.0, 0.0, 0.0, 0.0]
2022-12-13 12:03:16,725 Train INFO: mean test reward3: [0.0, 0.0, 0.0, 0.0, 0.0, 0.0, 0.0, 0.0, 0.0, 0.0, 0.0, 0.0, 0.0, 0.0, 0.0, 0.0, 0.0, 0.0, 0.0, 0.0, 0.0, 0.0, 0.0, 0.0, 0.0, 0.0, 0.0, 0.0, 0.0, 0.0, 0.0, 0.0, 0.0, 0.0, 0.0, 0.0, 0.0, 0.0, 0.0, 0.0, 0.0, 0.0, 0.0, 0.0, 0.0, 0.0, 0.0, 0.0, 0.0, 0.0]
2022-12-13 12:03:16,725 Train INFO: mean test reward4: [0.0, 0.0, 0.0, 0.0, 0.0, 0.0, 0.0, 0.0, 0.0, 0.0, 0.0, 0.0, 0.0, 0.0, 0.0, 0.0, 0.0, 0.0, 0.0, 0.0, 0.0, 0.0, 0.0, 0.0, 0.0, 0.0, 0.0, 0.0, 0.0, 0.0, 0.0, 0.0, 0.0, 0.0, 0.0, 0.0, 0.0, 0.0, 0.0, 0.0, 0.0, 0.0, 0.0, 0.0, 0.0, 0.0, 0.0, 0.0, 0.0, 0.0]
2022-12-13 12:03:16,726 Train INFO: mean test reward: 76.6751,0.0000,0.0000,0.0000
2022-12-13 12:03:16,726 Train INFO: test seed: 14************************************
2022-12-13 12:03:18,642 Train INFO: mean test reward1: [73.27612603951268, 79.17048396977208, 81.01007236082874, 77.64157170058269, 76.90190433824233, 73.64789830048159, 76.27039113699776, 77.86753291919112, 80.34567521381138, 80.07928621622229, 74.89744512642065, 76.1052264396194, 82.01977818398025, 78.16303392800482, 74.98208786964678, 69.14427845537912, 77.89732504492223, 78.14241428029624, 80.5946125174941, 78.72680680375969, 79.34123999847431, 78.61830240980079, 74.50746350354406, 81.13252187756169, 73.43560219400105, 76.4102342365513, 78.18749399925315, 76.28783929333409, 74.13267612600865, 75.38216454707549, 75.67691290227799, 80.12599904261249, 78.19908531503674, 79.38138622915204, 80.29246682663799, 70.45354045776891, 82.69553339968463, 79.15796544717043, 81.06003631313148, 75.63116903667202, 74.1260782720271, 75.19114292076858, 73.79101164475266, 75.54684172680345, 78.28081098699668, 77.16068807317916, 76.28263927816914, 78.47845931024723, 79.65252975086896, 79.80603119115591]
2022-12-13 12:03:18,642 Train INFO: mean test reward2: [0.0, 0.0, 0.0, 0.0, 0.0, 0.0, 0.0, 0.0, 0.0, 0.0, 0.0, 0.0, 0.0, 0.0, 0.0, 0.0, 0.0, 0.0, 0.0, 0.0, 0.0, 0.0, 0.0, 0.0, 0.0, 0.0, 0.0, 0.0, 0.0, 0.0, 0.0, 0.0, 0.0, 0.0, 0.0, 0.0, 0.0, 0.0, 0.0, 0.0, 0.0, 0.0, 0.0, 0.0, 0.0, 0.0, 0.0, 0.0, 0.0, 0.0]
2022-12-13 12:03:18,642 Train INFO: mean test reward3: [0.0, 0.0, 0.0, 0.0, 0.0, 0.0, 0.0, 0.0, 0.0, 0.0, 0.0, 0.0, 0.0, 0.0, 0.0, 0.0, 0.0, 0.0, 0.0, 0.0, 0.0, 0.0, 0.0, 0.0, 0.0, 0.0, 0.0, 0.0, 0.0, 0.0, 0.0, 0.0, 0.0, 0.0, 0.0, 0.0, 0.0, 0.0, 0.0, 0.0, 0.0, 0.0, 0.0, 0.0, 0.0, 0.0, 0.0, 0.0, 0.0, 0.0]
2022-12-13 12:03:18,642 Train INFO: mean test reward4: [0.0, 0.0, 0.0, 0.0, 0.0, 0.0, 0.0, 0.0, 0.0, 0.0, 0.0, 0.0, 0.0, 0.0, 0.0, 0.0, 0.0, 0.0, 0.0, 0.0, 0.0, 0.0, 0.0, 0.0, 0.0, 0.0, 0.0, 0.0, 0.0, 0.0, 0.0, 0.0, 0.0, 0.0, 0.0, 0.0, 0.0, 0.0, 0.0, 0.0, 0.0, 0.0, 0.0, 0.0, 0.0, 0.0, 0.0, 0.0, 0.0, 0.0]
2022-12-13 12:03:18,642 Train INFO: mean test reward: 77.3062,0.0000,0.0000,0.0000
2022-12-13 12:03:18,643 Train INFO: test seed: 15************************************
2022-12-13 12:03:20,603 Train INFO: mean test reward1: [74.9243154834699, 79.14602389852374, 77.02265687337261, 78.35920302088213, 77.91019380038698, 74.52951088799188, 75.58517592928561, 74.2875485596038, 79.11285994210483, 76.63997849936817, 79.17477221444878, 79.81229045245674, 83.12383722098407, 77.4478090389618, 77.09359152833534, 73.51371144588649, 77.86960671553545, 78.44950660489351, 79.35410875393904, 77.64157170058269, 79.3412399984743, 70.30649768545447, 78.2049421555895, 77.43738150472757, 77.27962020653024, 78.72054754245886, 75.87176085242217, 78.69846811635824, 73.53845429913486, 77.09599963477534, 78.47845931024725, 78.18749399925316, 74.74504890991787, 71.65185024091045, 80.40576559079044, 76.52885071592057, 78.34100221093462, 77.06836807215477, 78.66096329099665, 75.48354815315709, 71.90228008272739, 75.87176085242216, 80.55379931777186, 75.76890874728838, 77.11344779111168, 73.658754560605, 72.07632078141059, 77.69582389756214, 79.67803363192338, 79.11914498951435]
2022-12-13 12:03:20,603 Train INFO: mean test reward2: [0.0, 0.0, 0.0, 0.0, 0.0, 0.0, 0.0, 0.0, 0.0, 0.0, 0.0, 0.0, 0.0, 0.0, 0.0, 0.0, 0.0, 0.0, 0.0, 0.0, 0.0, 0.0, 0.0, 0.0, 0.0, 0.0, 0.0, 0.0, 0.0, 0.0, 0.0, 0.0, 0.0, 0.0, 0.0, 0.0, 0.0, 0.0, 0.0, 0.0, 0.0, 0.0, 0.0, 0.0, 0.0, 0.0, 0.0, 0.0, 0.0, 0.0]
2022-12-13 12:03:20,603 Train INFO: mean test reward3: [0.0, 0.0, 0.0, 0.0, 0.0, 0.0, 0.0, 0.0, 0.0, 0.0, 0.0, 0.0, 0.0, 0.0, 0.0, 0.0, 0.0, 0.0, 0.0, 0.0, 0.0, 0.0, 0.0, 0.0, 0.0, 0.0, 0.0, 0.0, 0.0, 0.0, 0.0, 0.0, 0.0, 0.0, 0.0, 0.0, 0.0, 0.0, 0.0, 0.0, 0.0, 0.0, 0.0, 0.0, 0.0, 0.0, 0.0, 0.0, 0.0, 0.0]
2022-12-13 12:03:20,603 Train INFO: mean test reward4: [0.0, 0.0, 0.0, 0.0, 0.0, 0.0, 0.0, 0.0, 0.0, 0.0, 0.0, 0.0, 0.0, 0.0, 0.0, 0.0, 0.0, 0.0, 0.0, 0.0, 0.0, 0.0, 0.0, 0.0, 0.0, 0.0, 0.0, 0.0, 0.0, 0.0, 0.0, 0.0, 0.0, 0.0, 0.0, 0.0, 0.0, 0.0, 0.0, 0.0, 0.0, 0.0, 0.0, 0.0, 0.0, 0.0, 0.0, 0.0, 0.0, 0.0]
2022-12-13 12:03:20,603 Train INFO: mean test reward: 77.0097,0.0000,0.0000,0.0000
2022-12-13 12:03:20,604 Train INFO: test seed: 16************************************
2022-12-13 12:03:22,464 Train INFO: mean test reward1: [81.06861280248489, 76.52190414864751, 84.10817817527891, 79.20027609550318, 82.7720383518059, 77.16875539514884, 76.36515451759439, 77.1863032187867, 79.20027609550318, 80.40576559079042, 81.6005610892162, 82.11673051070073, 77.6328936015208, 82.25337361714695, 77.16810240883919, 75.5366882673791, 81.86752435003238, 82.51881280344648, 81.0898284388626, 83.74946921197972, 77.64157170058269, 82.7763265964826, 79.62061399368478, 85.4323773657943, 81.1786671317667, 78.69075541672775, 79.41995226670208, 83.03384038951873, 78.70234673251134, 75.75210375675745, 79.17048396977208, 84.41240479470521, 80.6163591471191, 78.6651402711202, 85.25814906150936, 79.20027609550318, 77.62905317798104, 77.82522227085836, 80.1770068047213, 80.77022436305819, 83.66391433333078, 78.66629534547941, 85.181826809819, 82.8230394228728, 81.296908733017, 83.83814263761575, 77.22195218507056, 77.55983362211812, 82.7720383518059, 84.0325984510058]
2022-12-13 12:03:22,464 Train INFO: mean test reward2: [0.0, 0.0, 0.0, 0.0, 0.0, 0.0, 0.0, 0.0, 0.0, 0.0, 0.0, 0.0, 0.0, 0.0, 0.0, 0.0, 0.0, 0.0, 0.0, 0.0, 0.0, 0.0, 0.0, 0.0, 0.0, 0.0, 0.0, 0.0, 0.0, 0.0, 0.0, 0.0, 0.0, 0.0, 0.0, 0.0, 0.0, 0.0, 0.0, 0.0, 0.0, 0.0, 0.0, 0.0, 0.0, 0.0, 0.0, 0.0, 0.0, 0.0]
2022-12-13 12:03:22,464 Train INFO: mean test reward3: [0.0, 0.0, 0.0, 0.0, 0.0, 0.0, 0.0, 0.0, 0.0, 0.0, 0.0, 0.0, 0.0, 0.0, 0.0, 0.0, 0.0, 0.0, 0.0, 0.0, 0.0, 0.0, 0.0, 0.0, 0.0, 0.0, 0.0, 0.0, 0.0, 0.0, 0.0, 0.0, 0.0, 0.0, 0.0, 0.0, 0.0, 0.0, 0.0, 0.0, 0.0, 0.0, 0.0, 0.0, 0.0, 0.0, 0.0, 0.0, 0.0, 0.0]
2022-12-13 12:03:22,464 Train INFO: mean test reward4: [0.0, 0.0, 0.0, 0.0, 0.0, 0.0, 0.0, 0.0, 0.0, 0.0, 0.0, 0.0, 0.0, 0.0, 0.0, 0.0, 0.0, 0.0, 0.0, 0.0, 0.0, 0.0, 0.0, 0.0, 0.0, 0.0, 0.0, 0.0, 0.0, 0.0, 0.0, 0.0, 0.0, 0.0, 0.0, 0.0, 0.0, 0.0, 0.0, 0.0, 0.0, 0.0, 0.0, 0.0, 0.0, 0.0, 0.0, 0.0, 0.0, 0.0]
2022-12-13 12:03:22,464 Train INFO: mean test reward: 80.4512,0.0000,0.0000,0.0000
2022-12-13 12:03:22,465 Train INFO: test seed: 17************************************
