2022-12-17 17:47:25,407 Train INFO: Namespace(logger=<Logger Train (INFO)>, name='A2C2022-12-17-17-47-25', gpu='0', device=device(type='cuda', index=0), gamma=1, epoch_num=3000, test_episode=50, val_episode=50, test_size=0.1, val_size=0.5, batch_size=50, train_batch_size=50, num_steps=10, h=2, w=[120, 80, 50], nn_out=40, share_lr=0.01, actor_lr=0.001, critic_lr=0.1, step=50, lr_min=0.0001, e_rate=0.001, a_rate=1, c_rate=1, lr_decay_lambda=0.99, load=False, duse_T=True, est_T=False, use_pref=False, same_price=False, use_price=True, only_test=True, test_benchmark=True, change_T=True, num='0', print_grad=False, max_norm=10, seed_range=20, net_seed=10, seed=0, info=True, selling_length=180, cardinality=4, ini_inv=2, num_products=100, number_samples=10000, num_cus_types=4, seg_prob=None, num_cus_features=4, MNLdata=10000, p_file='../Gene_databeta/simul/p10_random.npy', c_file='../Gene_databeta/simul/c4_random.npy')
2022-12-17 17:47:25,408 Train INFO: log/A2C2022-12-17-17-47-25
2022-12-17 17:47:29,861 Train INFO: products price: [1649.73814547 1127.61563842  931.02871698 1360.34237971  725.13091995
  923.26577906 1048.06358099 1335.59336555 1195.40725861 1064.01482778
  911.06874296 1048.7285084   862.45852977  562.0352617  1338.46425903
  990.15321765  520.29278707 1208.23053483 1211.78612974 1415.52984074
  793.16221683 1876.27989159 1532.58284504  955.82118943 1761.86348334
  839.64872328  552.35384058 1249.34487063  512.10224121 1264.40811504
  800.71457455 1724.21396565 1820.46937714 1053.61927862 1303.52226404
  687.23532693  553.41199285 1166.92080199  888.36091138 1555.51175855
  945.60906956  904.8232257   185.11950973  956.00340393  921.97706365
  777.00211129 1233.85864419 1855.13122698 1247.19421357  809.85084994
  477.38637086 1180.64638022  688.85646935 1821.84964101 1336.34462326
 1180.51360642  846.06710047  671.01312444  972.26852132  920.40072648
 1206.16552071 1416.03566126 1211.55189823  896.40685864 1067.94770214
 1577.1507714  1254.63336377 1273.60053127  109.15494726 1404.48282551
 1341.31287433  440.47487253 1148.9827406  1464.57599267 1204.3751098
  570.81428852  460.8940235  1490.06233971 1354.33031959  984.32869752
 1393.98066869  796.41108887 1427.58864888 1277.02973902 1164.10629816
 1159.15216995 1300.53489406 1407.42098991  808.96765814  987.27313092
  169.27919123  946.08274828 1174.39447852  944.25927782 1517.41984827
 1615.68280386  142.22238131  657.0012701  1487.17636032 1170.3680706 ]
2022-12-17 17:47:29,862 Train INFO: seg_prob [0.21154331 0.33382619 0.24539256 0.20923794]
2022-12-17 17:47:29,863 Train INFO: Load Factor 0.9
2022-12-17 17:47:29,873 Train INFO: test seed: 0************************************
2022-12-17 18:45:03,832 Train INFO: mean test reward1: [0.0, 0.0, 0.0, 0.0, 0.0, 0.0, 0.0, 0.0, 0.0, 0.0, 0.0, 0.0, 0.0, 0.0, 0.0, 0.0, 0.0, 0.0, 0.0, 0.0, 0.0, 0.0, 0.0, 0.0, 0.0, 0.0, 0.0, 0.0, 0.0, 0.0, 0.0, 0.0, 0.0, 0.0, 0.0, 0.0, 0.0, 0.0, 0.0, 0.0, 0.0, 0.0, 0.0, 0.0, 0.0, 0.0, 0.0, 0.0, 0.0, 0.0]
2022-12-17 18:45:03,832 Train INFO: mean test reward2: [78.14674806949289, 75.62591589055961, 80.10418826602155, 80.97358196596286, 79.291842037678, 72.16769257983898, 78.70630136591912, 80.54078473853735, 76.66585672024368, 83.21847432165205, 82.44564980222479, 81.67299215197997, 74.53885814002577, 79.34878816367886, 73.83383014573174, 71.80502644861387, 77.75409975219932, 82.64210347474359, 82.95721610663644, 79.9119654070675, 77.08368264527986, 73.7507699262243, 74.76305041663854, 78.41434349206976, 80.2083091326598, 83.05760670334479, 75.56291504911626, 82.7572445986953, 75.90915278404808, 73.11177265913734, 80.1475491756615, 79.41203353350376, 81.68940614959492, 82.11411719548879, 76.70988208162814, 74.9499138980438, 78.23992467698474, 74.74935275138766, 84.42964999063781, 81.67082147962994, 78.06165783214168, 82.01718737246078, 80.37786939708006, 78.27017763732096, 78.37623471694276, 76.75106858655599, 82.1964969802762, 77.56208383128305, 75.22314956957604, 78.92416658920142]
2022-12-17 18:45:03,832 Train INFO: mean test reward3: [100.4169560574856, 94.33260245615081, 95.7696738865178, 94.81950246541179, 91.87353280947129, 100.39718318538058, 95.73552139654068, 102.14251791564963, 93.36077186227588, 99.8763734457929, 92.87271485622979, 97.67050715852092, 102.10521162721818, 96.2446701639683, 102.9102514514271, 95.27981376792154, 102.55663636075434, 102.95366659018585, 94.3111387834215, 96.68636211364277, 95.77950320539442, 98.52378413445295, 91.38695223520834, 98.55570095609409, 102.07670262284516, 96.74953068671924, 99.01035336224302, 99.38620858356981, 96.25015363281176, 97.59706726068417, 90.90195035170042, 102.12567027860332, 93.34665237629665, 96.74953068671924, 101.26043482877951, 95.76828489171979, 102.54107769037478, 97.61504762955055, 98.15168549437048, 99.45366540132294, 95.76178424320024, 94.32277313727418, 101.6202040826278, 95.31606065499308, 92.85059520230519, 97.656701978533, 101.24408275610384, 94.8128451246976, 98.5667842637452, 94.823988132554]
2022-12-17 18:45:03,832 Train INFO: mean test reward4: [94.26937737956308, 93.03386469161852, 96.39991752248346, 99.04414923421541, 102.29899973739671, 97.16960143580772, 97.46747096702109, 97.48697983774697, 100.03162410057476, 101.3128082703238, 95.95141539759895, 90.43059988203345, 94.88563516093542, 98.03136713796539, 99.52739082891665, 92.23789335529995, 101.32552415106635, 97.52194357396601, 99.01232395751315, 92.88361359334438, 102.00391559081118, 96.14935915771983, 97.66422763365291, 97.50659459941657, 100.03951572595395, 100.02620497894509, 92.47527874413191, 98.53534795330073, 102.060485171743, 98.53534795330074, 98.00818960884631, 92.82693055618194, 97.51203734808063, 98.03146425274142, 98.00916146302984, 101.02695804048845, 99.04486863207615, 97.5132747620994, 99.85235666897705, 99.03227349314402, 98.51868214180527, 93.37804861233897, 100.01348909820253, 96.81934266708565, 97.01771030230788, 99.0234100135813, 97.16950432103167, 89.43427958362562, 100.01765737237064, 96.49152381203697]
2022-12-17 18:45:03,832 Train INFO: mean test reward: 0.0000,78.5769,97.4504,97.4812
2022-12-17 18:45:03,833 Train INFO: test seed: 1************************************
2022-12-17 19:45:22,759 Train INFO: mean test reward1: [0.0, 0.0, 0.0, 0.0, 0.0, 0.0, 0.0, 0.0, 0.0, 0.0, 0.0, 0.0, 0.0, 0.0, 0.0, 0.0, 0.0, 0.0, 0.0, 0.0, 0.0, 0.0, 0.0, 0.0, 0.0, 0.0, 0.0, 0.0, 0.0, 0.0, 0.0, 0.0, 0.0, 0.0, 0.0, 0.0, 0.0, 0.0, 0.0, 0.0, 0.0, 0.0, 0.0, 0.0, 0.0, 0.0, 0.0, 0.0, 0.0, 0.0]
2022-12-17 19:45:22,759 Train INFO: mean test reward2: [72.15912842818919, 71.2935548069753, 75.01012524455993, 74.66088905676263, 79.42751302931607, 67.28269130367195, 72.54290580513978, 77.14163668817176, 74.10184481771687, 71.10623293298465, 75.84423643160041, 73.87317619943359, 76.75317587675391, 73.33673797064314, 77.02731756002287, 74.255644046885, 75.62595539306874, 75.72382128128241, 79.08980601792237, 72.11470954408313, 76.86123723627776, 74.27389332873418, 76.5154007422647, 74.75160458958267, 76.22566227918652, 74.42344903594329, 76.05740772391479, 76.12478721125686, 77.76135733617754, 74.29624901051007, 80.18974946913619, 79.2751758411707, 66.26737842576713, 76.20250957099938, 74.0102921473331, 70.12077466993713, 75.99500260866014, 69.41826395273976, 75.59553983265364, 76.88413950495884, 71.68152370557652, 73.15061237872816, 76.1457580106255, 73.56966878007393, 79.44250867609655, 70.99660724389739, 71.88831767265397, 68.37972256386254, 74.02125666353425, 78.39771877452098]
2022-12-17 19:45:22,759 Train INFO: mean test reward3: [95.76553647719027, 90.37504446356878, 95.76759804568393, 91.38141237176826, 92.86375319153892, 91.38851177274022, 96.20797350860808, 97.22299997846272, 90.38904042349907, 93.83720126335467, 93.35246952910626, 93.83720126335466, 91.88179057770292, 93.845534997225, 94.81279923751849, 93.35246952910626, 96.22555955962757, 95.7449788040695, 92.87852865871345, 95.29412875394043, 93.3607718622759, 96.25947314565747, 95.28777894077008, 92.86444392376092, 91.3828473777057, 96.27157572783351, 93.33155585806998, 89.90717154331024, 95.77617453503733, 97.17843463608183, 92.87271485622979, 96.74504501957698, 93.30818600604809, 94.80220706685053, 94.27260551483651, 95.76089997469886, 96.6847138653522, 93.33189342368527, 95.76538564184108, 94.82467497858988, 94.32410127261561, 92.85125118350047, 97.70075751488291, 94.33760751966409, 89.39824573080111, 92.87007303190857, 87.888911292841, 96.23773553388456, 95.77617453503733, 94.33260245615081]
2022-12-17 19:45:22,760 Train INFO: mean test reward4: [91.69663723545835, 89.44566759789659, 95.41631766717718, 92.32257715764202, 97.50773489865931, 96.49152381203699, 97.15501899374847, 93.94491751596428, 95.93293786455041, 93.08320717887773, 94.53996952296028, 90.40878740822595, 92.49469042415856, 93.44323317790237, 94.85441631613007, 86.54185447613206, 89.0229363090372, 92.5169837224955, 94.36240968818333, 91.65682096147215, 95.97333432139496, 91.02207469263485, 90.42973586252816, 94.35944867066455, 96.9452029759579, 92.74240289710123, 87.78970416583215, 95.96537161658286, 97.52194357396601, 80.32350412702178, 94.89013117690632, 96.4791368863219, 98.01073075629864, 95.62474196071774, 95.41178735638955, 91.59052498520003, 93.80050833713625, 88.16092290638356, 97.00251666930517, 94.32704921344884, 89.808666658093, 92.8917607357036, 94.01224803423732, 93.36739178818861, 91.62010057547555, 89.4262191883605, 93.08247389338133, 97.14057157093222, 95.92234023397539, 95.095451178726]
2022-12-17 19:45:22,764 Train INFO: mean test reward: 0.0000,74.5459,94.0426,93.2715
2022-12-17 19:45:22,766 Train INFO: test seed: 2************************************
2022-12-17 20:36:49,784 Train INFO: mean test reward1: [0.0, 0.0, 0.0, 0.0, 0.0, 0.0, 0.0, 0.0, 0.0, 0.0, 0.0, 0.0, 0.0, 0.0, 0.0, 0.0, 0.0, 0.0, 0.0, 0.0, 0.0, 0.0, 0.0, 0.0, 0.0, 0.0, 0.0, 0.0, 0.0, 0.0, 0.0, 0.0, 0.0, 0.0, 0.0, 0.0, 0.0, 0.0, 0.0, 0.0, 0.0, 0.0, 0.0, 0.0, 0.0, 0.0, 0.0, 0.0, 0.0, 0.0]
2022-12-17 20:36:49,785 Train INFO: mean test reward2: [74.87688374226273, 74.89854857387752, 74.0809775825751, 69.7214353238701, 73.75750249499131, 67.69366076632215, 74.06650056623558, 73.4648921413536, 74.47798682000492, 74.0133633965248, 64.53978001664834, 68.45415682902212, 75.1634886119895, 74.99130207236867, 74.56253323415217, 69.19140750682364, 75.70185178105334, 70.56859566443333, 75.87455382877643, 75.974039949308, 72.57552108104493, 70.24072870638585, 72.42713923575565, 77.89420149195381, 83.04280988160306, 74.84998852781774, 72.59191452984638, 76.68909234220166, 71.22057307261312, 73.21453703780108, 70.77803303833706, 77.37104506533859, 79.67264961653403, 73.20092186264304, 72.81487955927032, 74.12359327308867, 75.77097039066288, 74.0241642523769, 71.70131638802579, 71.05979403112781, 72.85293629740752, 76.33974421724398, 71.08732201392795, 80.67176886786035, 77.5998583350878, 74.55529545748244, 77.08322090413108, 69.27397999236977, 70.83131140092694, 73.55133322682182]
2022-12-17 20:36:49,785 Train INFO: mean test reward3: [86.84672838454489, 88.89279846116432, 98.54012322496737, 95.30691818215232, 93.3470978351138, 92.3781813176194, 95.78620127637949, 91.851184967993, 91.87974804169428, 94.7869025337114, 91.39261663024287, 92.84588283983393, 97.63146972601902, 90.90417758204508, 97.1849352846014, 91.33073269483302, 93.35648504549924, 90.9050177217162, 90.40091616457049, 87.89407416836386, 93.82319667131459, 93.36145870831177, 96.75381893139593, 93.82525340271395, 99.45102540493684, 92.86375319153893, 93.8470305822313, 92.87921550474931, 92.37454784337812, 94.32444953043036, 88.39830744002198, 90.39796953636508, 93.32285632921585, 91.89078364309454, 92.87921550474934, 93.83222425021616, 96.2204025382382, 90.39470481853358, 87.88334401258251, 92.86108385270308, 90.36389787609505, 92.84876605137387, 95.76851173282442, 90.88729076259082, 89.39790332085761, 89.38280680263095, 88.38176616012097, 94.33260245615082, 96.26174640895685, 90.38748088596716]
2022-12-17 20:36:49,785 Train INFO: mean test reward4: [91.57847493139639, 88.17690166915382, 91.59867212755927, 87.8011018949729, 87.15920666644301, 93.03386469161852, 87.81499122470224, 91.03158465167171, 92.51524200636315, 87.16698503956916, 93.09307152395633, 89.41949266850811, 91.56168184950558, 90.77142141712291, 89.67698769675094, 85.31081869852008, 87.79147435130375, 87.17733138192294, 90.41379187184732, 88.40535099294691, 97.5272309810833, 89.80141908793809, 93.65461848896173, 92.4610922937182, 89.79002135879733, 96.9805634506924, 87.17733138192295, 93.01924101886138, 94.27527539762555, 89.20043431829981, 89.05321718370097, 90.78006735665447, 90.41834784825717, 95.7660837835022, 92.89176073570363, 95.61727406938819, 87.15189888430633, 90.38761694245886, 92.82478460347228, 88.02314324788136, 92.89176073570364, 92.15935507305937, 90.77684141303807, 92.265844269944, 92.81628307507133, 85.86334131651175, 88.54331635111468, 88.01589869738169, 90.36566721746446, 92.2739679558792]
2022-12-17 20:36:49,785 Train INFO: mean test reward: 0.0000,73.7037,92.6612,90.6854
2022-12-17 20:36:49,788 Train INFO: test seed: 3************************************
2022-12-17 21:28:55,950 Train INFO: mean test reward1: [0.0, 0.0, 0.0, 0.0, 0.0, 0.0, 0.0, 0.0, 0.0, 0.0, 0.0, 0.0, 0.0, 0.0, 0.0, 0.0, 0.0, 0.0, 0.0, 0.0, 0.0, 0.0, 0.0, 0.0, 0.0, 0.0, 0.0, 0.0, 0.0, 0.0, 0.0, 0.0, 0.0, 0.0, 0.0, 0.0, 0.0, 0.0, 0.0, 0.0, 0.0, 0.0, 0.0, 0.0, 0.0, 0.0, 0.0, 0.0, 0.0, 0.0]
2022-12-17 21:28:55,951 Train INFO: mean test reward2: [68.95906436018844, 71.23006927253803, 81.00873291601852, 76.99381510603497, 71.68807373629832, 67.95272967181714, 75.27170646443253, 75.16584677257602, 75.87126804373722, 69.18133653787686, 72.10478521473327, 69.97868808693774, 75.26184327864947, 73.38628375909478, 70.32409409652638, 73.4179063233023, 71.28374010396533, 79.4928385509819, 78.20807458009772, 71.54897449034293, 75.33560619843932, 70.90057106604318, 75.36837364029613, 74.07866689710762, 76.03259869968983, 80.55169170526428, 69.55136759743567, 75.67426475920091, 75.14715353398923, 69.8828018228868, 78.19777028399173, 75.0679202313979, 78.60336042867232, 73.81496626262387, 77.38423348730178, 73.37750991193454, 73.4569485682214, 70.39759510253168, 68.70155610028179, 77.70350913752044, 78.40256139372754, 73.01145229061432, 71.58071204447312, 76.51799233106271, 72.57313906252762, 78.37740308446924, 75.52080482309522, 71.10187150488025, 78.08245852881355, 74.43543084890673]
2022-12-17 21:28:55,951 Train INFO: mean test reward3: [89.88983594826315, 87.37603554957897, 91.40521176917501, 91.40673875488207, 95.28314243827866, 98.09779117848876, 89.40416258215842, 88.3975340433186, 88.39298922295238, 94.30914499729118, 85.87506371008158, 88.38553646109754, 100.26708293731646, 94.80553573720763, 94.3165893057519, 95.24491745524884, 91.8734882445333, 99.95309680475172, 93.83720126335464, 95.30623133611643, 94.81284512469759, 93.8626737035916, 89.87557763530035, 99.00183088487402, 96.71661247000476, 92.87852865871346, 90.8601472516368, 95.2798151958216, 94.29810939589093, 96.24121817277663, 91.8735328094713, 93.33189342368527, 91.88763578088734, 95.76607248787694, 94.3207267150794, 91.38322170107934, 90.90417758204507, 90.38904042349907, 82.63846294217623, 96.24005158565137, 97.6380987478374, 86.89410506763244, 96.25898514998717, 90.39855721971344, 90.91466623244297, 90.40476856575033, 93.82768233845681, 92.37029357842634, 93.35346247478594, 96.22933799827332]
2022-12-17 21:28:55,951 Train INFO: mean test reward4: [88.43542440387654, 92.4472264476572, 94.18436130075386, 89.05919491692654, 88.79994735985218, 88.8218970848466, 87.78932839859408, 89.14502594310456, 96.99732637696393, 92.26582081351997, 92.15761246108758, 91.69666069188239, 90.95509856040351, 91.86865774881345, 94.88717015938748, 90.77592691253841, 95.44718212594083, 89.16708686416465, 94.8897767908646, 89.3756212196073, 93.92724235300935, 90.76457966439202, 88.79715664679885, 96.1130481306958, 93.97842255795487, 99.03155788506729, 90.04665236753483, 93.80086272317796, 92.52598404806878, 96.14136215809097, 89.7865169399421, 96.14189126639027, 93.24192238964964, 89.53038037784486, 93.4503466831902, 93.44323317790234, 91.96494761236643, 91.91633841060361, 94.71208278947682, 90.38500039412202, 89.81194308270375, 87.18757471417645, 95.96537161658286, 89.15519804839846, 88.54618712617595, 91.75548968175448, 90.02047743814639, 84.66619905006539, 94.20455849691676, 90.77055739761758]
2022-12-17 21:28:55,951 Train INFO: mean test reward: 0.0000,74.1432,92.8936,91.8190
2022-12-17 21:28:55,951 Train INFO: test seed: 4************************************
2022-12-17 22:19:28,903 Train INFO: mean test reward1: [0.0, 0.0, 0.0, 0.0, 0.0, 0.0, 0.0, 0.0, 0.0, 0.0, 0.0, 0.0, 0.0, 0.0, 0.0, 0.0, 0.0, 0.0, 0.0, 0.0, 0.0, 0.0, 0.0, 0.0, 0.0, 0.0, 0.0, 0.0, 0.0, 0.0, 0.0, 0.0, 0.0, 0.0, 0.0, 0.0, 0.0, 0.0, 0.0, 0.0, 0.0, 0.0, 0.0, 0.0, 0.0, 0.0, 0.0, 0.0, 0.0, 0.0]
2022-12-17 22:19:28,903 Train INFO: mean test reward2: [75.73401970008825, 73.941681627124, 79.6464247499012, 74.7428916179442, 70.04711927993488, 73.52617686041788, 78.43587518074001, 72.15618361980165, 76.20444199080835, 76.79039815166854, 73.82799458688076, 75.64399383446276, 76.05123198162137, 76.14166706905122, 74.78634053039642, 75.27855994704801, 77.3411595259245, 76.26664184068977, 78.63856842406952, 73.73337146326114, 73.74823409951712, 77.05818790845007, 82.68124992970466, 78.90981273698293, 80.97821129706209, 79.67781487047031, 74.19629688147427, 80.49228736937474, 69.7073346587217, 71.62614030585382, 78.95561272105819, 73.87984312332023, 77.3652637353061, 75.80376848328329, 73.38734079004547, 72.97622151136291, 73.69600576914254, 75.1939371600952, 76.35690603983548, 73.60716049072195, 77.50325524133643, 72.60822310504575, 76.07380876177861, 80.4792703926282, 75.64262535659189, 77.43507622194208, 75.84421653327692, 72.68540454247031, 78.45421633731856, 80.0567636445414]
2022-12-17 22:19:28,903 Train INFO: mean test reward3: [88.9157235339606, 94.79355647586618, 94.81415881367738, 98.999316622406, 93.82019856583545, 93.35346247478593, 90.39038660105619, 96.26728748315678, 94.82267444357424, 94.80967314653516, 91.3969094360054, 95.75158046185312, 98.97452059292365, 93.83688440624066, 95.24679792000344, 97.17743165611955, 99.89688433670446, 95.75244434789396, 92.36319417745435, 96.21124457360868, 93.84301506583832, 93.82808684088864, 92.84543738101678, 92.36696490806922, 98.12230258325583, 90.40091616457049, 83.81217248041996, 96.70280729001682, 94.7935564758662, 100.80626769482411, 90.87109946858563, 93.83788810939053, 96.27606139497573, 96.70067709966166, 99.90059420548918, 94.315798939446, 96.69851904534012, 92.37029357842633, 91.39954737414048, 99.04076336151961, 96.69065035831947, 85.88025400242283, 96.73521570070035, 85.86629778343891, 96.6776895436733, 99.02302757607141, 94.80137081336552, 93.36562751834002, 93.35013380442884, 95.78398887253663]
2022-12-17 22:19:28,904 Train INFO: mean test reward4: [89.42288185448484, 99.03046149928934, 94.21320443644832, 91.59867212755927, 94.44823811613419, 97.99739259247141, 95.36985590109295, 91.9022135350188, 94.36240968818335, 94.88563516093542, 94.84556479584677, 87.2044557299025, 95.39772303697333, 95.61674496108891, 91.92795733431272, 91.0307206321664, 98.01627061973873, 94.35944867066453, 90.27797246638922, 94.57083398172392, 95.8473728672614, 92.71533438906886, 95.96690661503492, 92.8325539033658, 87.17805620427457, 98.52918580677594, 96.491523812037, 98.18300581514244, 94.88859617845424, 90.78822942730908, 88.82517112805212, 89.75357612764054, 97.01771030230788, 96.4485267242463, 99.0100775739454, 94.55385613135748, 89.67698769675094, 85.30317469284394, 94.88717015938748, 92.88412412264742, 96.99707392064114, 95.0462171453459, 93.74461690835895, 93.42608570996983, 94.79542059563188, 95.08244163958572, 94.84417307159677, 94.32858421190087, 96.49952081166585, 92.4752787441319]
2022-12-17 22:19:28,904 Train INFO: mean test reward: 0.0000,75.9203,94.4940,93.9100
2022-12-17 22:19:28,904 Train INFO: test seed: 5************************************
2022-12-17 23:11:29,528 Train INFO: mean test reward1: [0.0, 0.0, 0.0, 0.0, 0.0, 0.0, 0.0, 0.0, 0.0, 0.0, 0.0, 0.0, 0.0, 0.0, 0.0, 0.0, 0.0, 0.0, 0.0, 0.0, 0.0, 0.0, 0.0, 0.0, 0.0, 0.0, 0.0, 0.0, 0.0, 0.0, 0.0, 0.0, 0.0, 0.0, 0.0, 0.0, 0.0, 0.0, 0.0, 0.0, 0.0, 0.0, 0.0, 0.0, 0.0, 0.0, 0.0, 0.0, 0.0, 0.0]
2022-12-17 23:11:29,529 Train INFO: mean test reward2: [74.21933554887798, 74.13873772884172, 76.84640486081997, 83.4861128523139, 80.96109725675005, 73.67767153545893, 71.30117478696278, 79.71200376905453, 80.32389675425502, 75.96391674927524, 76.534384509181, 77.34977826490433, 74.40810523800329, 76.17556706370343, 75.68339936332465, 71.43614913481176, 75.2806947579757, 79.43324596181482, 76.12738198750758, 70.59009241282524, 83.06117645352852, 73.65102169674768, 78.47512086230316, 74.50759463251484, 77.17136944143445, 80.38246548865848, 76.66610137656073, 82.84060136106253, 79.5321581990999, 78.10335366802778, 74.08874963103104, 79.80647311955295, 74.0997103094017, 80.0377827758331, 82.21591141479705, 78.21731713368709, 81.67443963373852, 73.78587172844236, 76.86889468107314, 82.47940122435155, 72.83525380281914, 72.97144210982484, 78.40989688609557, 80.40172778335237, 75.98264556534974, 77.8987495539698, 79.13061612594491, 72.35508596508768, 84.09866069043626, 83.79028387061919]
2022-12-17 23:11:29,529 Train INFO: mean test reward3: [100.40060398480993, 92.86938618587267, 94.32410127261561, 92.86357238338903, 99.0501206539163, 99.02415854223098, 93.83018117834737, 101.65795771313664, 94.81617379505468, 99.04163080676696, 92.35493587336255, 94.80703132221392, 97.21348304315148, 96.2486842524612, 101.24635862584844, 96.68573104502829, 98.9839059783642, 94.33048391438676, 97.17627658176033, 101.27973698656761, 100.76232330858484, 99.9198963632773, 96.25015363281175, 90.89230184097366, 101.24730005448231, 90.89230184097367, 95.78398887253665, 92.86456193050931, 98.54271903915158, 99.86949380097022, 94.80137081336552, 93.34955041541551, 99.03289467449896, 95.28930592647711, 95.2887831797801, 99.04669985448692, 96.67192586504034, 97.21518564096338, 91.88540855054268, 99.93798978794194, 94.33760751966409, 96.75381893139591, 97.67821620262697, 94.81521422073506, 90.38055393185358, 97.15235126181301, 97.61082294717234, 94.31579893944601, 98.12572338268521, 95.76654071620028]
2022-12-17 23:11:29,529 Train INFO: mean test reward4: [90.38500039412199, 94.35181205760834, 92.26052233132407, 90.4008927268337, 91.13769690193007, 101.02627119445256, 93.80086272317796, 95.9717993229429, 95.05572710438278, 99.0315578850673, 96.98520370227762, 93.64402085838672, 93.36652779619291, 97.52713386630725, 90.7402510826683, 90.40480416640678, 97.52194357396601, 91.87890099334672, 98.48002342328873, 93.73863917513337, 102.09459913957481, 97.0025166693052, 95.57391659502483, 95.96690661503493, 95.62474196071776, 95.44871712439287, 95.9315461403004, 100.0267998452114, 99.02351285254868, 92.2637247113459, 95.95814068839226, 97.50130719229928, 95.59976711072244, 98.03136713796539, 95.9329378645504, 96.99074356571772, 97.49008412946786, 95.0970204719948, 98.53447321389325, 94.52299167259383, 97.99582329920258, 94.92099563566994, 97.50130719229927, 94.56336609039434, 95.96690661503493, 97.41288403203271, 90.41379187184732, 98.0366545450827, 100.02332176740516, 97.00375408332398]
2022-12-17 23:11:29,529 Train INFO: mean test reward: 0.0000,77.3838,96.4937,95.7233
2022-12-17 23:11:29,529 Train INFO: test seed: 6************************************
2022-12-18 00:02:33,091 Train INFO: mean test reward1: [0.0, 0.0, 0.0, 0.0, 0.0, 0.0, 0.0, 0.0, 0.0, 0.0, 0.0, 0.0, 0.0, 0.0, 0.0, 0.0, 0.0, 0.0, 0.0, 0.0, 0.0, 0.0, 0.0, 0.0, 0.0, 0.0, 0.0, 0.0, 0.0, 0.0, 0.0, 0.0, 0.0, 0.0, 0.0, 0.0, 0.0, 0.0, 0.0, 0.0, 0.0, 0.0, 0.0, 0.0, 0.0, 0.0, 0.0, 0.0, 0.0, 0.0]
2022-12-18 00:02:33,091 Train INFO: mean test reward2: [75.3693030801915, 76.32877728443455, 79.83966863602711, 76.56806333003976, 68.03764993723709, 70.94170107303859, 69.94654602759218, 69.50199784068998, 75.95956798072794, 67.56828840727952, 72.15894965773602, 68.88364024912427, 73.51936700776912, 69.64189849682386, 73.05706767341906, 70.47248360618089, 77.1905459343198, 71.51687342282145, 77.18109569536928, 75.92485176573335, 79.40899530660602, 75.25969906277201, 72.88418964261106, 73.72957303630328, 77.11043259914643, 79.49651890780983, 72.86729857596288, 73.87423291417873, 73.96877543304714, 69.05412959579353, 75.80084895883085, 74.99193940852334, 79.07887808479595, 72.85185367667226, 78.53556929508063, 72.36001265754321, 72.43684499617551, 70.17928330843127, 74.64252748532485, 75.81830349476009, 70.6385109442237, 70.42750259006085, 74.68596751441414, 75.52866896384404, 72.95637641607908, 73.45033510750594, 78.03321766343959, 70.67393898070083, 77.63196430275521, 79.55109543831662]
2022-12-18 00:02:33,092 Train INFO: mean test reward3: [92.38300557298275, 94.33577443431327, 99.47325662846643, 93.34665237629662, 89.9151948832018, 94.80553573720765, 94.33344259582196, 98.11191820269725, 93.82865419264033, 91.87780646201072, 91.37990074950031, 91.88745497273744, 98.07779159039629, 96.73521570070035, 89.89765474709586, 92.83063104900165, 99.00606511756632, 95.28964451469824, 93.36410053263299, 98.59412362670874, 94.8128451246976, 92.84598398415045, 98.58880829387013, 94.33060192113517, 97.58401647014531, 88.40620285518519, 93.35495805979221, 94.31794888191081, 95.77970062785994, 96.66317946773603, 90.41140481496838, 92.86444392376093, 94.33910310467036, 96.22591363963744, 90.3781732943695, 93.82690179372875, 94.81415881367738, 90.39386467886241, 90.37364876043371, 94.31515429981445, 93.35162938943512, 84.84464394815258, 96.67155395369254, 89.90247900245924, 91.40038751381165, 89.4189849514352, 93.35162938943512, 95.29191635009758, 96.25796797031109, 96.19845657329682]
2022-12-18 00:02:33,092 Train INFO: mean test reward4: [90.75122422096001, 90.03852868159963, 86.76321293681823, 94.84713408911558, 85.31033779904348, 93.45070106923191, 89.42061091473786, 93.62577535326727, 95.08798328739643, 91.59780810805394, 88.8218970848466, 91.33302995695722, 91.31058143479045, 92.46576878509502, 93.6374710210292, 90.41834784825718, 96.66754864836184, 90.66444514735926, 95.94058047813758, 95.44871712439289, 93.3914942368941, 91.39786013647891, 93.08456999555536, 94.01189364819561, 91.03158465167172, 93.02817976960574, 92.2637247113459, 96.14293145135977, 93.45330770070902, 88.43542440387655, 92.52598404806878, 98.03665454508268, 93.71633506409724, 94.88162964850535, 94.35390815978239, 93.38100962985779, 95.32761408335057, 87.770625215899, 93.45070106923191, 93.43372321886547, 98.53991596255729, 89.0510712309913, 99.03083848720657, 92.72679603914916, 90.97186818587029, 88.19598061908698, 86.13270550481175, 89.78787540608766, 92.76554302655468, 92.31443001528278]
2022-12-18 00:02:33,092 Train INFO: mean test reward: 0.0000,73.9507,93.8158,92.4048
2022-12-18 00:02:33,093 Train INFO: test seed: 7************************************
2022-12-18 00:57:59,719 Train INFO: mean test reward1: [0.0, 0.0, 0.0, 0.0, 0.0, 0.0, 0.0, 0.0, 0.0, 0.0, 0.0, 0.0, 0.0, 0.0, 0.0, 0.0, 0.0, 0.0, 0.0, 0.0, 0.0, 0.0, 0.0, 0.0, 0.0, 0.0, 0.0, 0.0, 0.0, 0.0, 0.0, 0.0, 0.0, 0.0, 0.0, 0.0, 0.0, 0.0, 0.0, 0.0, 0.0, 0.0, 0.0, 0.0, 0.0, 0.0, 0.0, 0.0, 0.0, 0.0]
2022-12-18 00:57:59,719 Train INFO: mean test reward2: [75.48633113602834, 75.15967963043738, 74.66570073234638, 76.53886038915044, 75.32222537099136, 71.71946367156104, 72.77391445940907, 73.4333773217235, 77.86506365992078, 71.9657366638493, 75.068349926479, 77.81356465528185, 77.03190301085706, 74.85472837520987, 78.41121310081247, 77.98540901083338, 80.89715125239667, 73.1974374339959, 81.71718888800883, 77.83773329992015, 79.08564839961853, 77.02120754827114, 75.08090373385396, 77.31089424997089, 80.1295387563686, 77.4419053536068, 68.32146115257736, 75.437318519016, 75.01973372847685, 67.38893811077185, 79.4567427238032, 79.92048063818775, 76.77098176504217, 79.89132116080017, 83.1504514820853, 76.14359701375743, 75.41559846986381, 73.636240342462, 78.19617738451055, 82.74247700182893, 82.09508271151931, 74.63638853314016, 76.91430276715539, 79.89769811476314, 78.46066004608059, 73.89153860939518, 74.41021398532799, 77.07167878140764, 78.11867650889637, 78.32537728829134]
2022-12-18 00:57:59,720 Train INFO: mean test reward3: [94.7969126607379, 96.23104059608522, 98.54498414704646, 95.7470947947109, 97.6690359502353, 98.54640100581078, 94.28532139557907, 96.24365298429221, 97.17627658176033, 89.91519488320178, 90.39386467886243, 94.80053067369438, 101.67358580551871, 95.78075603491764, 100.78716522840983, 91.89659744557822, 92.86456193050931, 99.90620384955015, 93.36145870831177, 98.495953182447, 96.75381893139591, 96.71928033035722, 95.27199943042223, 96.23683970432926, 98.13788031438254, 96.26327339466387, 95.79830385855553, 95.28700126247696, 91.39690943600542, 103.32889903062896, 93.35162938943512, 96.74075677490029, 93.83639252438425, 95.30824631749375, 99.88733549086044, 95.27199943042221, 96.71661247000476, 96.73572550673127, 90.39952907389696, 97.17678638779125, 92.86456193050932, 93.854371370422, 91.8861087951803, 93.85617305507205, 93.34308231872082, 94.32410127261561, 96.25745816428015, 94.80634447617805, 97.19487981245591, 95.78398887253664]
2022-12-18 00:57:59,720 Train INFO: mean test reward4: [92.52388794589473, 97.472528734156, 91.03158465167172, 88.19050259330466, 90.78006735665448, 93.9962786145068, 93.98102918943196, 98.03121179641866, 95.93293786455041, 92.615982467466, 92.51524200636315, 91.70478437781762, 92.52388794589474, 100.03162410057475, 93.37035280570744, 88.17945089000771, 100.81600347229092, 93.45070106923191, 98.03121179641866, 91.9568004700072, 100.52300977697797, 93.79026509260294, 93.08717662703249, 93.45330770070903, 92.88412412264742, 102.88833922687257, 90.64424795119638, 95.05398908938734, 98.52720008181475, 93.17752943247139, 92.51524200636315, 96.1187006337587, 93.65165747144292, 100.03246424024593, 93.94706346867393, 94.32704921344883, 96.47633017903429, 92.45117629542645, 95.62474196071776, 90.96675447215004, 91.39786013647888, 89.41821073530379, 99.53625430847936, 94.52954061411188, 90.04665236753485, 97.5077348986593, 95.0385805322897, 96.49309310530582, 91.70478437781759, 94.8897767908646]
2022-12-18 00:57:59,720 Train INFO: mean test reward: 0.0000,76.6226,95.6781,94.3568
2022-12-18 00:57:59,720 Train INFO: test seed: 8************************************
2022-12-18 01:51:24,753 Train INFO: mean test reward1: [0.0, 0.0, 0.0, 0.0, 0.0, 0.0, 0.0, 0.0, 0.0, 0.0, 0.0, 0.0, 0.0, 0.0, 0.0, 0.0, 0.0, 0.0, 0.0, 0.0, 0.0, 0.0, 0.0, 0.0, 0.0, 0.0, 0.0, 0.0, 0.0, 0.0, 0.0, 0.0, 0.0, 0.0, 0.0, 0.0, 0.0, 0.0, 0.0, 0.0, 0.0, 0.0, 0.0, 0.0, 0.0, 0.0, 0.0, 0.0, 0.0, 0.0]
2022-12-18 01:51:24,753 Train INFO: mean test reward2: [71.58958947035958, 69.48687060038624, 75.57322908408561, 72.9597165108242, 73.11308354955672, 74.1278319984227, 71.7161556328834, 71.99230626472753, 76.02482027452258, 71.64519347446503, 70.01722768092395, 75.40471713885077, 73.71783857472475, 72.60170038242362, 78.08986163698012, 69.05293864249917, 73.5024947868085, 71.89422638955752, 71.8831834565488, 74.21054605176924, 75.04871561973782, 68.47101063746908, 71.28154142476414, 74.44272073848104, 73.78426114217247, 79.72066862898556, 67.80639911841477, 73.31074298802976, 72.34154768183504, 72.82567023741836, 70.44744317580917, 77.69742650514644, 69.58454143198172, 67.25929720133827, 71.42131869632392, 64.35664875467415, 79.3688291199963, 71.92837007370461, 71.07659871249568, 75.32711393474153, 73.09640641486449, 74.20782503697832, 75.90698356251629, 73.03445978659649, 76.0994294644897, 66.81713803728287, 76.42979970054893, 72.6026066361986, 72.22736319447445, 78.95384876216303]
2022-12-18 01:51:24,754 Train INFO: mean test reward3: [85.8651574841962, 91.89743758524936, 92.38231872694689, 92.85526669989342, 90.39855721971345, 92.37818131761937, 88.8816518736906, 96.71575423753461, 90.89091475030017, 91.89728429161411, 87.8958074370023, 86.87865897830697, 92.3781813176194, 94.82600311393132, 95.29128950715369, 88.90770019406906, 89.90953048816726, 95.2934433358046, 93.34516014161632, 94.32314169829601, 89.88160806731277, 89.88916825545037, 89.89065246089994, 94.78858281305368, 96.26174640895685, 94.3350875882774, 91.8706016826674, 90.89074230344177, 88.37415805671941, 93.35663445294837, 89.90175960459851, 87.79394993880088, 92.8406131256534, 93.83804140302581, 96.24433983032809, 93.33169610097218, 91.87833791161155, 95.75158046185312, 87.38060355883553, 95.31273198463599, 94.31346321476856, 87.40352863163183, 94.32072671507942, 88.3980549836992, 86.8937554965336, 91.8847217045068, 93.84185806905317, 92.86938618587268, 90.39948115863301, 88.88331311331392]
2022-12-18 01:51:24,754 Train INFO: mean test reward4: [87.17910156739451, 88.55985881471891, 94.88977679086459, 87.15838043868236, 91.34715483254202, 89.17250686007982, 89.79002135879733, 88.42730071794132, 92.44995791738904, 91.36605894490222, 85.30180396254882, 90.75122422096003, 91.36396284272817, 89.6601796865648, 90.78548735256966, 82.01102921832499, 92.89176073570363, 93.65461848896175, 91.34715483254202, 89.42073590177519, 91.15450491211621, 90.42973586252813, 92.52598404806878, 90.13434711861007, 91.03158465167172, 96.47913688632188, 90.04665236753485, 98.52918580677596, 91.91633841060361, 90.04067463430928, 86.551959121785, 92.31443001528277, 87.79147435130373, 90.15957088681004, 90.66444514735926, 94.73939092671921, 91.66249561756804, 90.7740896234289, 90.12975635399314, 93.4503466831902, 92.6996955154265, 89.44566759789659, 89.40635212540563, 86.55523992567782, 90.39615822687522, 89.43968986467101, 91.95543765332954, 94.31645158287384, 93.43263554732734, 96.12284930927247]
2022-12-18 01:51:24,754 Train INFO: mean test reward: 0.0000,72.9096,91.7246,90.8365
2022-12-18 01:51:24,754 Train INFO: test seed: 9************************************
2022-12-18 02:46:17,441 Train INFO: mean test reward1: [0.0, 0.0, 0.0, 0.0, 0.0, 0.0, 0.0, 0.0, 0.0, 0.0, 0.0, 0.0, 0.0, 0.0, 0.0, 0.0, 0.0, 0.0, 0.0, 0.0, 0.0, 0.0, 0.0, 0.0, 0.0, 0.0, 0.0, 0.0, 0.0, 0.0, 0.0, 0.0, 0.0, 0.0, 0.0, 0.0, 0.0, 0.0, 0.0, 0.0, 0.0, 0.0, 0.0, 0.0, 0.0, 0.0, 0.0, 0.0, 0.0, 0.0]
2022-12-18 02:46:17,441 Train INFO: mean test reward2: [71.6067250035332, 78.70585519754408, 77.78441332611011, 80.12541829176631, 73.27438487437402, 78.35977274027792, 77.76767610253485, 78.43224041596683, 78.19491385124407, 77.00071450813961, 72.76644237926685, 76.21031375460463, 72.6182155678069, 75.74766460736477, 74.37501473279565, 73.96382046234189, 80.39075893216426, 76.18557479822877, 75.79758097186168, 75.84559194422926, 76.6295912971501, 74.76600824273056, 78.67341246499755, 77.26247513249716, 76.78771159763123, 81.90321196338041, 74.77484976395085, 78.56308422604424, 75.86044920346153, 73.62467234661818, 84.75582571001729, 75.48084997476417, 74.60507751073685, 76.91360548258957, 73.30952088664685, 75.18798216568729, 75.83472363761535, 76.64438189244119, 69.85183824493674, 80.97490405388926, 76.99014654844632, 75.56791278123806, 79.76199786907645, 77.18628490505971, 73.54744697625644, 76.97584331841216, 83.39322647734376, 76.70693437064196, 73.62296300687241, 78.1275410469932]
2022-12-18 02:46:17,441 Train INFO: mean test reward3: [92.85457985385756, 94.823988132554, 94.34824557751112, 101.25280113140543, 96.74953068671923, 98.98761272221996, 99.92488353504652, 97.17118445413479, 95.29841699861711, 95.28182874929888, 95.3160606549931, 96.74171634921987, 96.20659735825025, 96.73521570070034, 103.40125475862091, 98.09210657641516, 100.78696553703601, 99.4679412956278, 96.23583864679287, 98.12235693277715, 95.77617453503731, 98.5776784503347, 97.61162683012118, 99.48659109413744, 102.50116546148749, 102.54280924015767, 98.56284618218483, 98.99619801913873, 93.34304976689596, 100.32730142528045, 92.38798312198142, 99.01205596005497, 96.25348230316885, 96.74171634921989, 93.36077186227588, 101.26043482877952, 97.16399838747941, 104.22053388457978, 95.75757130434174, 98.10205110426966, 100.39718318538057, 91.40038751381164, 97.20919479847478, 96.74504501957699, 89.3929583236838, 97.18323268678948, 98.57665136217277, 95.75848499148225, 98.57894119544254, 96.74171634921989]
2022-12-18 02:46:17,442 Train INFO: mean test reward4: [95.4053596500295, 95.88172803184143, 91.22338548088754, 97.49651183582789, 94.85320140890296, 95.97490361466379, 91.00187749647195, 97.01771030230788, 95.35554154157055, 90.42108992299657, 91.03072063216642, 95.58399111783146, 92.2010140904223, 98.98177321849542, 101.508514398015, 97.00375408332397, 100.34374234538025, 98.54088781674082, 97.52194357396601, 94.53996952296028, 100.83995227714684, 93.65165747144293, 96.93756636290172, 94.84619735630257, 95.08955258066524, 98.51771028762174, 94.84417307159677, 100.33102646463769, 98.01073075629864, 93.38385762383793, 92.50528805473357, 100.03951572595396, 92.53413119042804, 98.5062212902045, 99.83892139037376, 93.73567815761456, 97.01771030230786, 101.81274101744131, 98.54088781674082, 96.94780960743502, 98.50524686320198, 100.0267998452114, 93.80086272317794, 93.84692895164116, 97.96809319394754, 97.00894437566521, 95.09855547044685, 90.27797246638922, 101.8160696877984, 94.70556545043677]
2022-12-18 02:46:17,442 Train INFO: mean test reward: 0.0000,76.5888,97.4354,96.2575
2022-12-18 02:46:17,442 Train INFO: test seed: 10************************************
2022-12-18 03:37:12,669 Train INFO: mean test reward1: [0.0, 0.0, 0.0, 0.0, 0.0, 0.0, 0.0, 0.0, 0.0, 0.0, 0.0, 0.0, 0.0, 0.0, 0.0, 0.0, 0.0, 0.0, 0.0, 0.0, 0.0, 0.0, 0.0, 0.0, 0.0, 0.0, 0.0, 0.0, 0.0, 0.0, 0.0, 0.0, 0.0, 0.0, 0.0, 0.0, 0.0, 0.0, 0.0, 0.0, 0.0, 0.0, 0.0, 0.0, 0.0, 0.0, 0.0, 0.0, 0.0, 0.0]
2022-12-18 03:37:12,670 Train INFO: mean test reward2: [72.55533732543684, 76.12588702374411, 77.110467468167, 75.33609683128664, 69.31981997867582, 72.8485917560196, 76.91010408814799, 73.22621087153102, 75.7550941510593, 72.35012888779326, 65.66327421084982, 72.08330792404315, 73.50434066742761, 76.2530132574067, 71.29300349061114, 74.07348446880738, 75.14728395487194, 73.82854776208814, 76.03780192777342, 74.87216540452951, 69.36415591276203, 73.65951721314343, 73.95085929415073, 75.5710963356297, 78.99143825297728, 71.75649279184627, 72.7057657709917, 75.40847653599516, 77.63828316484968, 71.52203882529317, 76.53889160464625, 78.77630612464498, 79.42719147655683, 70.10409127237683, 79.55093124750904, 77.10116256847598, 73.0950451601098, 66.94395146808644, 74.57613248283879, 64.51290508862904, 74.171488726326, 79.3356611773957, 78.00538109808063, 77.09391141872668, 75.10659462466649, 75.45021820881072, 77.93880579656894, 71.2040580122439, 71.85864018475543, 74.94902863017487]
2022-12-18 03:37:12,670 Train INFO: mean test reward3: [85.31508807765115, 93.36077186227588, 91.8643711834074, 93.33805650658954, 90.89640669847631, 92.36130051303472, 92.84756311917626, 92.37526724123887, 93.34172274256193, 91.38209921780413, 87.88756245074025, 94.33260245615081, 99.8763734457929, 94.33760751966406, 95.30209392678897, 90.85296446621338, 94.82134630823279, 92.37237140132184, 88.39276757658189, 92.36942088693031, 93.84606903725238, 94.83381745143065, 95.29348156318622, 94.80289779907257, 98.10318207042927, 93.36562751834002, 87.36215010510843, 93.83237700799128, 93.33406058769047, 98.11927708368697, 89.88421946849257, 91.3764866242197, 89.89621974115842, 93.84205691941877, 93.36478737866885, 93.3607718622759, 92.85653859061777, 88.90795265039185, 90.882975209657, 95.30623133611644, 90.40091616457048, 94.81002140434987, 95.77521496071772, 93.83751165733345, 92.87355499590095, 94.80967314653512, 89.90814339749376, 96.24314317826128, 91.89093305054368, 89.88879126753315]
2022-12-18 03:37:12,670 Train INFO: mean test reward4: [90.7714214171229, 93.80086272317794, 91.01138745550884, 89.35098173812102, 87.78755821312251, 95.95141539759895, 91.90870179754742, 92.26584426994398, 95.4163176671772, 91.39786013647888, 91.59052498520002, 89.67698769675097, 89.18489614504303, 98.03665454508268, 89.6601796865648, 86.53233596623015, 96.1130481306958, 92.46930101090635, 95.37175128611766, 90.94480474715562, 97.52723098108332, 91.3978601364789, 92.52548525089645, 94.88702688518543, 93.08356156491944, 93.08442558442475, 87.82305161996734, 95.44561283267201, 95.61570477611937, 83.40777273679294, 95.96380232331404, 93.79236119477699, 93.27883304511768, 94.57083398172392, 91.75548968175447, 88.41347467888211, 82.32994832502392, 85.2866322292397, 88.18128436614944, 91.96494761236643, 88.83329481398735, 93.63554364058179, 95.60552383813575, 90.7740896234289, 90.170958901081, 93.45070106923191, 88.42730071794135, 90.10064449591978, 96.47479518058223, 90.78006735665447]
2022-12-18 03:37:12,670 Train INFO: mean test reward: 0.0000,74.2120,92.8127,91.7566
2022-12-18 03:37:12,671 Train INFO: test seed: 11************************************
2022-12-18 04:31:16,605 Train INFO: mean test reward1: [0.0, 0.0, 0.0, 0.0, 0.0, 0.0, 0.0, 0.0, 0.0, 0.0, 0.0, 0.0, 0.0, 0.0, 0.0, 0.0, 0.0, 0.0, 0.0, 0.0, 0.0, 0.0, 0.0, 0.0, 0.0, 0.0, 0.0, 0.0, 0.0, 0.0, 0.0, 0.0, 0.0, 0.0, 0.0, 0.0, 0.0, 0.0, 0.0, 0.0, 0.0, 0.0, 0.0, 0.0, 0.0, 0.0, 0.0, 0.0, 0.0, 0.0]
2022-12-18 04:31:16,606 Train INFO: mean test reward2: [75.90906997782736, 75.95090566954077, 74.33168716636722, 75.66826647663385, 73.7262065154822, 71.52233956378136, 72.66470241400161, 75.18660116931278, 75.3868402795711, 80.53841070872302, 78.04951228751217, 76.93934680294626, 71.24183021302585, 79.01168353886982, 73.00140155696545, 76.94525205548439, 78.37247543359196, 72.62217302050213, 76.15955468506293, 77.0065490754289, 74.87409199193854, 72.66097667445477, 77.30320612026296, 76.00360111756899, 78.49013512404254, 74.09905044488936, 71.25593982386091, 78.66412756677565, 73.94487353225756, 75.85728159428324, 75.14574772016253, 75.00293368627923, 74.39091545233985, 71.53375881541373, 72.07592922043283, 76.24495740238419, 76.48678219058814, 70.63620613827759, 77.52724840330991, 79.38102224040607, 71.69089850330516, 75.55340129416928, 80.99767337323814, 78.52557757017557, 71.61854126892133, 73.75896926311225, 80.21154783934627, 72.8057131235876, 76.75363395795819, 79.15765250138222]
2022-12-18 04:31:16,606 Train INFO: mean test reward3: [96.25760899962935, 92.87852865871344, 92.87852865871346, 92.36900797993803, 96.27606139497573, 96.26299923848008, 96.24964382678081, 96.67577039503406, 92.37679422694589, 95.29412875394043, 91.3969094360054, 94.30914499729117, 94.33577443431328, 92.38216931949773, 98.58983538203206, 94.79708256868884, 91.88263071737408, 99.45855280408135, 93.35628619513366, 98.06255480960876, 94.33841625863448, 94.82065946219693, 95.7696738865178, 90.89796623600819, 98.08765868882388, 95.77390127173794, 96.27606139497571, 95.74729221717644, 92.37952749517653, 98.09094957963002, 93.33975364836373, 92.37884064914066, 96.27606139497573, 94.78926965908957, 96.2442982526205, 99.00555531153542, 95.27981376792154, 90.89091475030014, 90.88381534932817, 95.29413018184046, 96.68636211364277, 90.38760541756159, 102.9785234697615, 99.89017862578082, 90.88441021559447, 90.39171027506426, 96.22373606461684, 93.83804140302581, 90.38676527789048, 93.82556690950197]
2022-12-18 04:31:16,606 Train INFO: mean test reward4: [91.33900769018278, 94.01189364819562, 94.21320443644834, 95.37556682429093, 90.75213989843449, 93.09307152395633, 99.03709774850738, 89.76984181927448, 93.74461690835894, 89.66017968656477, 94.01189364819561, 91.9568004700072, 91.69663723545835, 97.00094737603638, 90.94655727598717, 86.54472525119333, 88.43542440387657, 96.99941237758429, 94.89013117690631, 91.31922737432204, 99.18344901856715, 92.46677721573099, 89.05321718370098, 93.74165589084014, 89.03126745870655, 96.99575708369511, 95.97333432139496, 95.57391659502481, 98.38593476179894, 94.55385613135748, 92.53413119042803, 93.09307152395633, 94.52263728655213, 94.47478495739688, 98.53462855543998, 98.03136713796539, 93.44287879186064, 92.18164754048095, 93.64597254943016, 84.59745803999846, 94.57083398172391, 91.69880664459204, 100.52658318487977, 90.6356020116648, 95.37175128611766, 94.35944867066453, 90.15115512879622, 94.36240968818335, 101.78019634287831, 94.50721567970285]
2022-12-18 04:31:16,607 Train INFO: mean test reward: 0.0000,75.4577,94.7629,93.6556
2022-12-18 04:31:16,607 Train INFO: test seed: 12************************************
2022-12-18 05:23:07,015 Train INFO: mean test reward1: [0.0, 0.0, 0.0, 0.0, 0.0, 0.0, 0.0, 0.0, 0.0, 0.0, 0.0, 0.0, 0.0, 0.0, 0.0, 0.0, 0.0, 0.0, 0.0, 0.0, 0.0, 0.0, 0.0, 0.0, 0.0, 0.0, 0.0, 0.0, 0.0, 0.0, 0.0, 0.0, 0.0, 0.0, 0.0, 0.0, 0.0, 0.0, 0.0, 0.0, 0.0, 0.0, 0.0, 0.0, 0.0, 0.0, 0.0, 0.0, 0.0, 0.0]
2022-12-18 05:23:07,016 Train INFO: mean test reward2: [75.48653804860614, 76.74119650092219, 78.02658665301803, 77.30346794038506, 69.01720186577826, 69.90966260655254, 74.90794823469518, 75.21243147669841, 77.5018410811793, 77.51445424098105, 71.98212414842352, 76.9544457791241, 79.1888003959385, 79.51770555619169, 73.47939520421856, 72.678434855117, 76.0144314660234, 72.6478569476554, 76.94137336747666, 72.87855863580032, 76.52907245907325, 71.73121902629757, 75.43128454230593, 78.26091910835106, 77.96048421609669, 81.3158109378244, 72.68975001725788, 81.2651722296683, 72.03012073727058, 74.26933223877619, 79.49578182446676, 74.2135925011195, 78.33837279217354, 80.08823828035976, 71.32826209495299, 79.74756372311205, 68.94263821542897, 74.09956747628473, 80.04251933687844, 70.58496576647373, 77.52108485145146, 70.80871394276062, 78.92300732478115, 75.11932005969929, 73.61027792304047, 75.11399608631865, 73.69709367051249, 79.49746705605455, 81.30652690208808, 77.3511874891836]
2022-12-18 05:23:07,016 Train INFO: mean test reward3: [95.28979392214738, 90.90123095383967, 95.27484010510902, 91.86252578530818, 94.29810939589093, 94.34043124001181, 97.63809874783739, 96.74524244204251, 89.91519488320178, 92.87852865871346, 87.34867104315778, 92.38216931949773, 100.82007287481207, 92.38798312198142, 95.30728674317416, 94.3350875882774, 93.35231623547101, 99.47785496186945, 89.40000980939185, 97.57543998079191, 97.17627658176032, 95.77294169741832, 99.47325662846642, 95.3160606549931, 96.7495306867192, 97.15031447007503, 96.27606139497573, 93.8409360918187, 92.86525266273134, 96.72644178888142, 90.41068541710763, 94.80005712438576, 93.81770668482352, 96.72356857503394, 91.8747390919949, 94.79308489721689, 96.19485374675595, 95.79381819141328, 92.36612476839808, 96.72356857503392, 90.89587524887547, 93.36077186227588, 95.77120087222481, 98.54955828432787, 95.76553647719027, 92.36945343875519, 86.89375549653359, 96.73521570070035, 94.79853013867873, 90.39386467886243]
2022-12-18 05:23:07,016 Train INFO: mean test reward4: [91.58966096569472, 90.79687536684062, 93.00798257344286, 96.49152381203697, 89.79877868858817, 92.88151749117033, 87.16777094189167, 89.76170047669922, 92.8329082894075, 93.97095466662532, 93.64561816338846, 97.00251666930518, 94.32059321280299, 92.88151749117033, 92.79820821012704, 93.80346935465506, 97.52713386630725, 93.88365165434087, 93.23167914511635, 92.71619840857416, 99.03143335347286, 81.48481181853265, 93.9309496378128, 94.320593212803, 91.34117709931645, 100.02536483927393, 89.05321718370097, 99.54107856384272, 100.01348909820254, 90.02159568437614, 93.09307152395631, 88.82189708484663, 91.0307206321664, 95.06580162718944, 96.49152381203699, 96.49152381203699, 94.32094759884471, 89.81280710220905, 90.78006735665448, 88.43278400452664, 95.43918512631197, 86.5514149161633, 94.00374650583636, 92.5067404779622, 94.7674931374119, 91.95543765332953, 92.46764213107572, 98.53437609911721, 99.00302608823735, 92.46663280460034]
2022-12-18 05:23:07,017 Train INFO: mean test reward: 0.0000,75.7044,94.4382,93.2182
2022-12-18 05:23:07,017 Train INFO: test seed: 13************************************
2022-12-18 06:03:04,990 Train INFO: mean test reward1: [0.0, 0.0, 0.0, 0.0, 0.0, 0.0, 0.0, 0.0, 0.0, 0.0, 0.0, 0.0, 0.0, 0.0, 0.0, 0.0, 0.0, 0.0, 0.0, 0.0, 0.0, 0.0, 0.0, 0.0, 0.0, 0.0, 0.0, 0.0, 0.0, 0.0, 0.0, 0.0, 0.0, 0.0, 0.0, 0.0, 0.0, 0.0, 0.0, 0.0, 0.0, 0.0, 0.0, 0.0, 0.0, 0.0, 0.0, 0.0, 0.0, 0.0]
2022-12-18 06:03:04,990 Train INFO: mean test reward2: [74.98453422791592, 74.00933153859785, 70.91154085559161, 75.08224328678216, 76.66886913309862, 73.07435482954206, 70.60626165877882, 77.68124643687189, 82.04968031999188, 72.00647993363343, 76.55533585031827, 70.29556169718981, 85.16953535940382, 78.82543966327655, 73.87273574767258, 71.55866521714032, 72.91154620038483, 71.9740321041955, 78.41247635426114, 73.37241093560046, 78.5074900960722, 77.67181088639163, 79.9281034958264, 77.22724024009308, 75.32014097738741, 74.68490977259583, 70.42720539996171, 73.21054813003214, 82.19520622467377, 74.56517361008278, 72.81788465844353, 74.05330279475048, 75.60542300334824, 74.38531992356248, 73.33642526437079, 76.8995343878711, 77.96270717710507, 69.64157793277667, 71.50585165213602, 80.21627541941095, 77.86018633651531, 74.80594022337652, 74.98854183715557, 76.22562018505795, 73.98781254821337, 78.33853566509156, 78.44180371361885, 75.23726840425766, 74.43042231056398, 77.65159827367907]
2022-12-18 06:03:04,990 Train INFO: mean test reward3: [93.33421263379951, 92.87921550474931, 92.37168066909983, 93.31410770173362, 90.88525035526564, 93.8145066161696, 100.73761781821901, 95.30395807281707, 90.89091475030017, 95.27828821011458, 95.30775832182347, 95.28478885863412, 100.3691448953245, 88.39994359388436, 95.77092671604102, 95.78398887253665, 95.2934433358046, 94.796731852588, 92.38714298231025, 97.61339938125995, 100.37511258744158, 97.15902752243741, 91.37407587791259, 91.38062014736106, 99.8874101856299, 94.80220706685056, 89.38729392864929, 95.3160606549931, 95.27912834978572, 99.45855280408135, 84.83791865735927, 93.83720126335466, 94.81279923751849, 96.20245994892277, 97.65670197853298, 95.74899168180256, 100.78813517844547, 95.27981376792154, 91.88540855054266, 97.61264644218306, 93.34581558695146, 95.77970062785995, 97.61846842897991, 93.83909823798356, 94.32072671507942, 93.84634373619541, 94.33508758827739, 94.28539351514837, 96.231234885365, 93.82556690950196]
2022-12-18 06:03:04,990 Train INFO: mean test reward4: [92.25522318294495, 94.00928701671849, 90.17908258701621, 91.59867212755928, 93.09307152395634, 92.81946266485238, 93.38551650366854, 98.03146425274144, 97.15554810204776, 91.02207469263483, 95.09545117872598, 91.90555086889447, 93.65165747144293, 96.4591243548213, 90.71851122033831, 91.93610447667197, 93.97078594489867, 89.426334421239, 98.03665454508268, 91.96494761236643, 96.44047204405601, 93.65165747144292, 96.10400038238056, 94.0092870167185, 90.04412720106342, 95.41285898941463, 90.77055739761757, 92.53413119042804, 97.52723098108332, 89.18091290322386, 94.00478014290778, 93.99527018387087, 93.9755826211716, 99.51972278431526, 92.51524200636315, 92.15834574658398, 93.80086272317794, 94.32858421190089, 94.69596895861568, 88.8218970848466, 89.40093212949043, 89.05107123099133, 95.40415074333335, 93.08456999555536, 94.92099563566994, 91.60076822973332, 90.75213989843448, 90.37596103071232, 96.47322588731343, 94.52954061411191]
2022-12-18 06:03:04,990 Train INFO: mean test reward: 0.0000,75.4430,94.8065,93.3160
2022-12-18 06:03:04,991 Train INFO: test seed: 14************************************
2022-12-18 06:37:05,973 Train INFO: mean test reward1: [0.0, 0.0, 0.0, 0.0, 0.0, 0.0, 0.0, 0.0, 0.0, 0.0, 0.0, 0.0, 0.0, 0.0, 0.0, 0.0, 0.0, 0.0, 0.0, 0.0, 0.0, 0.0, 0.0, 0.0, 0.0, 0.0, 0.0, 0.0, 0.0, 0.0, 0.0, 0.0, 0.0, 0.0, 0.0, 0.0, 0.0, 0.0, 0.0, 0.0, 0.0, 0.0, 0.0, 0.0, 0.0, 0.0, 0.0, 0.0, 0.0, 0.0]
2022-12-18 06:37:05,974 Train INFO: mean test reward2: [76.40648545710788, 74.39568241981266, 74.9775566553217, 66.63702970159873, 74.82287529008383, 69.44569299860254, 75.8593578906318, 70.06365915475776, 75.45989178480063, 74.21626834020248, 74.78234984251569, 78.20192505577383, 72.40579743084763, 72.29830054629926, 78.44577234119127, 75.41617323960564, 81.28694303754943, 74.0969433711025, 77.75868339807334, 73.96937635292716, 78.71023110212121, 74.88460050224722, 78.59609737246261, 79.66527041650814, 72.29550110925261, 73.82320021903986, 77.34879775835142, 79.32491052967686, 74.34449364800025, 71.28686483390614, 78.13235871407488, 80.0153701202407, 74.19896857541296, 74.29620768544773, 77.26328204604272, 78.62097273204893, 76.63840028349834, 70.08065801478921, 79.1356371700625, 82.03546748392102, 73.02300284863249, 72.38237839843542, 75.85604992363152, 80.88144131094623, 77.7043591578144, 76.94744940897128, 78.03287308508486, 75.88941442696645, 77.680382560502, 76.99819768385564]
2022-12-18 06:37:05,974 Train INFO: mean test reward3: [96.7214105207124, 94.32858693975784, 99.91208202577796, 90.89712609633703, 90.39386467886244, 91.8778064620107, 99.46521942329096, 94.33344259582196, 86.86808416407236, 95.76407195286131, 97.61751806743747, 94.32277313727418, 98.94510861079581, 95.30376065035152, 100.35105147065985, 97.6324424646596, 99.4723891832191, 94.81950246541177, 91.39177649057173, 94.79604500655213, 95.25819425043427, 91.39472311877711, 102.55808622145187, 96.26280181601454, 100.36961560964141, 94.31663519293103, 97.65225409094171, 97.19255219963519, 94.81120013224216, 89.90953048816726, 91.39486301381064, 98.57989051664057, 97.20132611145412, 98.57323056274342, 93.84052993371174, 94.80634447617804, 101.27304471782737, 91.3933360281036, 92.3480868808019, 99.01908949451104, 94.79708256868882, 98.09547302632322, 104.62630872333793, 93.84121677974761, 99.04163080676695, 93.85035925258839, 92.37526724123886, 98.52272872739526, 95.73166354217777, 96.23018236361509]
2022-12-18 06:37:05,974 Train INFO: mean test reward4: [91.87725203037584, 96.98274656608885, 89.43754391196134, 95.44718212594084, 88.43542440387655, 92.82443021743057, 97.461931103581, 93.2337752472904, 93.97842255795487, 95.09855547044685, 92.83290828940751, 91.90011743284477, 92.46715505819671, 94.56336609039435, 89.78389078622902, 86.56795737976755, 100.02536483927395, 90.02731919087728, 98.03665454508268, 94.3209475988447, 95.91774423154769, 89.19231063236462, 95.08955258066526, 94.92099563566995, 91.75548968175447, 95.93258347850868, 90.02645517137196, 99.03684529218461, 98.47284740598626, 90.04665236753485, 93.97356129810242, 101.00453358267966, 96.94624031416619, 96.65359242937795, 92.50528805473357, 89.4177401396766, 97.00094737603638, 92.37265676131166, 97.00904149044129, 100.5217589295164, 91.33486724606671, 89.6493419326163, 96.12681762049864, 94.21320443644834, 95.41321337545631, 90.79687536684062, 93.08543491090015, 91.56896497235951, 99.0315578850673, 99.52999504717852]
2022-12-18 06:37:05,974 Train INFO: mean test reward: 0.0000,75.7408,95.8096,94.0770
2022-12-18 06:37:05,974 Train INFO: test seed: 15************************************
2022-12-18 07:12:14,770 Train INFO: mean test reward1: [0.0, 0.0, 0.0, 0.0, 0.0, 0.0, 0.0, 0.0, 0.0, 0.0, 0.0, 0.0, 0.0, 0.0, 0.0, 0.0, 0.0, 0.0, 0.0, 0.0, 0.0, 0.0, 0.0, 0.0, 0.0, 0.0, 0.0, 0.0, 0.0, 0.0, 0.0, 0.0, 0.0, 0.0, 0.0, 0.0, 0.0, 0.0, 0.0, 0.0, 0.0, 0.0, 0.0, 0.0, 0.0, 0.0, 0.0, 0.0, 0.0, 0.0]
2022-12-18 07:12:14,770 Train INFO: mean test reward2: [79.42593821193597, 75.29391516804925, 79.12250883547003, 79.19766891188229, 80.88775514542063, 75.37574448025266, 77.00211909479513, 69.78290755637356, 70.53417460506422, 76.18267550609671, 71.72804701206779, 78.87945248041765, 77.16576193931868, 78.06966561828744, 73.35967473996301, 77.8884709459329, 71.1739712950619, 80.24931147813064, 74.67995685610659, 76.20351252826227, 71.02137047709249, 73.66977318802033, 78.26263789585522, 78.38496334949099, 78.58559443044173, 73.94406872420483, 72.80254520041605, 80.31164851308208, 74.54731831146896, 75.64249639585427, 80.00854575837738, 76.15254652416984, 78.35654550445855, 76.5628095578045, 78.79190809050068, 69.36046243193626, 76.99696119364486, 77.95122295586867, 77.93300677180638, 81.85966454537912, 71.11235490034136, 75.74159698225981, 81.25214063939133, 80.55290299273436, 78.06544111705978, 74.17469525194936, 75.93714949988914, 75.73712330095464, 82.99888055641478, 82.38956435641741]
2022-12-18 07:12:14,770 Train INFO: mean test reward3: [90.38760541756162, 93.84703058223127, 98.55392840495531, 99.83789238713598, 100.79156387043906, 93.82740334517875, 98.5633634643158, 103.84495652364087, 98.59577187499934, 90.89556655880514, 100.31416665098325, 100.39765389969749, 96.72679004669614, 93.77846667842918, 95.78467571857253, 95.29497032151163, 93.84301506583832, 98.08989417257231, 92.8610805023771, 101.64328241015339, 96.2682470574764, 101.16053770196395, 92.87271485622979, 94.8115483900569, 100.81338060607183, 95.74264500181802, 98.57158231445281, 97.17912148211772, 98.999316622406, 92.87439124938597, 99.0269269823819, 94.81353197073346, 93.82865419264034, 95.76553647719027, 94.81484565971326, 89.39871983349438, 96.18461779937479, 98.08989417257233, 92.36765175410513, 98.10849740326789, 98.98838368163942, 95.79048952105619, 99.40104829588996, 92.8540534584912, 95.77188629036063, 99.46401200233059, 99.02415854223098, 98.04925943565176, 100.27628978390136, 100.38891776742952]
2022-12-18 07:12:14,770 Train INFO: mean test reward4: [95.9223402339754, 92.47492435809022, 99.53625430847936, 97.01771030230789, 94.92099563566995, 93.08442558442475, 100.04020257198982, 91.90085071834118, 99.52915490750736, 92.66459166922881, 98.03111468164258, 92.46764213107572, 94.84577151352707, 98.03136713796538, 99.53541416880819, 97.0010444908124, 95.4163176671772, 89.06461491284172, 99.04486863207616, 94.53250163163072, 97.5067499409633, 93.43458723837078, 93.3609020402459, 100.02679984521139, 93.08456999555538, 99.02673362970391, 96.61604398833514, 101.32138674173885, 99.540359165982, 98.52720008181474, 93.09307152395633, 96.89817306091604, 94.92099563566994, 100.48412622816626, 96.10662042433577, 94.82184231962205, 95.92443633614944, 91.0307206321664, 91.13769690193008, 95.06580162718946, 95.62474196071774, 94.57083398172391, 96.99732637696393, 94.57083398172392, 98.01470132646992, 96.63227287327183, 98.01073075629864, 92.31443001528277, 92.51524200636315, 95.04464785207708]
2022-12-18 07:12:14,770 Train INFO: mean test reward: 0.0000,76.6262,96.7916,95.8257
2022-12-18 07:12:14,771 Train INFO: test seed: 16************************************
2022-12-18 07:46:38,960 Train INFO: mean test reward1: [0.0, 0.0, 0.0, 0.0, 0.0, 0.0, 0.0, 0.0, 0.0, 0.0, 0.0, 0.0, 0.0, 0.0, 0.0, 0.0, 0.0, 0.0, 0.0, 0.0, 0.0, 0.0, 0.0, 0.0, 0.0, 0.0, 0.0, 0.0, 0.0, 0.0, 0.0, 0.0, 0.0, 0.0, 0.0, 0.0, 0.0, 0.0, 0.0, 0.0, 0.0, 0.0, 0.0, 0.0, 0.0, 0.0, 0.0, 0.0, 0.0, 0.0]
2022-12-18 07:46:38,960 Train INFO: mean test reward2: [73.6537445959592, 69.01373032915619, 81.31213807050356, 74.05183256698648, 76.95773387490924, 75.76467737596323, 67.26831632602416, 74.43926096981286, 76.54857834551032, 77.40298981733729, 77.67199188780376, 70.63627578232077, 71.31358524687744, 74.65485136178923, 74.67590723217302, 70.2382943722552, 75.96900876383303, 75.30384797543189, 82.18462395464158, 73.33862207651792, 75.6697861973142, 75.78975341564116, 76.38123395444336, 74.7892629876811, 72.47844256150533, 75.0543182500717, 74.17917330276796, 77.91539015482137, 78.90885297365948, 75.49312438530126, 77.43624039889413, 74.71836025673485, 76.29118183618829, 77.27251072412015, 75.10341295288482, 77.58642028629372, 76.77863306306665, 72.56364951472428, 78.34816306014223, 79.97091956380675, 76.48169620468745, 78.9797225206386, 78.43516248116944, 76.42185185510519, 74.63205432897104, 75.83575089567425, 80.63517259783357, 72.12364395465981, 71.80505207711212, 76.80565191616455]
2022-12-18 07:46:38,960 Train INFO: mean test reward3: [88.39994359388436, 90.89628595666588, 92.86789060086642, 93.30954558220698, 97.63023006081677, 92.84562153949265, 100.36914489532448, 102.13095629056323, 93.34793797478493, 94.79271633619506, 96.23086498398037, 95.27399996543787, 101.22318969213853, 91.39556325844828, 94.8246749785899, 94.32361327694532, 91.3822525114394, 95.29794684786785, 96.24314317826126, 97.6324424646596, 100.33673648464097, 93.83515484115989, 98.54955828432787, 93.8293410386762, 101.24500642777129, 95.77120087222482, 92.35994093687583, 96.64269268835444, 97.17912148211775, 93.82823959866379, 92.84632154976576, 92.86705475553028, 91.88679952740233, 97.22728822313941, 94.7917810236063, 94.80703132221393, 93.35628619513363, 89.4119334657272, 91.39177649057173, 96.71712227603571, 95.76538564184108, 87.40327617530905, 96.27177315029904, 93.37060118115252, 94.31739804472231, 91.87830914957071, 92.3662455102085, 96.23583864679289, 95.77617453503731, 90.39470481853357]
2022-12-18 07:46:38,960 Train INFO: mean test reward4: [90.12483715957319, 91.69875679405644, 95.96380232331404, 92.49504481020027, 91.34715483254203, 95.97333432139496, 91.12957321599484, 89.39542499189209, 94.49010280947904, 93.79236119477699, 95.59077321023322, 93.22317761671539, 90.2779724663892, 95.41631766717717, 84.67974590035365, 94.35390815978239, 94.92099563566994, 93.71372843262013, 91.36396284272818, 92.24049998677708, 95.96690661503493, 91.58916216852238, 93.08456999555536, 94.56336609039437, 94.26937737956307, 98.5408878167408, 90.41292785234201, 99.04486863207616, 99.54107856384273, 87.37845649578875, 92.72593201964386, 94.5219040010557, 99.52615049067528, 97.45674081123974, 98.03146425274146, 97.46956706919515, 95.58043393406489, 93.00321330139494, 94.8471340891156, 94.53996952296028, 93.03682570913732, 95.41335664965837, 91.75548968175447, 91.5784749313964, 95.31361008627393, 90.78006735665448, 92.52388794589473, 98.01725557743475, 89.79002135879733, 95.97333432139497]
2022-12-18 07:46:38,960 Train INFO: mean test reward: 0.0000,75.5457,94.6616,93.7694
2022-12-18 07:46:38,961 Train INFO: test seed: 17************************************
2022-12-18 08:22:36,075 Train INFO: mean test reward1: [0.0, 0.0, 0.0, 0.0, 0.0, 0.0, 0.0, 0.0, 0.0, 0.0, 0.0, 0.0, 0.0, 0.0, 0.0, 0.0, 0.0, 0.0, 0.0, 0.0, 0.0, 0.0, 0.0, 0.0, 0.0, 0.0, 0.0, 0.0, 0.0, 0.0, 0.0, 0.0, 0.0, 0.0, 0.0, 0.0, 0.0, 0.0, 0.0, 0.0, 0.0, 0.0, 0.0, 0.0, 0.0, 0.0, 0.0, 0.0, 0.0, 0.0]
2022-12-18 08:22:36,076 Train INFO: mean test reward2: [74.43944311247934, 79.56143343426646, 85.52195336184577, 81.28365166424273, 79.74677682666227, 75.07001031361735, 75.65391536992952, 77.79641618865548, 81.31197548329466, 77.0225311818486, 77.83174588827642, 78.83712367208048, 77.902542127341, 81.68916710149797, 76.047677151921, 80.3906295380383, 78.05227818913905, 79.63809276388389, 79.90007907747342, 75.28180022497504, 82.70453252238086, 83.23373284131924, 78.55364383252932, 81.24351690461638, 81.58617791654865, 79.02653777534606, 76.01879650238773, 81.35274306282277, 78.70396709684317, 71.7946307310019, 82.81477022438216, 79.78505663553877, 78.85627579947898, 79.9238262528606, 82.98696427505391, 81.56220210743523, 78.29997263692306, 72.09812697887659, 78.99298821666102, 80.66154261677394, 81.76458916160327, 72.57048398232875, 82.1103240866338, 79.79612066937705, 81.347754606341, 82.24391365267, 81.06215712476154, 75.1536667808689, 75.11410994455197, 79.31886643704877]
2022-12-18 08:22:36,076 Train INFO: mean test reward3: [95.77188629036063, 93.36478737866884, 96.73143726205457, 97.65619217250205, 98.5313870926994, 99.48659109413744, 100.74858943423543, 99.02574944840822, 94.3207267150794, 98.99931662240601, 100.79203458475597, 98.59919267442869, 92.36696490806922, 99.91290158299829, 96.21335105253017, 97.61504762955055, 99.03734256209025, 101.22476284134933, 92.83220206378648, 98.03836524906224, 101.61030345811265, 99.48659109413744, 101.1966633995028, 95.78952994673658, 102.92216520056397, 101.16588928982054, 103.80581106241051, 95.78467571857253, 92.85679104694054, 104.56982109180169, 96.72141052071241, 100.79481646709024, 94.32858693975786, 97.17863982095236, 98.55942538275546, 97.19059156777918, 103.40556203803894, 96.75381893139593, 85.34368692746943, 98.53590283876868, 94.32229958796555, 98.08989417257231, 101.25122798219462, 100.33782967124964, 92.84687238695425, 99.946255205893, 90.90279049137158, 104.25734341896266, 103.41820005828757, 99.00048626381545]
2022-12-18 08:22:36,076 Train INFO: mean test reward4: [98.51222809518252, 98.53286447684926, 98.52213432106791, 93.97842255795487, 100.04433998131732, 100.80431132360798, 100.0331510862818, 98.5124805515053, 97.50674994096329, 99.52925202228343, 95.96537161658286, 95.09855547044687, 96.47322588731342, 99.47303815308818, 96.90592400201568, 97.01771030230788, 95.95295039605101, 95.40796628150662, 99.03143335347285, 93.9709546666253, 102.1021551179111, 93.18813555322703, 95.97490361466377, 101.50851439801501, 91.90505207172212, 97.51046805481178, 98.52595974357337, 100.81659833855723, 96.42866960780756, 98.53534795330071, 96.66754864836186, 99.54107856384273, 91.11264021877135, 100.81600347229094, 101.63004547956746, 97.01771030230788, 94.92099563566994, 91.95680047000718, 99.53553491061861, 85.92694520589393, 100.34374234538025, 98.54063536041804, 101.33049781387886, 95.09108757911731, 100.52300977697796, 100.83995227714685, 99.52281902987605, 100.02536483927393, 102.78122079291992, 98.01444887014715]
2022-12-18 08:22:36,076 Train INFO: mean test reward: 0.0000,79.0732,98.0729,97.6781
2022-12-18 08:22:36,076 Train INFO: test seed: 18************************************
2022-12-18 08:55:30,314 Train INFO: mean test reward1: [0.0, 0.0, 0.0, 0.0, 0.0, 0.0, 0.0, 0.0, 0.0, 0.0, 0.0, 0.0, 0.0, 0.0, 0.0, 0.0, 0.0, 0.0, 0.0, 0.0, 0.0, 0.0, 0.0, 0.0, 0.0, 0.0, 0.0, 0.0, 0.0, 0.0, 0.0, 0.0, 0.0, 0.0, 0.0, 0.0, 0.0, 0.0, 0.0, 0.0, 0.0, 0.0, 0.0, 0.0, 0.0, 0.0, 0.0, 0.0, 0.0, 0.0]
2022-12-18 08:55:30,314 Train INFO: mean test reward2: [73.42578557952818, 66.8138468319776, 72.18885460056293, 76.53975481436905, 75.69811294119673, 68.21396058904614, 69.83483577531031, 65.79525006897597, 74.33853535058255, 70.31449775840012, 72.90155127981875, 68.92999173360964, 70.31641175102074, 71.18758227153404, 75.2438841036923, 68.1412571544813, 79.17118726351582, 73.35958587111264, 72.30372741086457, 74.30572030994358, 71.11612320970292, 70.47555459605312, 69.77954595594261, 76.87193883716357, 74.74114719762258, 76.5331655950429, 70.49997616353141, 75.61406210079839, 75.83221708780403, 73.0594434715004, 76.2544163487718, 82.0301207249623, 78.07165691798053, 71.42251301769427, 72.7837671925292, 76.15173655307795, 68.74448553808789, 69.7357765590385, 72.58626048835646, 73.89245944335417, 68.48006190049242, 75.58999992687109, 73.26021841327542, 75.51805270618634, 76.48789287238564, 71.81868071709239, 73.10351521688365, 73.8838222085641, 66.89928081009953, 76.78174553948851]
2022-12-18 08:55:30,314 Train INFO: mean test reward3: [93.32285632921584, 94.3384162586345, 87.89668217640978, 95.76538564184106, 91.39472311877714, 93.8237973854521, 89.40416258215842, 94.29682379740262, 90.89091475030017, 86.36074660069335, 87.90776190328995, 92.37800050946952, 98.06715353254924, 92.86524877654519, 88.40629996996125, 91.25809534626566, 91.39556325844825, 96.19140706965047, 89.90953048816728, 96.24964382678081, 89.90953048816728, 89.39305543845985, 92.86733976367793, 92.87022632554384, 98.99105120445495, 91.8909330505437, 91.38633374190768, 92.87022632554384, 95.77985146320916, 96.25033067281669, 91.37648662421968, 91.38074088917146, 90.87815095429366, 92.84562153949267, 96.21257668797284, 92.85679104694056, 94.80205623150134, 92.87852865871345, 89.88926537022643, 91.89659744557821, 95.29191635009758, 91.38851177274024, 95.74793748550472, 85.86515748419619, 87.88853430492377, 91.39417616777479, 90.39796953636507, 91.89177319021486, 90.87815095429366, 91.36881723283612]
2022-12-18 08:55:30,314 Train INFO: mean test reward4: [87.78932839859408, 87.16849576424332, 96.10896270087527, 92.67273881158805, 90.43059988203346, 90.14276589627912, 87.17695561468487, 90.77194367071927, 88.79994735985218, 88.80855196073898, 90.1312401604458, 87.14575411325934, 92.49208675431808, 91.89868130920748, 91.59052498520002, 88.40749694565656, 93.59812958913261, 92.85544970867961, 93.74426252231724, 86.5514149161633, 97.17697221236124, 86.5583969397363, 87.11310116649402, 88.17904762186349, 89.75994794786767, 97.50130719229928, 95.41439398786666, 93.59541165662391, 91.59780810805395, 96.09089717897069, 91.6007682297333, 91.59052498520002, 90.1467868845676, 96.65143481750073, 95.44561283267201, 91.92290317625648, 93.2231776167154, 87.79257494089342, 92.25948869425268, 87.20261844079299, 88.20952430093739, 89.41949266850813, 91.95630167283487, 88.16428803103601, 87.1636628618178, 86.53843493514687, 88.20538385682131, 93.03682570913733, 94.57083398172392, 90.78736540780373]
2022-12-18 08:55:30,314 Train INFO: mean test reward: 0.0000,72.9409,92.2292,90.9432
2022-12-18 08:55:30,315 Train INFO: test seed: 19************************************
2022-12-18 09:28:54,383 Train INFO: mean test reward1: [0.0, 0.0, 0.0, 0.0, 0.0, 0.0, 0.0, 0.0, 0.0, 0.0, 0.0, 0.0, 0.0, 0.0, 0.0, 0.0, 0.0, 0.0, 0.0, 0.0, 0.0, 0.0, 0.0, 0.0, 0.0, 0.0, 0.0, 0.0, 0.0, 0.0, 0.0, 0.0, 0.0, 0.0, 0.0, 0.0, 0.0, 0.0, 0.0, 0.0, 0.0, 0.0, 0.0, 0.0, 0.0, 0.0, 0.0, 0.0, 0.0, 0.0]
2022-12-18 09:28:54,383 Train INFO: mean test reward2: [67.99322847697039, 77.67720418455312, 79.87184990351571, 76.40177378483982, 74.03110430388979, 73.67123811067071, 74.42191455360232, 75.04180484897815, 73.60228194836867, 76.86503308339216, 73.45256382139321, 75.44633870470088, 70.78579618972938, 70.89874166467963, 74.21638249647023, 76.5839829892765, 72.8945269081171, 76.31542275237886, 77.79373419704056, 74.66686242953504, 74.50630172271735, 76.17428880949967, 79.53696922337899, 72.82316535660897, 75.29965028037441, 77.4673244629707, 78.41922536674176, 78.45841716157418, 82.23217203424134, 73.30331139549813, 75.40791451990943, 77.28350704368374, 76.66132726271748, 78.45891707723233, 74.80313543767338, 72.89246719814545, 81.64307996441785, 74.24069657314969, 76.24425767044085, 79.53628061392075, 75.34141041735425, 74.53206700570121, 79.85023096633324, 75.48506490410142, 75.38380412554929, 72.39161583401429, 71.86050027362863, 81.47955069628112, 73.68366678239273, 77.2660787657999]
2022-12-18 09:28:54,383 Train INFO: mean test reward3: [88.39994359388437, 94.79424189400203, 89.90411136653759, 93.36077186227591, 94.78291841801916, 96.26174640895684, 91.3814602870322, 98.5798905166406, 91.87256095528774, 94.31446745377859, 90.40574041993384, 96.26174640895685, 99.48382265398655, 90.91466623244297, 100.37741031327555, 95.2984169986171, 95.29412875394043, 96.27157572783348, 90.89074230344178, 99.46521942329096, 91.89078364309454, 91.8603782187969, 95.29427958928964, 94.33191561011493, 103.8150282832298, 94.31318851582553, 96.27606139497573, 94.81484565971324, 90.3876973973312, 95.28777894077007, 91.37990074950034, 91.405211769175, 91.85604062405713, 92.38714298231027, 93.82239493133952, 97.19487981245591, 96.69851904534012, 94.34491690715403, 90.9019503517004, 94.77926250100465, 95.2691757100745, 84.81392480289716, 96.73521570070035, 93.8496724065525, 90.87273183266399, 91.37990074950031, 96.231234885365, 99.01035336224305, 97.68695233489498, 93.34958296724035]
2022-12-18 09:28:54,383 Train INFO: mean test reward4: [90.04665236753482, 86.5678866153754, 92.47527874413191, 91.5905249852, 93.97842255795486, 99.54813004955074, 92.32257715764202, 89.05321718370097, 94.4732947992929, 94.5295406141119, 95.9341527717775, 90.6356020116648, 91.70688047999167, 92.10115665703533, 97.01771030230789, 94.21320443644832, 97.50674994096332, 96.93599706963289, 93.09307152395633, 89.05505447281047, 96.45876996877959, 90.76329773118768, 91.36396284272818, 95.97490361466379, 91.36396284272818, 96.4930931053058, 94.32008268349995, 101.79031919829244, 93.98102918943198, 91.9472905109703, 92.53413119042801, 92.26372471134589, 96.13238130735337, 99.03155788506731, 93.24192238964966, 90.12483715957318, 90.78006735665447, 95.40415074333337, 96.65235501535916, 87.17733138192293, 93.08356156491945, 94.35944867066453, 94.0092870167185, 91.01138745550884, 96.39991752248346, 88.19598061908697, 93.43263554732737, 87.81492793403213, 95.37903351313213, 95.00384488917246]
2022-12-18 09:28:54,383 Train INFO: mean test reward: 0.0000,75.7060,94.2111,93.3855
