2022-12-12 20:43:09,102 Train INFO: Namespace(logger=<Logger Train (INFO)>, name='A2C2022-12-12-20-43-09', gpu='0', device=device(type='cuda', index=0), gamma=1, epoch_num=3000, test_episode=50, val_episode=50, test_size=0.1, val_size=0.5, batch_size=50, train_batch_size=50, num_steps=10, h=1, w=[120, 50], nn_out=40, share_lr=0.0001, actor_lr=1e-05, critic_lr=0.01, step=10, lr_min=1e-05, e_rate=0.001, a_rate=1, c_rate=1, lr_decay_lambda=0.999, load=False, duse_T=True, est_T=False, use_pref=False, same_price=False, use_price=True, only_test=True, test_benchmark=False, change_T=True, num='111', print_grad=False, max_norm=10, seed_range=20, net_seed=10, seed=0, info=True, selling_length=150, cardinality=4, ini_inv=2, num_products=100, number_samples=10000, num_cus_types=4, seg_prob=None, num_cus_features=4, MNLdata=10000, p_file='../Gene_databeta/simul/p10_random.npy', c_file='../Gene_databeta/simul/c4_random.npy')
2022-12-12 20:43:09,103 Train INFO: log/A2C2022-12-12-20-43-09
2022-12-12 20:43:12,433 Train INFO: products price: [1649.73814547 1127.61563842  931.02871698 1360.34237971  725.13091995
  923.26577906 1048.06358099 1335.59336555 1195.40725861 1064.01482778
  911.06874296 1048.7285084   862.45852977  562.0352617  1338.46425903
  990.15321765  520.29278707 1208.23053483 1211.78612974 1415.52984074
  793.16221683 1876.27989159 1532.58284504  955.82118943 1761.86348334
  839.64872328  552.35384058 1249.34487063  512.10224121 1264.40811504
  800.71457455 1724.21396565 1820.46937714 1053.61927862 1303.52226404
  687.23532693  553.41199285 1166.92080199  888.36091138 1555.51175855
  945.60906956  904.8232257   185.11950973  956.00340393  921.97706365
  777.00211129 1233.85864419 1855.13122698 1247.19421357  809.85084994
  477.38637086 1180.64638022  688.85646935 1821.84964101 1336.34462326
 1180.51360642  846.06710047  671.01312444  972.26852132  920.40072648
 1206.16552071 1416.03566126 1211.55189823  896.40685864 1067.94770214
 1577.1507714  1254.63336377 1273.60053127  109.15494726 1404.48282551
 1341.31287433  440.47487253 1148.9827406  1464.57599267 1204.3751098
  570.81428852  460.8940235  1490.06233971 1354.33031959  984.32869752
 1393.98066869  796.41108887 1427.58864888 1277.02973902 1164.10629816
 1159.15216995 1300.53489406 1407.42098991  808.96765814  987.27313092
  169.27919123  946.08274828 1174.39447852  944.25927782 1517.41984827
 1615.68280386  142.22238131  657.0012701  1487.17636032 1170.3680706 ]
2022-12-12 20:43:12,433 Train INFO: seg_prob [0.21154331 0.33382619 0.24539256 0.20923794]
2022-12-12 20:43:12,434 Train INFO: Load Factor 0.75
2022-12-12 20:43:12,438 Train INFO: test seed: 0************************************
2022-12-12 20:43:18,127 Train INFO: mean test reward1: [83.14341533347739, 78.10193236127618, 82.8660639460608, 81.18687112068889, 82.70391479221844, 81.55303292557916, 85.6595794483663, 82.14558762355028, 78.45273971602539, 78.13069859719344, 83.43179728655859, 84.37693863800456, 88.61918361964398, 79.53199182882815, 84.7689806985543, 81.74224262388044, 85.85127883835234, 87.5270634196432, 82.14532884473182, 85.59802105949517, 81.68540595415783, 84.28370556673757, 83.12986893230791, 86.64383345390401, 82.76432085396979, 87.95870159330154, 84.80862596854728, 84.32579073274597, 82.17929759521635, 78.26204880734318, 80.52121687333461, 83.70200128096398, 85.28209526029077, 83.71554768213346, 75.91968329420686, 81.36380363544497, 87.95198713538, 85.12455176775168, 86.60598269016587, 81.47178821042617, 75.9021788932534, 81.85496963959942, 79.26596391683124, 82.58290167793211, 86.9952442556949, 84.42988377530416, 86.30357960777691, 80.52510654866758, 83.37151174971285, 79.21656883731968]
2022-12-12 20:43:18,127 Train INFO: mean test reward2: [0.0, 0.0, 0.0, 0.0, 0.0, 0.0, 0.0, 0.0, 0.0, 0.0, 0.0, 0.0, 0.0, 0.0, 0.0, 0.0, 0.0, 0.0, 0.0, 0.0, 0.0, 0.0, 0.0, 0.0, 0.0, 0.0, 0.0, 0.0, 0.0, 0.0, 0.0, 0.0, 0.0, 0.0, 0.0, 0.0, 0.0, 0.0, 0.0, 0.0, 0.0, 0.0, 0.0, 0.0, 0.0, 0.0, 0.0, 0.0, 0.0, 0.0]
2022-12-12 20:43:18,127 Train INFO: mean test reward3: [0.0, 0.0, 0.0, 0.0, 0.0, 0.0, 0.0, 0.0, 0.0, 0.0, 0.0, 0.0, 0.0, 0.0, 0.0, 0.0, 0.0, 0.0, 0.0, 0.0, 0.0, 0.0, 0.0, 0.0, 0.0, 0.0, 0.0, 0.0, 0.0, 0.0, 0.0, 0.0, 0.0, 0.0, 0.0, 0.0, 0.0, 0.0, 0.0, 0.0, 0.0, 0.0, 0.0, 0.0, 0.0, 0.0, 0.0, 0.0, 0.0, 0.0]
2022-12-12 20:43:18,127 Train INFO: mean test reward4: [0.0, 0.0, 0.0, 0.0, 0.0, 0.0, 0.0, 0.0, 0.0, 0.0, 0.0, 0.0, 0.0, 0.0, 0.0, 0.0, 0.0, 0.0, 0.0, 0.0, 0.0, 0.0, 0.0, 0.0, 0.0, 0.0, 0.0, 0.0, 0.0, 0.0, 0.0, 0.0, 0.0, 0.0, 0.0, 0.0, 0.0, 0.0, 0.0, 0.0, 0.0, 0.0, 0.0, 0.0, 0.0, 0.0, 0.0, 0.0, 0.0, 0.0]
2022-12-12 20:43:18,128 Train INFO: mean test reward: 82.9137,0.0000,0.0000,0.0000
2022-12-12 20:43:18,134 Train INFO: test seed: 1************************************
2022-12-12 20:43:22,565 Train INFO: mean test reward1: [77.72167447091259, 73.76209813583736, 81.84090568079303, 81.5127838318841, 77.0995576278539, 77.9551558220994, 79.51585772418981, 78.32811512184492, 71.73702239778468, 81.01186531985216, 82.14258361599485, 79.59694491407467, 82.82550318088305, 73.70045543643388, 84.88634943898549, 78.11527226816641, 88.3543329586833, 81.46206998010386, 78.08383893661157, 85.77176086165929, 79.62222052571354, 77.54112831494483, 72.16685907613599, 84.16217459058687, 80.55194242927817, 83.1909304851314, 79.06335638278813, 82.96524456061033, 77.29319382761258, 73.35164875035615, 77.57731516427413, 84.0818988979466, 79.86396786893543, 78.06574551194691, 76.62180009143371, 78.88809180313291, 82.55800802851748, 79.49776429952517, 77.57731516427414, 83.25614234919635, 79.82999911845091, 81.4801634047685, 78.99149930600619, 81.75386131699123, 83.4381962947169, 84.10482422969864, 77.29319382761255, 78.86977105552286, 83.27258991398183, 82.76886787746494]
2022-12-12 20:43:22,576 Train INFO: mean test reward2: [0.0, 0.0, 0.0, 0.0, 0.0, 0.0, 0.0, 0.0, 0.0, 0.0, 0.0, 0.0, 0.0, 0.0, 0.0, 0.0, 0.0, 0.0, 0.0, 0.0, 0.0, 0.0, 0.0, 0.0, 0.0, 0.0, 0.0, 0.0, 0.0, 0.0, 0.0, 0.0, 0.0, 0.0, 0.0, 0.0, 0.0, 0.0, 0.0, 0.0, 0.0, 0.0, 0.0, 0.0, 0.0, 0.0, 0.0, 0.0, 0.0, 0.0]
2022-12-12 20:43:22,576 Train INFO: mean test reward3: [0.0, 0.0, 0.0, 0.0, 0.0, 0.0, 0.0, 0.0, 0.0, 0.0, 0.0, 0.0, 0.0, 0.0, 0.0, 0.0, 0.0, 0.0, 0.0, 0.0, 0.0, 0.0, 0.0, 0.0, 0.0, 0.0, 0.0, 0.0, 0.0, 0.0, 0.0, 0.0, 0.0, 0.0, 0.0, 0.0, 0.0, 0.0, 0.0, 0.0, 0.0, 0.0, 0.0, 0.0, 0.0, 0.0, 0.0, 0.0, 0.0, 0.0]
2022-12-12 20:43:22,576 Train INFO: mean test reward4: [0.0, 0.0, 0.0, 0.0, 0.0, 0.0, 0.0, 0.0, 0.0, 0.0, 0.0, 0.0, 0.0, 0.0, 0.0, 0.0, 0.0, 0.0, 0.0, 0.0, 0.0, 0.0, 0.0, 0.0, 0.0, 0.0, 0.0, 0.0, 0.0, 0.0, 0.0, 0.0, 0.0, 0.0, 0.0, 0.0, 0.0, 0.0, 0.0, 0.0, 0.0, 0.0, 0.0, 0.0, 0.0, 0.0, 0.0, 0.0, 0.0, 0.0]
2022-12-12 20:43:22,576 Train INFO: mean test reward: 79.9025,0.0000,0.0000,0.0000
2022-12-12 20:43:22,576 Train INFO: test seed: 2************************************
2022-12-12 20:43:26,086 Train INFO: mean test reward1: [77.29110740547573, 73.05210108466756, 79.43528809194187, 78.59530644469781, 81.06212570024313, 74.04479421329853, 78.78820638041104, 75.92706245133887, 72.83186708256167, 74.13343961960719, 78.57493637992195, 76.18193088131093, 79.37033500669537, 66.9849969120713, 78.56159647303176, 74.72723735568827, 78.89257747027517, 77.4509225504413, 76.76857663061051, 80.66304967676255, 76.62722242343499, 75.55724167702606, 75.30434261896974, 80.13442228238972, 75.11991609482772, 79.21858669861248, 79.47568454878645, 75.92706245133888, 74.02280414520285, 71.75908004134936, 75.92865462849133, 80.52121687333462, 75.69172376281314, 71.97987457238187, 75.35776601862028, 76.65968841773112, 81.49888101276517, 76.8154362911924, 75.1199160948277, 70.86399782058012, 65.70250838396608, 76.9482954215349, 71.47371361319361, 80.50763204819405, 75.59767363124791, 78.9446396454243, 71.84076613108313, 74.96416822136645, 79.1199236416999, 77.42088189926082]
2022-12-12 20:43:26,095 Train INFO: mean test reward2: [0.0, 0.0, 0.0, 0.0, 0.0, 0.0, 0.0, 0.0, 0.0, 0.0, 0.0, 0.0, 0.0, 0.0, 0.0, 0.0, 0.0, 0.0, 0.0, 0.0, 0.0, 0.0, 0.0, 0.0, 0.0, 0.0, 0.0, 0.0, 0.0, 0.0, 0.0, 0.0, 0.0, 0.0, 0.0, 0.0, 0.0, 0.0, 0.0, 0.0, 0.0, 0.0, 0.0, 0.0, 0.0, 0.0, 0.0, 0.0, 0.0, 0.0]
2022-12-12 20:43:26,095 Train INFO: mean test reward3: [0.0, 0.0, 0.0, 0.0, 0.0, 0.0, 0.0, 0.0, 0.0, 0.0, 0.0, 0.0, 0.0, 0.0, 0.0, 0.0, 0.0, 0.0, 0.0, 0.0, 0.0, 0.0, 0.0, 0.0, 0.0, 0.0, 0.0, 0.0, 0.0, 0.0, 0.0, 0.0, 0.0, 0.0, 0.0, 0.0, 0.0, 0.0, 0.0, 0.0, 0.0, 0.0, 0.0, 0.0, 0.0, 0.0, 0.0, 0.0, 0.0, 0.0]
2022-12-12 20:43:26,095 Train INFO: mean test reward4: [0.0, 0.0, 0.0, 0.0, 0.0, 0.0, 0.0, 0.0, 0.0, 0.0, 0.0, 0.0, 0.0, 0.0, 0.0, 0.0, 0.0, 0.0, 0.0, 0.0, 0.0, 0.0, 0.0, 0.0, 0.0, 0.0, 0.0, 0.0, 0.0, 0.0, 0.0, 0.0, 0.0, 0.0, 0.0, 0.0, 0.0, 0.0, 0.0, 0.0, 0.0, 0.0, 0.0, 0.0, 0.0, 0.0, 0.0, 0.0, 0.0, 0.0]
2022-12-12 20:43:26,095 Train INFO: mean test reward: 76.1888,0.0000,0.0000,0.0000
2022-12-12 20:43:26,095 Train INFO: test seed: 3************************************
2022-12-12 20:43:30,524 Train INFO: mean test reward1: [82.05746696025176, 76.88416970133171, 82.57128298482131, 80.77864274748377, 76.81543629119238, 81.1920318707362, 82.2784785139933, 80.6930082298763, 85.78354133324711, 78.50866127781265, 82.80257784913103, 79.14894865643558, 80.56574760926611, 77.4040628898594, 78.08307463940885, 82.97162397693572, 84.28473126019509, 85.32880309350767, 80.4872481228501, 86.84492525505624, 81.79651320164223, 82.910192761109, 82.11136009424732, 85.52368455036785, 76.01821909291431, 85.56332982036078, 85.82465048741396, 77.57731516427413, 79.20180674075503, 75.80857589062788, 75.80731683353436, 83.99678224220348, 79.50270803527403, 84.38236862365017, 83.27604714087451, 81.1107871555832, 82.17929759521635, 76.92630535343922, 75.8130615577701, 84.23255766147898, 81.47666370867638, 81.57882646168107, 80.48750690166855, 81.34534511049426, 84.48103168056275, 82.3335303134946, 79.46925684242639, 84.78545484450154, 84.17961252417939, 87.83185721383857]
2022-12-12 20:43:30,524 Train INFO: mean test reward2: [0.0, 0.0, 0.0, 0.0, 0.0, 0.0, 0.0, 0.0, 0.0, 0.0, 0.0, 0.0, 0.0, 0.0, 0.0, 0.0, 0.0, 0.0, 0.0, 0.0, 0.0, 0.0, 0.0, 0.0, 0.0, 0.0, 0.0, 0.0, 0.0, 0.0, 0.0, 0.0, 0.0, 0.0, 0.0, 0.0, 0.0, 0.0, 0.0, 0.0, 0.0, 0.0, 0.0, 0.0, 0.0, 0.0, 0.0, 0.0, 0.0, 0.0]
2022-12-12 20:43:30,524 Train INFO: mean test reward3: [0.0, 0.0, 0.0, 0.0, 0.0, 0.0, 0.0, 0.0, 0.0, 0.0, 0.0, 0.0, 0.0, 0.0, 0.0, 0.0, 0.0, 0.0, 0.0, 0.0, 0.0, 0.0, 0.0, 0.0, 0.0, 0.0, 0.0, 0.0, 0.0, 0.0, 0.0, 0.0, 0.0, 0.0, 0.0, 0.0, 0.0, 0.0, 0.0, 0.0, 0.0, 0.0, 0.0, 0.0, 0.0, 0.0, 0.0, 0.0, 0.0, 0.0]
2022-12-12 20:43:30,524 Train INFO: mean test reward4: [0.0, 0.0, 0.0, 0.0, 0.0, 0.0, 0.0, 0.0, 0.0, 0.0, 0.0, 0.0, 0.0, 0.0, 0.0, 0.0, 0.0, 0.0, 0.0, 0.0, 0.0, 0.0, 0.0, 0.0, 0.0, 0.0, 0.0, 0.0, 0.0, 0.0, 0.0, 0.0, 0.0, 0.0, 0.0, 0.0, 0.0, 0.0, 0.0, 0.0, 0.0, 0.0, 0.0, 0.0, 0.0, 0.0, 0.0, 0.0, 0.0, 0.0]
2022-12-12 20:43:30,525 Train INFO: mean test reward: 81.4603,0.0000,0.0000,0.0000
2022-12-12 20:43:30,525 Train INFO: test seed: 4************************************
2022-12-12 20:43:35,090 Train INFO: mean test reward1: [81.38124156903748, 76.7685766306105, 79.39939163339865, 80.58917427036405, 77.22824074236607, 81.28231973330647, 80.10815364334249, 79.35224158203073, 75.60884788097523, 80.55245998691507, 79.58379522515885, 73.82767530050816, 85.39870544866318, 75.60884788097523, 83.34100022612104, 78.9106708949398, 81.75578902504995, 80.55245998691507, 79.53199182882815, 84.49317256223213, 77.07249286890483, 83.45861864403197, 80.93719400428336, 82.61905691529378, 81.01186531985218, 86.3626000532338, 83.16774188126263, 81.38124156903748, 77.5906550711643, 78.14879202185806, 77.83115093150485, 79.85905574515421, 77.40406288985942, 76.6487477558463, 81.5168776882175, 71.17025952566472, 82.70391479221843, 79.85905574515421, 82.15638879598278, 80.33226595385179, 77.23553462391908, 80.02758401109453, 78.89257747027516, 80.92674866410907, 86.35272491130871, 83.2760471408745, 77.29319382761258, 80.1384324797605, 82.71853330381387, 78.4329133585196]
2022-12-12 20:43:35,090 Train INFO: mean test reward2: [0.0, 0.0, 0.0, 0.0, 0.0, 0.0, 0.0, 0.0, 0.0, 0.0, 0.0, 0.0, 0.0, 0.0, 0.0, 0.0, 0.0, 0.0, 0.0, 0.0, 0.0, 0.0, 0.0, 0.0, 0.0, 0.0, 0.0, 0.0, 0.0, 0.0, 0.0, 0.0, 0.0, 0.0, 0.0, 0.0, 0.0, 0.0, 0.0, 0.0, 0.0, 0.0, 0.0, 0.0, 0.0, 0.0, 0.0, 0.0, 0.0, 0.0]
2022-12-12 20:43:35,090 Train INFO: mean test reward3: [0.0, 0.0, 0.0, 0.0, 0.0, 0.0, 0.0, 0.0, 0.0, 0.0, 0.0, 0.0, 0.0, 0.0, 0.0, 0.0, 0.0, 0.0, 0.0, 0.0, 0.0, 0.0, 0.0, 0.0, 0.0, 0.0, 0.0, 0.0, 0.0, 0.0, 0.0, 0.0, 0.0, 0.0, 0.0, 0.0, 0.0, 0.0, 0.0, 0.0, 0.0, 0.0, 0.0, 0.0, 0.0, 0.0, 0.0, 0.0, 0.0, 0.0]
2022-12-12 20:43:35,091 Train INFO: mean test reward4: [0.0, 0.0, 0.0, 0.0, 0.0, 0.0, 0.0, 0.0, 0.0, 0.0, 0.0, 0.0, 0.0, 0.0, 0.0, 0.0, 0.0, 0.0, 0.0, 0.0, 0.0, 0.0, 0.0, 0.0, 0.0, 0.0, 0.0, 0.0, 0.0, 0.0, 0.0, 0.0, 0.0, 0.0, 0.0, 0.0, 0.0, 0.0, 0.0, 0.0, 0.0, 0.0, 0.0, 0.0, 0.0, 0.0, 0.0, 0.0, 0.0, 0.0]
2022-12-12 20:43:35,091 Train INFO: mean test reward: 80.0360,0.0000,0.0000,0.0000
2022-12-12 20:43:35,092 Train INFO: test seed: 5************************************
2022-12-12 20:43:39,363 Train INFO: mean test reward1: [75.29038639998586, 72.0296783223674, 74.82209941540734, 80.92482095605038, 80.33174839621489, 76.25514995859251, 80.09031899749628, 77.76886494189594, 79.74346267443299, 76.80000996216533, 76.13955688787128, 78.43291335851961, 81.21762542687839, 75.8130615577701, 80.4872481228501, 80.1460419696399, 77.22824074236607, 76.25514995859251, 80.04345933691444, 81.93956873770561, 78.73713924812576, 77.93340409533587, 71.46378545394546, 81.48559339041411, 78.14879202185809, 87.40643628878331, 79.89495220369744, 78.9914993060062, 74.42228496474307, 75.85543555120975, 74.70439946312494, 84.51154320415458, 78.03697927602967, 75.81306155777011, 84.39591502481964, 75.33081835420768, 79.97578061476383, 77.93340409533586, 77.67103448543786, 76.81543629119238, 75.06696462435185, 76.59532435619577, 79.20180674075505, 78.68928454468002, 78.47977301910147, 83.55728170094451, 76.94829542153491, 75.50902822493927, 78.91067089493983, 79.46899806360796]
2022-12-12 20:43:39,365 Train INFO: mean test reward2: [0.0, 0.0, 0.0, 0.0, 0.0, 0.0, 0.0, 0.0, 0.0, 0.0, 0.0, 0.0, 0.0, 0.0, 0.0, 0.0, 0.0, 0.0, 0.0, 0.0, 0.0, 0.0, 0.0, 0.0, 0.0, 0.0, 0.0, 0.0, 0.0, 0.0, 0.0, 0.0, 0.0, 0.0, 0.0, 0.0, 0.0, 0.0, 0.0, 0.0, 0.0, 0.0, 0.0, 0.0, 0.0, 0.0, 0.0, 0.0, 0.0, 0.0]
2022-12-12 20:43:39,366 Train INFO: mean test reward3: [0.0, 0.0, 0.0, 0.0, 0.0, 0.0, 0.0, 0.0, 0.0, 0.0, 0.0, 0.0, 0.0, 0.0, 0.0, 0.0, 0.0, 0.0, 0.0, 0.0, 0.0, 0.0, 0.0, 0.0, 0.0, 0.0, 0.0, 0.0, 0.0, 0.0, 0.0, 0.0, 0.0, 0.0, 0.0, 0.0, 0.0, 0.0, 0.0, 0.0, 0.0, 0.0, 0.0, 0.0, 0.0, 0.0, 0.0, 0.0, 0.0, 0.0]
2022-12-12 20:43:39,366 Train INFO: mean test reward4: [0.0, 0.0, 0.0, 0.0, 0.0, 0.0, 0.0, 0.0, 0.0, 0.0, 0.0, 0.0, 0.0, 0.0, 0.0, 0.0, 0.0, 0.0, 0.0, 0.0, 0.0, 0.0, 0.0, 0.0, 0.0, 0.0, 0.0, 0.0, 0.0, 0.0, 0.0, 0.0, 0.0, 0.0, 0.0, 0.0, 0.0, 0.0, 0.0, 0.0, 0.0, 0.0, 0.0, 0.0, 0.0, 0.0, 0.0, 0.0, 0.0, 0.0]
2022-12-12 20:43:39,368 Train INFO: mean test reward: 78.2743,0.0000,0.0000,0.0000
2022-12-12 20:43:39,369 Train INFO: test seed: 6************************************
2022-12-12 20:43:43,598 Train INFO: mean test reward1: [74.90452816830553, 69.32512435529485, 79.14056634586227, 75.57119789600998, 77.69290823499533, 74.04479421329856, 78.26438509257926, 75.78658582253217, 77.09955762785391, 79.57410704344936, 76.43010593089285, 73.16114438191944, 81.31628848379096, 74.02284099468577, 77.6748148103307, 68.97548601447677, 79.40430375717989, 77.14641728843581, 76.1395568878713, 79.5743658222678, 75.3308183542077, 77.75285793936814, 70.26640671934496, 85.71538979992636, 74.82658508254954, 80.06129398276062, 78.89257747027516, 78.90845279609505, 73.65119641604471, 78.13590111176069, 79.00737463182608, 81.38124156903746, 78.99899232125281, 73.24101327595183, 78.1802253534129, 76.422108931264, 79.92892095418195, 75.65731368430885, 75.02678502137688, 68.87606583921058, 75.21396622639297, 74.61409064601715, 77.55922173960947, 77.43053862509736, 74.15542968770285, 75.32633268706543, 65.1071819760303, 78.81796765919215, 78.60845613361363, 70.06739715622619]
2022-12-12 20:43:43,608 Train INFO: mean test reward2: [0.0, 0.0, 0.0, 0.0, 0.0, 0.0, 0.0, 0.0, 0.0, 0.0, 0.0, 0.0, 0.0, 0.0, 0.0, 0.0, 0.0, 0.0, 0.0, 0.0, 0.0, 0.0, 0.0, 0.0, 0.0, 0.0, 0.0, 0.0, 0.0, 0.0, 0.0, 0.0, 0.0, 0.0, 0.0, 0.0, 0.0, 0.0, 0.0, 0.0, 0.0, 0.0, 0.0, 0.0, 0.0, 0.0, 0.0, 0.0, 0.0, 0.0]
2022-12-12 20:43:43,608 Train INFO: mean test reward3: [0.0, 0.0, 0.0, 0.0, 0.0, 0.0, 0.0, 0.0, 0.0, 0.0, 0.0, 0.0, 0.0, 0.0, 0.0, 0.0, 0.0, 0.0, 0.0, 0.0, 0.0, 0.0, 0.0, 0.0, 0.0, 0.0, 0.0, 0.0, 0.0, 0.0, 0.0, 0.0, 0.0, 0.0, 0.0, 0.0, 0.0, 0.0, 0.0, 0.0, 0.0, 0.0, 0.0, 0.0, 0.0, 0.0, 0.0, 0.0, 0.0, 0.0]
2022-12-12 20:43:43,609 Train INFO: mean test reward4: [0.0, 0.0, 0.0, 0.0, 0.0, 0.0, 0.0, 0.0, 0.0, 0.0, 0.0, 0.0, 0.0, 0.0, 0.0, 0.0, 0.0, 0.0, 0.0, 0.0, 0.0, 0.0, 0.0, 0.0, 0.0, 0.0, 0.0, 0.0, 0.0, 0.0, 0.0, 0.0, 0.0, 0.0, 0.0, 0.0, 0.0, 0.0, 0.0, 0.0, 0.0, 0.0, 0.0, 0.0, 0.0, 0.0, 0.0, 0.0, 0.0, 0.0]
2022-12-12 20:43:43,609 Train INFO: mean test reward: 76.2482,0.0000,0.0000,0.0000
2022-12-12 20:43:43,610 Train INFO: test seed: 7************************************
2022-12-12 20:43:47,794 Train INFO: mean test reward1: [79.37033500669537, 74.33812522557672, 73.5244587891943, 78.42842769137738, 69.57447692090201, 75.29812596555934, 77.78662755615909, 77.39336056930676, 77.6748148103307, 73.82767530050816, 73.1469631443866, 76.11756681977559, 83.45861864403193, 76.29577669050722, 77.21515069857514, 77.27061473580571, 80.4872481228501, 77.17095348597401, 75.31378588242892, 80.05212335868802, 75.33081835420768, 77.41878582321002, 76.62180009143371, 80.10392675501869, 78.59302980458658, 82.9647270029734, 82.66994604173391, 76.52448406449531, 78.12482219624975, 75.11543042768548, 78.9914993060062, 83.72632782874922, 78.39583721386366, 78.10193236127621, 77.9506701549572, 72.1526778386032, 80.75116190289832, 75.92865462849133, 74.69220827611065, 68.82788331895505, 71.336532859425, 75.90217889325339, 73.14696314438659, 82.30894498689092, 82.84943750971287, 79.96288970466647, 72.84741547869801, 78.19943200733276, 79.63912079513686, 77.67103448543784]
2022-12-12 20:43:47,794 Train INFO: mean test reward2: [0.0, 0.0, 0.0, 0.0, 0.0, 0.0, 0.0, 0.0, 0.0, 0.0, 0.0, 0.0, 0.0, 0.0, 0.0, 0.0, 0.0, 0.0, 0.0, 0.0, 0.0, 0.0, 0.0, 0.0, 0.0, 0.0, 0.0, 0.0, 0.0, 0.0, 0.0, 0.0, 0.0, 0.0, 0.0, 0.0, 0.0, 0.0, 0.0, 0.0, 0.0, 0.0, 0.0, 0.0, 0.0, 0.0, 0.0, 0.0, 0.0, 0.0]
2022-12-12 20:43:47,794 Train INFO: mean test reward3: [0.0, 0.0, 0.0, 0.0, 0.0, 0.0, 0.0, 0.0, 0.0, 0.0, 0.0, 0.0, 0.0, 0.0, 0.0, 0.0, 0.0, 0.0, 0.0, 0.0, 0.0, 0.0, 0.0, 0.0, 0.0, 0.0, 0.0, 0.0, 0.0, 0.0, 0.0, 0.0, 0.0, 0.0, 0.0, 0.0, 0.0, 0.0, 0.0, 0.0, 0.0, 0.0, 0.0, 0.0, 0.0, 0.0, 0.0, 0.0, 0.0, 0.0]
2022-12-12 20:43:47,794 Train INFO: mean test reward4: [0.0, 0.0, 0.0, 0.0, 0.0, 0.0, 0.0, 0.0, 0.0, 0.0, 0.0, 0.0, 0.0, 0.0, 0.0, 0.0, 0.0, 0.0, 0.0, 0.0, 0.0, 0.0, 0.0, 0.0, 0.0, 0.0, 0.0, 0.0, 0.0, 0.0, 0.0, 0.0, 0.0, 0.0, 0.0, 0.0, 0.0, 0.0, 0.0, 0.0, 0.0, 0.0, 0.0, 0.0, 0.0, 0.0, 0.0, 0.0, 0.0, 0.0]
2022-12-12 20:43:47,794 Train INFO: mean test reward: 77.2119,0.0000,0.0000,0.0000
2022-12-12 20:43:47,795 Train INFO: test seed: 8************************************
