2022-12-12 15:38:56,181 Train INFO: Namespace(logger=<Logger Train (INFO)>, name='A2C2022-12-12-15-38-56', gpu='0', device=device(type='cuda', index=0), gamma=1, epoch_num=3000, test_episode=50, val_episode=50, test_size=0.1, val_size=0.5, batch_size=50, train_batch_size=50, num_steps=10, h=1, w=[120, 50], nn_out=40, share_lr=0.0001, actor_lr=1e-05, critic_lr=0.01, step=10, lr_min=1e-05, e_rate=0.001, a_rate=1, c_rate=1, lr_decay_lambda=0.999, load=False, duse_T=True, est_T=False, use_pref=False, same_price=False, use_price=True, only_test=True, test_benchmark=True, change_T=True, num='105', print_grad=False, max_norm=10, seed_range=20, net_seed=10, seed=0, info=True, selling_length=150, cardinality=8, ini_inv=2, num_products=100, number_samples=10000, num_cus_types=4, seg_prob=None, num_cus_features=4, MNLdata=10000, p_file='../Gene_databeta/simul/p10_random.npy', c_file='../Gene_databeta/simul/c4_random.npy')
2022-12-12 15:38:56,181 Train INFO: log/A2C2022-12-12-15-38-56
2022-12-12 15:38:58,647 Train INFO: products price: [1649.73814547 1127.61563842  931.02871698 1360.34237971  725.13091995
  923.26577906 1048.06358099 1335.59336555 1195.40725861 1064.01482778
  911.06874296 1048.7285084   862.45852977  562.0352617  1338.46425903
  990.15321765  520.29278707 1208.23053483 1211.78612974 1415.52984074
  793.16221683 1876.27989159 1532.58284504  955.82118943 1761.86348334
  839.64872328  552.35384058 1249.34487063  512.10224121 1264.40811504
  800.71457455 1724.21396565 1820.46937714 1053.61927862 1303.52226404
  687.23532693  553.41199285 1166.92080199  888.36091138 1555.51175855
  945.60906956  904.8232257   185.11950973  956.00340393  921.97706365
  777.00211129 1233.85864419 1855.13122698 1247.19421357  809.85084994
  477.38637086 1180.64638022  688.85646935 1821.84964101 1336.34462326
 1180.51360642  846.06710047  671.01312444  972.26852132  920.40072648
 1206.16552071 1416.03566126 1211.55189823  896.40685864 1067.94770214
 1577.1507714  1254.63336377 1273.60053127  109.15494726 1404.48282551
 1341.31287433  440.47487253 1148.9827406  1464.57599267 1204.3751098
  570.81428852  460.8940235  1490.06233971 1354.33031959  984.32869752
 1393.98066869  796.41108887 1427.58864888 1277.02973902 1164.10629816
 1159.15216995 1300.53489406 1407.42098991  808.96765814  987.27313092
  169.27919123  946.08274828 1174.39447852  944.25927782 1517.41984827
 1615.68280386  142.22238131  657.0012701  1487.17636032 1170.3680706 ]
2022-12-12 15:38:58,647 Train INFO: seg_prob [0.21154331 0.33382619 0.24539256 0.20923794]
2022-12-12 15:38:58,647 Train INFO: Load Factor 0.75
2022-12-12 15:38:58,652 Train INFO: test seed: 0************************************
2022-12-12 16:21:50,466 Train INFO: mean test reward1: [0.0, 0.0, 0.0, 0.0, 0.0, 0.0, 0.0, 0.0, 0.0, 0.0, 0.0, 0.0, 0.0, 0.0, 0.0, 0.0, 0.0, 0.0, 0.0, 0.0, 0.0, 0.0, 0.0, 0.0, 0.0, 0.0, 0.0, 0.0, 0.0, 0.0, 0.0, 0.0, 0.0, 0.0, 0.0, 0.0, 0.0, 0.0, 0.0, 0.0, 0.0, 0.0, 0.0, 0.0, 0.0, 0.0, 0.0, 0.0, 0.0, 0.0]
2022-12-12 16:21:50,466 Train INFO: mean test reward2: [78.33999302375565, 77.97130595005383, 79.73829313637741, 80.07851773726094, 76.31213885985132, 79.07190777465436, 77.5868128084172, 78.9529740054108, 75.30742375214501, 79.64487538742561, 78.94910349305628, 79.46375840866924, 81.41521194725655, 77.5992644515032, 72.92930781727445, 79.11602300533349, 79.44547832586802, 81.48962885034358, 76.6765706315575, 75.52641769318625, 84.89809220561291, 81.24033063527547, 75.35892220170958, 76.13523455741556, 80.5578396762935, 80.16605054432868, 79.37576725538231, 78.40192452459326, 77.97918385564516, 76.98013540043505, 78.09162717081111, 74.50827272021611, 75.12965649207804, 76.70081900394987, 74.8442082271509, 75.33685330899766, 79.91828341497398, 78.3845091849867, 79.1774306716743, 76.33461498161599, 74.64417668526364, 76.16744456995245, 75.34754693614383, 79.37842432195038, 77.59763645993469, 80.2136778952989, 78.21773634835665, 74.24945620112713, 76.59070630778692, 80.23570443813858]
2022-12-12 16:21:50,466 Train INFO: mean test reward3: [88.34932939921157, 92.28492404237696, 91.84814535000855, 88.76044507288155, 93.3409913315881, 93.81859946055916, 95.17150456667686, 90.84348425083279, 95.61877297507485, 90.89019535243943, 93.2362681765057, 95.1690942087018, 97.99684986561499, 93.31467284192946, 95.17778751033269, 93.77465265836399, 91.36994953768917, 96.14761808996514, 89.87517743673017, 93.7399417428285, 92.35974750034886, 96.21921287120736, 93.24595410280276, 94.21640200293525, 95.18574987042831, 94.2777465952902, 95.2481613835256, 89.82641269914622, 89.30115888819988, 95.19525592842419, 90.35403131009468, 90.8175068052063, 87.32865578726943, 91.36091477586965, 93.74516767457906, 93.74846682465909, 93.28251536111124, 97.06877130913587, 93.71920252219442, 93.75181663766205, 93.7783664326957, 92.2304186504266, 96.60091662892023, 94.25495782565262, 93.72636818917493, 95.61837977058163, 92.82770059374714, 96.53653935515082, 89.39047484723235, 91.83056284049994]
2022-12-12 16:21:50,466 Train INFO: mean test reward4: [94.76740289495437, 91.59150859833146, 94.18054884508383, 91.27927904038613, 91.32629535112407, 92.09900290043069, 92.79017120049446, 94.31183855418514, 95.86832457679485, 92.66605339953271, 90.8562727270373, 91.50174512340934, 91.52493793307077, 95.56785441463533, 91.29956988554993, 93.60420754430821, 94.52190400105572, 92.88361359334438, 89.17678455538282, 88.30865559574033, 93.89771990838865, 87.75916960567373, 90.88331448460748, 91.59052498520003, 84.44306044769927, 98.18270282290324, 83.57643717171794, 92.72213107705154, 90.55142873862576, 95.22955371461784, 93.66024731779137, 90.44882236264662, 95.34802880989292, 97.6650687808232, 96.00255070468255, 89.15825551927418, 92.00354193881985, 93.34507619681933, 88.78890495417107, 89.91671274942847, 88.50244957961564, 91.80556928542411, 86.19216794417183, 85.13759086270056, 90.95504799168891, 92.44010348917018, 94.44901914134374, 90.91190872409713, 86.49274807385457, 91.68516612810126]
2022-12-12 16:21:50,466 Train INFO: mean test reward: 0.0000,77.9555,93.1555,91.6774
2022-12-12 16:21:50,467 Train INFO: test seed: 1************************************
2022-12-12 17:05:44,966 Train INFO: mean test reward1: [0.0, 0.0, 0.0, 0.0, 0.0, 0.0, 0.0, 0.0, 0.0, 0.0, 0.0, 0.0, 0.0, 0.0, 0.0, 0.0, 0.0, 0.0, 0.0, 0.0, 0.0, 0.0, 0.0, 0.0, 0.0, 0.0, 0.0, 0.0, 0.0, 0.0, 0.0, 0.0, 0.0, 0.0, 0.0, 0.0, 0.0, 0.0, 0.0, 0.0, 0.0, 0.0, 0.0, 0.0, 0.0, 0.0, 0.0, 0.0, 0.0, 0.0]
2022-12-12 17:05:44,966 Train INFO: mean test reward2: [69.35157512512211, 77.58897718418775, 73.96813757194249, 78.18399505239411, 74.11823361547299, 75.65468996018943, 66.14641561660153, 76.03161959512269, 74.98267921442046, 74.705027304671, 75.6253730664858, 78.89766273682028, 72.36470741523127, 75.44166456265756, 73.40831016262915, 73.30831970531804, 74.93280837252138, 76.00443584638113, 77.65996777857772, 71.94330431121395, 75.94466899539823, 72.15042693396198, 72.49401258531104, 74.44465157037914, 69.24882719751096, 81.98529013678152, 76.08766156739956, 76.9028755239181, 77.64913292202407, 72.83562980239265, 74.66275207459417, 72.2386132819156, 77.29074537731951, 76.39607650779139, 76.74023299570185, 78.4241541810838, 74.90742973154302, 72.79967338665196, 71.92890836931564, 76.95723952059252, 70.18268511298595, 71.93623035344773, 72.33345863982782, 78.17517470943224, 75.14514064917029, 71.2954456932577, 74.73975523227904, 79.82637689831239, 77.80001857429063, 76.20467331553095]
2022-12-12 17:05:44,966 Train INFO: mean test reward3: [90.81841906444674, 92.3464616291947, 92.29702765704947, 89.25424066040809, 89.2626898623491, 93.76030031746747, 89.8702278644337, 92.33738589311812, 91.33023035829395, 91.8074915345371, 85.16747295032825, 90.35240992283993, 93.7564028115078, 88.88010305608384, 91.86574876166532, 90.76000749808415, 86.2389024401568, 92.31734433638638, 79.97034548154387, 88.88257826893997, 89.40529721650913, 90.84562753289967, 89.7706257749226, 92.84118362061601, 92.35541459098177, 91.35821937147496, 91.37727496244071, 86.86377893802933, 89.31907322038877, 90.38340794189465, 86.82482431863656, 90.86888182117502, 88.71337452621893, 90.32200862468639, 90.39647674180092, 88.85417926729978, 90.13147358358248, 86.70906230017599, 87.85464440524059, 93.7729141549377, 94.30220220016376, 85.83453545371684, 90.35295314519897, 88.77350336356761, 83.1733503086003, 88.8855221777135, 86.8569713195295, 91.3751718242325, 82.06078797144686, 90.33506207104422]
2022-12-12 17:05:44,966 Train INFO: mean test reward4: [90.96374449993509, 92.0996465827618, 86.92130996265857, 83.97508311970535, 84.65048086046737, 87.5363472003002, 89.90681463999663, 90.34969497782205, 85.89026023979494, 88.46347267289312, 87.49689549174035, 91.32362714481806, 89.92508930031514, 90.69827778579776, 89.76767820992482, 86.83728242900992, 84.86752783892796, 91.87336048246459, 85.94595339143494, 88.15660359901143, 88.49696188220341, 93.61475370462479, 88.92078106189746, 85.90443026986709, 89.13989868106329, 88.10680189690977, 85.91987843645857, 89.88200131116206, 87.85955002455567, 87.47345655734738, 91.47259077375776, 89.38160927215726, 88.10700019948061, 90.33931930968171, 86.29997561042262, 89.37438143286393, 84.2226028451572, 89.66605947391656, 92.10542324204684, 91.48252658449435, 90.38017946410493, 80.77690676476276, 86.46894908111832, 90.84715604445083, 90.07025022458481, 91.93820057884602, 91.54523967717836, 85.91486297983973, 92.18195035508424, 91.74119978466989]
2022-12-12 17:05:44,966 Train INFO: mean test reward: 0.0000,74.8009,89.6439,88.7457
2022-12-12 17:05:44,967 Train INFO: test seed: 2************************************
2022-12-12 17:48:01,356 Train INFO: mean test reward1: [0.0, 0.0, 0.0, 0.0, 0.0, 0.0, 0.0, 0.0, 0.0, 0.0, 0.0, 0.0, 0.0, 0.0, 0.0, 0.0, 0.0, 0.0, 0.0, 0.0, 0.0, 0.0, 0.0, 0.0, 0.0, 0.0, 0.0, 0.0, 0.0, 0.0, 0.0, 0.0, 0.0, 0.0, 0.0, 0.0, 0.0, 0.0, 0.0, 0.0, 0.0, 0.0, 0.0, 0.0, 0.0, 0.0, 0.0, 0.0, 0.0, 0.0]
2022-12-12 17:48:01,356 Train INFO: mean test reward2: [74.36642800756368, 67.45442143171344, 69.17914943929041, 63.911093109832585, 71.995649837522, 66.01999296032909, 66.38667841523346, 61.369571631266744, 68.41037135263389, 72.48411034141519, 63.94603996454952, 70.09692985360118, 69.47784938181738, 70.07925646461781, 71.85631709347368, 66.80223736774181, 71.20788182969888, 67.27899008292111, 70.70201761407515, 67.34655317635799, 68.1414508558053, 70.26096615133454, 71.26073624385258, 72.47457307828839, 71.94725853253348, 70.23074506539518, 71.49125706468259, 71.82203462341583, 76.18495644339377, 71.43251069567177, 71.13987835248611, 72.41509810061483, 70.46004851584588, 69.57092122147768, 73.6305072223143, 65.13100607312458, 73.68902307189319, 70.98184916662571, 62.55296628062997, 64.37027816849998, 68.77194486120162, 63.12058643743085, 68.58747446748187, 75.38863312116628, 68.66560347252316, 67.23736144190654, 73.87481484148091, 73.91204413397696, 71.315242996472, 67.31931743651997]
2022-12-12 17:48:01,356 Train INFO: mean test reward3: [83.690508461565, 86.37039890244068, 85.8188630017382, 85.85732892962653, 85.69738223927305, 82.09755045598457, 76.66565688329277, 88.8168745013186, 84.2779634963337, 86.70090167340906, 87.23314389658917, 79.88538264363982, 88.90723325253111, 83.50092058845063, 89.8724390575167, 86.86410216886543, 82.55887403967336, 90.1264857918812, 87.30322960748019, 85.82574117010478, 84.74138015062819, 86.34070941248712, 86.81580593567112, 87.2014247456466, 87.83167199354992, 88.24759386869934, 87.27165322526083, 83.47287713747404, 83.12711209425358, 87.3633222416554, 84.7893621888207, 84.23927048300041, 82.50226381836033, 80.56046294117493, 84.89099765816007, 86.33690734471443, 88.26974419460278, 91.84536751683997, 81.53521403353685, 87.36155816306469, 86.36654650126083, 81.64802598413536, 85.25630513572037, 83.76796562480001, 74.83200394430708, 82.13895516155715, 86.77064279762499, 89.84575431988661, 83.1760554030528, 89.84425873488028]
2022-12-12 17:48:01,356 Train INFO: mean test reward4: [81.47869038533965, 80.93614868312267, 86.14350457999554, 85.57666599601731, 81.65005318473465, 87.1189393907708, 79.68947599681718, 85.49313003781432, 86.67233163843102, 86.21624688563664, 82.95399590659407, 84.86212501313496, 83.6075955790487, 88.4133498406274, 83.94772963290994, 79.70040326524888, 85.92772042830845, 81.34686321515535, 86.60589062625957, 79.43117468307922, 81.05176168742378, 75.51669701079699, 83.31387691610225, 82.33467161164499, 86.12000039390225, 82.65799825953897, 83.2673413746075, 87.84273435363802, 85.1766934871307, 81.04596207979496, 83.90829232360835, 85.27206398299472, 86.43479833073464, 86.79762704970186, 83.47681740207513, 87.08479794103594, 82.03687571754517, 85.7546188368606, 87.11641822566109, 81.36682074510678, 83.5447531505393, 85.92216637733102, 83.99299757328474, 84.80307173060467, 84.82199734829852, 82.9402786023806, 80.34720164601461, 87.45629121233927, 83.2515790083086, 86.52058151201152]
2022-12-12 17:48:01,356 Train INFO: mean test reward: 0.0000,69.5551,85.3292,83.9790
2022-12-12 17:48:01,357 Train INFO: test seed: 3************************************
2022-12-12 18:32:57,695 Train INFO: mean test reward1: [0.0, 0.0, 0.0, 0.0, 0.0, 0.0, 0.0, 0.0, 0.0, 0.0, 0.0, 0.0, 0.0, 0.0, 0.0, 0.0, 0.0, 0.0, 0.0, 0.0, 0.0, 0.0, 0.0, 0.0, 0.0, 0.0, 0.0, 0.0, 0.0, 0.0, 0.0, 0.0, 0.0, 0.0, 0.0, 0.0, 0.0, 0.0, 0.0, 0.0, 0.0, 0.0, 0.0, 0.0, 0.0, 0.0, 0.0, 0.0, 0.0, 0.0]
2022-12-12 18:32:57,695 Train INFO: mean test reward2: [78.55578479533825, 72.68012523424953, 75.59790654385137, 79.04010976109524, 74.9382834103791, 72.57929743691135, 71.79763743682354, 72.98379408851812, 76.95234788187906, 66.9097909098829, 73.18802379271972, 74.38080270203011, 72.18066404100006, 75.90435726009163, 77.26083412702458, 70.47817426306861, 74.89165731608166, 73.78490976301866, 72.32409537384925, 76.8219539997877, 74.94814210955658, 71.52141803776381, 75.57309896477966, 77.3144973391098, 77.77806236638561, 80.70622557787406, 73.72996668534405, 77.69529081432414, 74.36530114741421, 73.19736567179248, 77.74958439026302, 80.56931869252085, 80.49015569044114, 79.38859947935697, 77.45717360925235, 77.39977399079393, 74.08407144397873, 75.15606846626221, 76.25223882992371, 74.67650965440707, 69.7881752690236, 71.63408515527651, 75.25843693839958, 78.47109923844064, 76.14475705814023, 73.37774824531874, 77.48821272646332, 73.31102200613013, 74.48032386772061, 77.05995877291767]
2022-12-12 18:32:57,695 Train INFO: mean test reward3: [91.80888995467348, 86.81477504526055, 94.79909755006615, 89.88237375476469, 91.82594520966038, 88.20312652672038, 88.32161737474561, 87.82235968801399, 88.8728730399387, 86.67935401333895, 89.86267818551634, 87.27994204516575, 93.76790530164045, 92.82485365321983, 95.21233217341272, 86.81108173016173, 89.37841947638461, 92.31281701676433, 88.81242430569128, 92.79017011038843, 90.853943363927, 90.34793086014531, 93.2909572666276, 92.8394041785862, 92.16719652723664, 89.85887498384861, 90.38710766607136, 87.849839547747, 90.86331988211302, 92.84866441341306, 89.86677253379875, 88.87721984454389, 89.30290040625259, 89.38550118441981, 89.84553871304672, 93.30210458395551, 90.72398072950811, 86.84600898668417, 89.34684763973131, 92.28678923788878, 88.86484348848496, 88.32817936843705, 90.84966243688028, 88.87618863711272, 86.74612597792029, 89.86677253379877, 87.29651302992382, 91.80633573403811, 90.87033881599618, 90.34547146016426]
2022-12-12 18:32:57,695 Train INFO: mean test reward4: [89.704496993374, 89.96509564283272, 80.73161529330902, 94.84641931650124, 83.53720922176493, 91.26188948229574, 85.49531972694872, 89.5063113231893, 88.13921002517252, 91.61376845620828, 87.94609632885837, 85.63088784446587, 84.18754943512242, 93.03682570913733, 89.6814163435255, 86.38305868935409, 93.83741899260428, 89.06108368527251, 88.64960662268082, 89.40354867782729, 94.63850436755725, 81.58474283109653, 91.20857121134681, 88.4661186017006, 92.07836121214096, 90.03184841731846, 91.03072063216642, 93.24448100101912, 90.59882266833492, 86.87417710395201, 91.28442075519439, 91.8440074766685, 90.28134197294608, 91.63066530585424, 96.92954816240805, 86.71623937597556, 87.65160435142485, 89.14390769687482, 92.79356575866693, 88.36604945398416, 88.65833067163871, 86.22215796817726, 86.18615165736387, 86.50304717168011, 85.65084733370487, 94.08924081195713, 89.70154940933763, 86.0669224790334, 89.3661112605704, 88.15672843726612]
2022-12-12 18:32:57,696 Train INFO: mean test reward: 0.0000,75.2063,90.1805,89.1924
2022-12-12 18:32:57,696 Train INFO: test seed: 4************************************
2022-12-12 19:16:44,666 Train INFO: mean test reward1: [0.0, 0.0, 0.0, 0.0, 0.0, 0.0, 0.0, 0.0, 0.0, 0.0, 0.0, 0.0, 0.0, 0.0, 0.0, 0.0, 0.0, 0.0, 0.0, 0.0, 0.0, 0.0, 0.0, 0.0, 0.0, 0.0, 0.0, 0.0, 0.0, 0.0, 0.0, 0.0, 0.0, 0.0, 0.0, 0.0, 0.0, 0.0, 0.0, 0.0, 0.0, 0.0, 0.0, 0.0, 0.0, 0.0, 0.0, 0.0, 0.0, 0.0]
2022-12-12 19:16:44,666 Train INFO: mean test reward2: [73.25689077397675, 77.15284932176483, 75.62211395282104, 72.61339247294988, 72.28963571475681, 71.52918255291874, 76.62310564760489, 71.5882629143827, 78.52786652959385, 72.80108724856034, 71.42571993471529, 75.08390425439742, 74.32137156637104, 72.55440310229639, 73.27233999927294, 73.11975710629572, 68.09823468415365, 72.24624444218784, 79.16787182638552, 71.69357518321674, 71.61546542158194, 74.27851312787782, 73.3156224590937, 75.51878305016133, 71.62904665471041, 75.82802225742186, 75.06670785024701, 79.65619222017726, 79.54095387981005, 68.20166404591205, 73.9297649096517, 77.1900646178044, 76.34737036342001, 75.78953296604705, 72.52074779799682, 76.68408734359049, 72.62211922976039, 77.54327152049837, 75.43923550541518, 73.23752599782213, 69.92322382354676, 75.02811792562592, 69.6174555108619, 74.54250542552259, 71.93465987546033, 74.76589041715552, 73.06740037207535, 73.25199653701291, 73.79586632845174, 76.58118325936871]
2022-12-12 19:16:44,666 Train INFO: mean test reward3: [87.79087150724173, 92.7999157352762, 89.40416258215842, 89.83958433436027, 89.13714957337204, 88.38164420134557, 90.31243791432203, 90.24269175431014, 87.83265702889996, 88.88962975464801, 87.36399373478388, 95.18479848565632, 93.74429700860878, 89.87258633628241, 90.07856397609633, 92.74360702324088, 83.15110410811786, 94.29942349301959, 85.83746393248612, 88.33784139762275, 90.38680002891718, 90.86180379851172, 93.27682230043797, 94.79751239731607, 94.79259690154657, 89.38620572339251, 88.84763037712085, 86.83395832673487, 86.32925829176358, 93.72585205847885, 86.84214895025268, 83.49928351211743, 88.38614669080295, 80.92914819787387, 88.37220782177737, 90.86440310536489, 88.80610890355952, 91.82984557132266, 87.3131282357105, 91.28709967656287, 86.34741119697887, 89.32159604800135, 93.77580974268639, 89.39397660696126, 89.84401678777776, 85.69558180043099, 88.40451160314095, 94.24874302374324, 91.81934088908852, 92.85128593452723]
2022-12-12 19:16:44,666 Train INFO: mean test reward4: [87.7343912072707, 93.24930895824046, 92.93467432194426, 84.33188214316172, 87.85543833459612, 88.69772402274818, 86.09647539844713, 87.30223133232826, 88.08384201330851, 85.84403624258266, 88.10385967754856, 84.9237908519691, 86.87272271669248, 89.5778898840242, 86.52191497997055, 87.7384792884767, 91.22586644319459, 92.71829540658766, 88.41855836382328, 88.15510355424527, 91.13038641930846, 88.69549268804782, 87.73638371347943, 87.50333665499822, 86.50522436884692, 88.6804824539629, 84.66598829129421, 89.05321718370098, 91.24635719933885, 89.54726441322616, 89.4045034196614, 91.50708499765744, 90.13124016044578, 91.56324377606133, 87.70270983840688, 89.40602199219764, 85.66122135524652, 86.4175205688198, 88.94986818546084, 88.15025961741513, 84.64310143778096, 91.28178035584448, 88.75753784215472, 83.3099701682843, 91.06009022542293, 89.96315410381658, 85.64698791567966, 86.52635823300457, 89.08624291553822, 87.76047614982187]
2022-12-12 19:16:44,666 Train INFO: mean test reward: 0.0000,74.0290,89.6863,88.3616
2022-12-12 19:16:44,667 Train INFO: test seed: 5************************************
2022-12-12 19:59:10,348 Train INFO: mean test reward1: [0.0, 0.0, 0.0, 0.0, 0.0, 0.0, 0.0, 0.0, 0.0, 0.0, 0.0, 0.0, 0.0, 0.0, 0.0, 0.0, 0.0, 0.0, 0.0, 0.0, 0.0, 0.0, 0.0, 0.0, 0.0, 0.0, 0.0, 0.0, 0.0, 0.0, 0.0, 0.0, 0.0, 0.0, 0.0, 0.0, 0.0, 0.0, 0.0, 0.0, 0.0, 0.0, 0.0, 0.0, 0.0, 0.0, 0.0, 0.0, 0.0, 0.0]
2022-12-12 19:59:10,348 Train INFO: mean test reward2: [72.32543975193238, 71.23086079564662, 72.46080212863052, 69.55833574514338, 67.4230654839841, 67.89796931288097, 68.0109513404668, 73.01863945857549, 75.8435332179005, 69.11270127770386, 72.7302061092969, 75.79323587989431, 73.94484369642063, 73.56192909832336, 75.1749306614596, 67.18373516107076, 71.45330080940043, 72.27201867032235, 73.16392897429472, 69.19874572406127, 68.84839690904971, 73.29795561925026, 74.90950552550801, 71.69620952478782, 68.24539521965596, 78.86992783634943, 69.77995412169271, 74.55047810095205, 70.34712182768858, 71.48741268932862, 73.04108607446267, 73.36275051620687, 70.43792109617748, 76.13810207802462, 74.90194957311584, 71.15320127615463, 71.374672608651, 72.57243980762082, 70.99645292504755, 70.78847592739793, 69.51270516605005, 70.16463642430223, 72.32741686330667, 69.64467801435111, 72.04749400496537, 67.52162473315394, 73.39896904220832, 69.6611947268305, 72.64728891045195, 69.70465675046248]
2022-12-12 19:59:10,348 Train INFO: mean test reward3: [87.84528297778438, 89.2388019056489, 83.0643054690319, 87.32788124185998, 87.83109325833907, 86.34814519461538, 87.40327617530903, 87.89006129063078, 85.19912060170287, 89.12227731833353, 84.52240202043531, 91.8457933536043, 88.89123849169204, 87.8003953539143, 89.31075944088822, 87.86566690312836, 85.25539150830755, 92.80475782469102, 87.29534342100757, 89.85489679272735, 86.77738616720877, 85.57631349304748, 89.80937109013966, 86.86462883343738, 86.30477363462775, 87.66523421306721, 87.28486685749363, 87.8224232275395, 87.38924603043945, 90.86488001254602, 87.28283724471659, 87.77235960579367, 84.70008349124384, 86.85927791350207, 89.83808390868538, 87.85617710893538, 84.68050230449158, 84.30425842068614, 87.77308697875284, 90.35036942379016, 89.34894617152769, 84.08302671579402, 92.8330948395221, 89.86583752909814, 85.83368518355819, 87.8944511562811, 88.85308667130585, 87.217371214061, 89.69950648457512, 89.37760071502214]
2022-12-12 19:59:10,348 Train INFO: mean test reward4: [86.15073909162494, 87.71622159636732, 89.94056274278519, 85.27514286864995, 81.04791775100051, 88.75352976336221, 83.5916379894788, 85.88216743255924, 87.05614484872548, 83.93481942072806, 83.34142371095083, 87.7613155583834, 86.49893136338126, 83.99600697918545, 85.30010831513579, 89.88532984741994, 91.17140517737627, 89.36984733539383, 82.87906089333555, 82.01861749746473, 86.53448508737765, 86.14897782771055, 84.00311563122668, 84.61440840826197, 83.62006244828008, 87.12192300672767, 85.88187392349876, 81.66077965094892, 80.65770174745431, 81.43058876781875, 85.27828708915034, 87.13242054876712, 82.05455052853158, 90.28345044148898, 87.78186217398229, 85.23225782742766, 79.44121091222536, 79.18163763479586, 91.22876840750968, 84.61357058328157, 89.7811541470383, 83.99779133482097, 83.28812188567498, 87.12150373457796, 80.77127166876689, 86.3125348322077, 86.3125348322077, 80.36165623573588, 90.30885934204728, 85.26367461133428]
2022-12-12 19:59:10,349 Train INFO: mean test reward: 0.0000,71.6958,87.7900,85.3798
2022-12-12 19:59:10,349 Train INFO: test seed: 6************************************
2022-12-12 20:41:06,347 Train INFO: mean test reward1: [0.0, 0.0, 0.0, 0.0, 0.0, 0.0, 0.0, 0.0, 0.0, 0.0, 0.0, 0.0, 0.0, 0.0, 0.0, 0.0, 0.0, 0.0, 0.0, 0.0, 0.0, 0.0, 0.0, 0.0, 0.0, 0.0, 0.0, 0.0, 0.0, 0.0, 0.0, 0.0, 0.0, 0.0, 0.0, 0.0, 0.0, 0.0, 0.0, 0.0, 0.0, 0.0, 0.0, 0.0, 0.0, 0.0, 0.0, 0.0, 0.0, 0.0]
2022-12-12 20:41:06,347 Train INFO: mean test reward2: [67.72963809474079, 72.65181891290473, 68.82134107190535, 66.54704226204261, 75.37363130016324, 72.984824415235, 69.40184243362823, 71.1468399971342, 68.44371849638763, 67.54153719594224, 68.57414861795363, 63.81898306320542, 68.05220012710191, 63.81489352763822, 67.29633228014629, 69.99405407682941, 67.35965781109725, 71.36684915783479, 69.37219792338155, 68.63163378816309, 71.47847182969312, 72.38950473982482, 74.77964401075732, 68.79114348962771, 70.56011822273759, 74.29065535959931, 73.07136575624794, 70.72445588099895, 71.59875526970927, 66.8684806466476, 70.0661103059594, 72.96100015068818, 68.89614499368106, 72.22720375992625, 67.28672074879346, 68.23233133335434, 74.35661034197639, 71.5987254831359, 70.09979967949346, 70.59271093114995, 75.48805596788672, 77.74178598372582, 67.6387408775775, 78.38953370235171, 72.99202994817874, 70.93581372652757, 70.9197922803593, 67.11166485779506, 72.21230686870848, 72.69967499792247]
2022-12-12 20:41:06,347 Train INFO: mean test reward3: [86.34599965356554, 86.36153586102196, 87.28511931381641, 85.77340068548664, 90.38596208078131, 81.64038649939842, 85.20389586461444, 87.80878045694732, 84.23658596540082, 90.84783707030756, 91.7955627029921, 90.79714270920304, 90.39647674180094, 86.25940051595101, 88.76256692485488, 89.39280512645067, 79.9154011307873, 89.87853449193835, 88.37632341145691, 84.82810954624992, 84.21230173801203, 86.14968083441839, 85.34396081660935, 89.3762556627054, 88.84130728686412, 90.3747363395859, 87.21768367148574, 78.7890087504439, 87.27650038423106, 86.82996230690105, 88.3681728267426, 84.63014176330394, 82.1050294704069, 80.06706458897821, 84.61723838851222, 87.86273125795016, 91.78240705098715, 89.88865955302077, 81.12494378558536, 88.84692227605537, 79.41228634296255, 83.0614311272297, 81.56453845357424, 86.85518386475461, 81.48029766154355, 85.34428436655473, 87.16399278151917, 89.39292372394749, 83.17649745418967, 89.3996041558359]
2022-12-12 20:41:06,347 Train INFO: mean test reward4: [80.6102413855797, 84.6162445557129, 85.93085689873423, 85.49770353868871, 79.64617693330602, 87.14234815914487, 81.2168860435322, 85.89557604782429, 85.90291428438998, 85.25725392602912, 77.69198969722859, 80.63028202174907, 85.04713928892036, 87.56685707440258, 88.07223773500421, 81.37057306153679, 83.92388052939103, 83.94538308227293, 84.2061618788939, 82.0661909479212, 87.75338747509501, 77.69796886731704, 85.82768067041731, 80.67620600522248, 83.20116441180306, 87.50601542984234, 79.38332386268128, 85.01461516660837, 83.39880504887795, 83.54565420659253, 87.17354630055559, 90.43738972889727, 85.27632130103189, 86.86967755315979, 81.43120858326337, 89.65420195333922, 87.14366849318623, 87.78395009682481, 88.72398989902224, 81.34632732845375, 85.20868088055465, 83.59981878857236, 83.89739324778563, 83.34908073342926, 81.64402965775092, 86.54588281651841, 86.2373410549403, 83.97736353549654, 86.51556129489799, 88.7969706495282]
2022-12-12 20:41:06,347 Train INFO: mean test reward: 0.0000,70.5185,86.3370,84.5171
2022-12-12 20:41:06,347 Train INFO: test seed: 7************************************
2022-12-12 21:22:44,858 Train INFO: mean test reward1: [0.0, 0.0, 0.0, 0.0, 0.0, 0.0, 0.0, 0.0, 0.0, 0.0, 0.0, 0.0, 0.0, 0.0, 0.0, 0.0, 0.0, 0.0, 0.0, 0.0, 0.0, 0.0, 0.0, 0.0, 0.0, 0.0, 0.0, 0.0, 0.0, 0.0, 0.0, 0.0, 0.0, 0.0, 0.0, 0.0, 0.0, 0.0, 0.0, 0.0, 0.0, 0.0, 0.0, 0.0, 0.0, 0.0, 0.0, 0.0, 0.0, 0.0]
2022-12-12 21:22:44,858 Train INFO: mean test reward2: [65.47890931513733, 72.70114419597867, 75.40183443641581, 72.0999226301722, 73.14050009336718, 72.08822832546197, 65.41810708486219, 65.26141165132914, 70.90209967142711, 65.48966936422119, 69.10287635383268, 69.40534215782444, 69.80146073177124, 67.87121081581412, 72.20048227964368, 70.31108885760474, 71.39453311302009, 71.48841131613673, 72.07164003979322, 68.62398447748812, 75.39040043756894, 66.44426481651188, 75.2539374494074, 69.59915435740965, 69.76533747618942, 75.39524219357365, 71.24604284412686, 71.29556081693609, 70.9265632561826, 71.41759388180209, 70.98808711837914, 69.83067971672588, 72.86091221989385, 75.53270540052166, 74.42491675016448, 64.694570090212, 65.19645007862317, 68.23960116439423, 71.89292341483942, 71.52732976411596, 72.51672151068571, 70.6018664255495, 69.00732010302052, 72.17493507411193, 71.96205430605524, 72.34483543415057, 73.26919709607058, 70.09536234752123, 72.66602918051255, 69.99331822521674]
2022-12-12 21:22:44,858 Train INFO: mean test reward3: [87.36709802650475, 86.80349023173616, 90.34432373237031, 85.72002957524761, 87.31814358919134, 85.8296901441381, 91.3794900417099, 88.31660597009542, 87.39833833929056, 83.15958532968457, 85.35416462692798, 88.86834112668176, 90.84984150677278, 87.14396462841319, 82.96376297768708, 87.26271818520782, 88.87127689568935, 88.72694669502071, 86.25952302127382, 85.73718753046289, 83.67871618273095, 86.85600805446055, 90.35162500985754, 88.87337795258426, 90.8565776793764, 91.3479633557796, 91.3526845622693, 83.07068248932947, 89.88876260189443, 87.2703036553139, 88.35852008685126, 80.87229719985211, 87.36833840460214, 88.88152036908447, 87.88739108145847, 82.60557201018077, 89.29375975149864, 86.81605787784237, 83.70421239440856, 89.7835688655834, 77.61361881985624, 85.26708961398327, 83.68329645747949, 85.15468600380517, 89.34683243786478, 87.80264173748208, 84.76096095730043, 86.36028723996002, 87.19845790967537, 83.07739526641394]
2022-12-12 21:22:44,858 Train INFO: mean test reward4: [80.02978615867649, 77.5462745794644, 86.5207924417047, 84.01193806928474, 85.88117168235644, 86.56795737976755, 73.92853450653874, 82.69782125774543, 84.02073827281842, 84.62248159708517, 82.11400228027796, 88.46461750369318, 85.2618390927718, 86.18772700977716, 88.69966630008017, 86.3602854202436, 88.53192833684372, 85.6344334670236, 83.96972796811536, 86.2524364526791, 89.14000244433225, 81.85324301031133, 90.92721418246985, 84.57322018038441, 84.61986375230376, 88.77463644996904, 83.96029858138587, 88.70922955734447, 88.78516763245926, 84.61329593785942, 88.11460320956168, 87.95808588102432, 86.2490637484328, 85.0157553171966, 86.30364273503706, 83.38481511888753, 86.90837041331567, 89.99206543254645, 90.12511620425224, 82.45805659953567, 87.80951319891992, 86.51025617078959, 82.30937647346353, 85.2577448345664, 80.11926751800642, 85.29606853203208, 84.61384076221199, 81.6537482003392, 88.10871961362092, 80.97681842674851]
2022-12-12 21:22:44,858 Train INFO: mean test reward: 0.0000,70.7361,86.9012,85.2485
2022-12-12 21:22:44,859 Train INFO: test seed: 8************************************
2022-12-12 22:04:21,178 Train INFO: mean test reward1: [0.0, 0.0, 0.0, 0.0, 0.0, 0.0, 0.0, 0.0, 0.0, 0.0, 0.0, 0.0, 0.0, 0.0, 0.0, 0.0, 0.0, 0.0, 0.0, 0.0, 0.0, 0.0, 0.0, 0.0, 0.0, 0.0, 0.0, 0.0, 0.0, 0.0, 0.0, 0.0, 0.0, 0.0, 0.0, 0.0, 0.0, 0.0, 0.0, 0.0, 0.0, 0.0, 0.0, 0.0, 0.0, 0.0, 0.0, 0.0, 0.0, 0.0]
2022-12-12 22:04:21,178 Train INFO: mean test reward2: [66.60946210888044, 70.30054471244269, 71.50100405891443, 68.78529218367535, 71.9726175418277, 70.28970191021045, 67.88674320251607, 70.09388384952713, 72.04326600550624, 63.92329335940892, 70.63110864777437, 68.94332909117702, 70.79358140330008, 71.86290037018689, 76.27592170777022, 69.53349702995969, 70.78546613548906, 68.80899794527413, 74.34754332842515, 65.84038890320899, 72.13260300756761, 64.34346267340979, 73.64554230661014, 68.94651436363098, 69.6378910113282, 74.9821062128455, 65.34247552673175, 71.07486766176297, 68.060542453379, 69.68211930756986, 72.87908846448174, 68.2568765686145, 75.4772687080988, 70.49816116127379, 70.6507975085581, 65.78992003074528, 70.16800715325078, 70.51152388083989, 69.15449274172066, 74.43106620776507, 74.79093500036053, 71.3594400200184, 72.74924713694118, 68.9954652760126, 69.03973641284642, 71.24601181721366, 68.19544117267678, 71.72177935289392, 68.13637125433227, 71.38645068870306]
2022-12-12 22:04:21,178 Train INFO: mean test reward3: [81.5934370385993, 88.34898693207822, 85.24514826377427, 86.74495730471416, 89.36711372572482, 88.30768233942662, 86.21598860144442, 84.6025398670032, 85.2991520807807, 84.13399379515073, 87.89491430803503, 88.82052019706651, 90.41043296078487, 87.29624798424008, 89.86182753662496, 88.33495957011846, 84.18542851320416, 87.87554231906145, 88.36492651197396, 88.3491222031358, 84.66460021371209, 81.62051661637713, 85.77529103139263, 88.39112423980158, 85.19595567490252, 87.85703861159264, 89.34743030981308, 80.03605685601248, 87.32694394060512, 88.39674071957216, 85.05918929045295, 84.11466350019484, 87.34523960069929, 85.27829990509233, 85.08797809404588, 83.7428856076747, 89.37206590581651, 86.81319650289097, 83.96514012806009, 87.82170055557509, 82.08165261570635, 83.7931684486419, 85.33378070158409, 82.44709428211453, 84.19758541721288, 82.64864916582901, 84.72025244036917, 87.76771017196813, 88.22135208320309, 88.39497664098143]
2022-12-12 22:04:21,178 Train INFO: mean test reward4: [82.69739999151471, 88.77451161171433, 85.85605605558642, 80.26527396816745, 84.38133462546818, 85.30460397321797, 73.29309898743553, 79.69232974509589, 88.96741088422132, 83.38973070342179, 85.23951650297818, 84.85235384517375, 81.62167253445189, 84.60843705274914, 85.26287908418497, 88.39965495380669, 85.84203749946084, 86.488307130734, 83.3335475696104, 84.23931774645736, 89.36057916092552, 83.36500354514538, 84.00412428201267, 83.3492612313346, 83.55352130491781, 82.6582637288543, 80.2634761789182, 85.59603765212596, 84.5337188434227, 82.31798931721822, 90.84715604445081, 86.7226407082303, 85.86855158244637, 86.9243746158943, 88.4484171386788, 82.2700219327135, 88.44302048022786, 87.20181496632588, 83.55553168021845, 82.0730806371821, 83.32932367853698, 81.36143825246873, 84.59265439565996, 79.02065548424608, 88.09941006013514, 80.15839658026152, 84.62040499869681, 81.6654264208907, 83.32279864517615, 82.98675009726516]
2022-12-12 22:04:21,179 Train INFO: mean test reward: 0.0000,70.2903,86.1614,84.2605
2022-12-12 22:04:21,179 Train INFO: test seed: 9************************************
2022-12-12 22:49:54,758 Train INFO: mean test reward1: [0.0, 0.0, 0.0, 0.0, 0.0, 0.0, 0.0, 0.0, 0.0, 0.0, 0.0, 0.0, 0.0, 0.0, 0.0, 0.0, 0.0, 0.0, 0.0, 0.0, 0.0, 0.0, 0.0, 0.0, 0.0, 0.0, 0.0, 0.0, 0.0, 0.0, 0.0, 0.0, 0.0, 0.0, 0.0, 0.0, 0.0, 0.0, 0.0, 0.0, 0.0, 0.0, 0.0, 0.0, 0.0, 0.0, 0.0, 0.0, 0.0, 0.0]
2022-12-12 22:49:54,758 Train INFO: mean test reward2: [74.44668864195823, 72.57730763043027, 75.20845448049445, 81.28726744438673, 73.56290041392867, 79.80035905095197, 74.70454849816606, 74.60762191019973, 75.62470841881, 73.45604898767463, 75.20211866059242, 76.76712129642243, 73.13576435288687, 78.02179430372036, 74.97847916437995, 73.61390986325121, 80.13396491271949, 75.08949521153491, 76.2313928699758, 72.93484130883088, 69.6188808231897, 76.27017505944497, 75.03751321264798, 75.8354266669444, 79.54090661358624, 83.2180324558309, 72.39268125494513, 75.45423610088264, 79.32832865174349, 74.04830000566062, 76.84884548585366, 76.53078092092869, 75.75747484092187, 76.20736373527988, 76.10689688836105, 74.90745008044549, 76.27195436900212, 70.18331530920048, 76.11543587712221, 74.91596868785207, 74.04440778031825, 74.39861903520853, 76.08210741775652, 78.14562119004951, 71.4177970485268, 72.9711046455025, 75.41726478172671, 73.31851695287789, 72.86488413717325, 77.51017593983474]
2022-12-12 22:49:54,758 Train INFO: mean test reward3: [91.1886331321476, 89.84524771591315, 93.19355975462283, 87.35517437016942, 91.28168313399593, 92.33772504742669, 88.87345456891475, 94.26656487124824, 87.36709802650478, 95.67976779065236, 93.25284475942493, 95.1804564230899, 97.44730568682785, 89.78287528750892, 94.74642931206412, 91.34013602855704, 92.34164956817582, 93.77900553046598, 90.36117059685031, 93.76175224547251, 90.86116547831483, 93.71199620770639, 93.25893846760313, 93.79384357240797, 92.76532443561486, 95.23608617559022, 86.7765170773967, 91.86024650428455, 93.29476567807406, 93.80575186530422, 88.85229065711461, 93.31139349513676, 88.09545281584629, 93.77228166027713, 91.32986432131607, 95.18932246398111, 94.72919155180226, 93.75681990875329, 89.39908587047226, 92.6690251432061, 90.31618401769167, 90.69754182198822, 94.25178783707679, 93.25130023500925, 88.39730477588618, 86.86778380301733, 89.3799790139165, 87.76302247478341, 91.34712321610843, 93.28541420284107]
2022-12-12 22:49:54,758 Train INFO: mean test reward4: [90.58790848737645, 86.49490633583684, 87.1071634159002, 88.69444272592021, 91.30808042069624, 90.0352673729191, 88.95006074089659, 93.16925082022142, 91.60951306049967, 89.70159588304834, 92.43084403117267, 91.52174204369838, 92.58113252203452, 91.7680597803946, 91.85832838003843, 88.64507647182182, 94.17383844928374, 87.72053115857013, 86.89272504672005, 87.68879789343151, 93.30233606789712, 84.63881199707097, 91.05346518875517, 90.3857395753726, 91.24958996941463, 94.20748117085856, 90.10122210068958, 95.05398908938734, 85.26884170544307, 89.36451791907692, 91.98752774812432, 95.37139690007596, 90.67741046095136, 93.24744201853792, 90.90668951137935, 90.08378846294566, 86.89046763303831, 89.05626773636165, 91.9003115701781, 91.04419972620421, 80.3385562959316, 87.23331263861704, 88.65618471892904, 85.4845955509797, 87.89375538324099, 92.74375017842911, 92.41746821771581, 87.11359964569242, 93.19464128052397, 87.46170853925142]
2022-12-12 22:49:54,758 Train INFO: mean test reward: 0.0000,75.4429,91.9082,90.0254
2022-12-12 22:49:54,759 Train INFO: test seed: 10************************************
2022-12-12 23:35:34,863 Train INFO: mean test reward1: [0.0, 0.0, 0.0, 0.0, 0.0, 0.0, 0.0, 0.0, 0.0, 0.0, 0.0, 0.0, 0.0, 0.0, 0.0, 0.0, 0.0, 0.0, 0.0, 0.0, 0.0, 0.0, 0.0, 0.0, 0.0, 0.0, 0.0, 0.0, 0.0, 0.0, 0.0, 0.0, 0.0, 0.0, 0.0, 0.0, 0.0, 0.0, 0.0, 0.0, 0.0, 0.0, 0.0, 0.0, 0.0, 0.0, 0.0, 0.0, 0.0, 0.0]
2022-12-12 23:35:34,864 Train INFO: mean test reward2: [70.84940903146546, 75.16015230966043, 81.23773182964777, 80.28559732066317, 80.20109603116192, 72.61015829263879, 79.36200574903077, 75.19947496903899, 78.702679881546, 78.36924911803648, 75.35632215325153, 74.5557443705495, 79.03789635003515, 76.46535119947517, 77.65382022054285, 71.8480717029912, 73.4820805804243, 74.14988684294212, 77.40243318345712, 76.99422834539696, 76.04972094532125, 74.63562087627699, 77.51785703538599, 76.1033736806661, 73.3908784846599, 78.47137635176165, 69.87007024031146, 78.73857054206164, 76.20724833546468, 78.43565909571745, 79.18483346543428, 80.54151706721603, 72.8382630203043, 80.1267965485664, 76.01576385733809, 77.73240686221011, 76.05931033806107, 76.26625473408785, 75.11491871983372, 74.21028516091465, 78.72007882154979, 74.43367065008155, 83.15148626007482, 75.56529665631356, 77.399099158397, 77.14980602493462, 77.11371061235256, 73.77190781239433, 72.1529922409191, 78.96069678965763]
2022-12-12 23:35:34,864 Train INFO: mean test reward3: [89.82703723197746, 90.83042652003054, 85.70915175843506, 90.32320934006158, 93.78242354193276, 94.29704241511514, 90.8477091455792, 94.22527694814596, 94.685619988777, 91.38500114310914, 91.30674413910457, 94.16907324964743, 95.16172811804066, 91.79922241150169, 94.7748950781276, 90.34332890683655, 89.39739461842802, 95.21203192369853, 93.79393571917589, 88.39792326918683, 92.7579185499237, 95.67302374495097, 92.82045822872105, 94.73295212296009, 92.82453990891504, 91.34726544063965, 93.78108812392094, 92.81360361131695, 92.71888693726508, 95.17417242162361, 92.81097037639543, 94.77136909580464, 87.83378099238114, 92.81487215171529, 91.34021848283257, 94.27105299785369, 90.82053885264338, 92.34926220027695, 83.68190960469695, 95.16903442932987, 91.33516236574452, 89.33487928049561, 93.25287543688081, 91.82877212855185, 92.29503906685184, 93.28970244751778, 89.22579994029952, 93.28974388411072, 87.35207007844853, 94.11768776405431]
2022-12-12 23:35:34,864 Train INFO: mean test reward4: [93.61371750334509, 93.39226112952683, 90.94655727598717, 88.36242274704045, 93.81688174401712, 91.24180385129515, 86.13729647105863, 91.27303576057868, 89.935294838632, 90.020465021095, 92.76695430279587, 90.2870708550903, 85.30023315339054, 92.87010639396036, 92.20361000000041, 92.67825844047633, 90.97403759500398, 91.59654993420425, 91.32132347649608, 88.46020751915994, 93.88586571611185, 88.7546936293132, 91.450401960495, 90.91002158445202, 87.81492793403213, 91.23705996099955, 91.32922000056877, 94.5380801384665, 94.49107153771477, 88.11689904790373, 88.53102297869363, 93.35032372287426, 93.3318390210664, 93.0339606053045, 94.46776397986693, 90.7753007360005, 89.04336258645475, 94.0607318530654, 94.65768722711503, 89.97186823638356, 90.67855669562172, 89.37944622912183, 96.52355545427024, 93.44347842030467, 89.07559794667003, 87.79485861516545, 86.52935925590621, 89.12019867204744, 90.61840852556553, 90.04665531254619]
2022-12-12 23:35:34,864 Train INFO: mean test reward: 0.0000,76.4971,92.1220,91.0832
2022-12-12 23:35:34,865 Train INFO: test seed: 11************************************
2022-12-13 00:16:26,410 Train INFO: mean test reward1: [0.0, 0.0, 0.0, 0.0, 0.0, 0.0, 0.0, 0.0, 0.0, 0.0, 0.0, 0.0, 0.0, 0.0, 0.0, 0.0, 0.0, 0.0, 0.0, 0.0, 0.0, 0.0, 0.0, 0.0, 0.0, 0.0, 0.0, 0.0, 0.0, 0.0, 0.0, 0.0, 0.0, 0.0, 0.0, 0.0, 0.0, 0.0, 0.0, 0.0, 0.0, 0.0, 0.0, 0.0, 0.0, 0.0, 0.0, 0.0, 0.0, 0.0]
2022-12-13 00:16:26,410 Train INFO: mean test reward2: [68.25990015182656, 69.49215301234315, 72.31771626691742, 66.66420584487581, 69.95083739841938, 67.94939457621176, 70.30357130651923, 72.54154957067004, 73.62475596986197, 71.1641736844167, 68.5053317895682, 68.13396584740485, 64.98178411733161, 67.5878270960016, 71.19827550766247, 69.81958500257694, 69.76889243349093, 70.25351985134023, 65.24755802740881, 63.02646801641651, 66.93146206285243, 70.56008197072146, 72.91572578629824, 71.01561879558587, 68.07790700212007, 77.08618003249036, 66.48373250676528, 67.67050958817525, 73.65641974882317, 66.98363969691252, 72.23189430369158, 69.3537258087036, 66.50789745273008, 69.47576140526739, 68.37468483999382, 74.50088742016158, 71.03984192244461, 68.23877121343918, 67.24685319575325, 70.36313173196424, 69.5710189239738, 68.56720900328028, 65.77196444854243, 69.58172920755578, 68.25644347013423, 72.68114563986772, 71.37072420182893, 69.40297604070243, 72.82106132500068, 67.70949868723687]
2022-12-13 00:16:26,410 Train INFO: mean test reward3: [84.18878718068451, 86.86472594821342, 87.28486685749363, 86.85777213305123, 84.81767721156243, 86.78620366231064, 84.55848404330119, 84.75247935157346, 89.36978641488663, 86.62124912461063, 80.2969027523108, 87.89404335841157, 89.83886009583091, 85.81181295495409, 80.22756720642406, 89.31317808114956, 85.80647954260603, 88.75814954468996, 85.77500442746603, 88.3759437103114, 86.63985005535852, 82.51916271106232, 86.31561438514626, 87.84211805098408, 87.3435755146232, 87.36192083767602, 90.3581256583771, 87.75839871164644, 84.27738918879939, 88.39771257375568, 86.17879847154359, 86.30357566438416, 81.50294277435489, 79.92538042617373, 77.19503725184636, 85.69456593294092, 85.8086734069982, 89.38747339447883, 81.572275211133, 89.82954164757268, 75.40212378295865, 80.01796588658335, 86.270174722934, 80.99822094684883, 77.04922265714119, 83.76018471319273, 84.6612276929256, 87.8235160328315, 83.62358170866858, 83.08722711914692]
2022-12-13 00:16:26,410 Train INFO: mean test reward4: [83.90307949983816, 86.11946883060617, 79.86949199344038, 80.41118929589103, 87.78540548941146, 84.98511319008874, 82.25575269026163, 85.87877105729336, 85.88562820081928, 79.43662885219227, 81.38665410920225, 85.89778910417186, 80.74139315264559, 81.98200298858586, 85.16118029695512, 82.59673647423261, 83.9973406962102, 85.24192737140193, 79.87715898203969, 77.28385042221231, 81.45990351725027, 82.07820402958946, 82.69453041643649, 82.96029662059459, 86.5299772609656, 85.88611587645813, 82.95052149857727, 82.7979432791374, 91.17103270710629, 82.73205368846037, 85.51378099524247, 86.31304842726105, 83.34811499666421, 86.28037891824076, 85.3089085186695, 80.92119124394327, 77.66511299207326, 80.35680230950396, 87.66725856992123, 80.98596062966708, 82.04856700197219, 84.85525191906929, 86.53221112797544, 77.75880416583763, 90.80331981777734, 79.94703864942662, 85.8753134156788, 81.87085339962528, 85.92204153907626, 81.62346500265723]
2022-12-13 00:16:26,410 Train INFO: mean test reward: 0.0000,69.5048,85.1821,83.4711
2022-12-13 00:16:26,411 Train INFO: test seed: 12************************************
2022-12-13 01:00:27,373 Train INFO: mean test reward1: [0.0, 0.0, 0.0, 0.0, 0.0, 0.0, 0.0, 0.0, 0.0, 0.0, 0.0, 0.0, 0.0, 0.0, 0.0, 0.0, 0.0, 0.0, 0.0, 0.0, 0.0, 0.0, 0.0, 0.0, 0.0, 0.0, 0.0, 0.0, 0.0, 0.0, 0.0, 0.0, 0.0, 0.0, 0.0, 0.0, 0.0, 0.0, 0.0, 0.0, 0.0, 0.0, 0.0, 0.0, 0.0, 0.0, 0.0, 0.0, 0.0, 0.0]
2022-12-13 01:00:27,373 Train INFO: mean test reward2: [72.4881891121768, 68.48998242485347, 76.73923829357433, 74.00535862242081, 74.77334742196783, 72.43010573847688, 74.23164597339218, 71.22985671813122, 74.546091943255, 75.25021028520236, 71.39204536321904, 70.31279371804624, 73.39785207393567, 70.89402676907125, 72.70879132718136, 67.19206279742491, 76.5510400879855, 67.68472968479553, 76.92248708408285, 73.29038272478076, 71.33817003893556, 69.50960088658573, 74.96741205167773, 72.53085748861322, 74.31330964989002, 73.6232580062451, 72.63944971817311, 74.32949382312114, 72.69625499822354, 71.93215283630539, 71.01244067030756, 73.47556929240827, 74.63573388147127, 73.83778471170594, 73.1399491142597, 74.28406978535456, 74.6746015016223, 76.63462116130124, 72.67541956163697, 73.96529188598417, 73.82028139591628, 74.1033594415032, 79.27841388325368, 73.1336875395853, 70.81315026326249, 77.98042319122571, 77.65386421834997, 72.40734318797995, 76.19016194856815, 75.45890794854971]
2022-12-13 01:00:27,373 Train INFO: mean test reward3: [87.79565946499896, 88.85452883839864, 92.3528162205911, 90.86701782332032, 94.73788610636265, 92.81657428774362, 88.36885967277848, 91.82622740148216, 88.35010393279089, 89.76233207287089, 91.82579301176908, 87.82292775631161, 94.29879624192682, 91.36178942905075, 91.81612959854769, 91.78319614452884, 85.30103996183912, 92.35269212845468, 89.36564644159631, 91.34756362069109, 89.89268108428334, 90.3405541215704, 91.33003469125596, 92.77948721104444, 93.26147081025942, 91.84171342249896, 93.23297635591784, 88.39087178347883, 87.38057721857282, 93.30813700415175, 87.2771215282106, 82.71013258761886, 88.32583292267316, 92.78374324663989, 89.90717154331024, 89.85158664990354, 89.88835851713814, 89.22052214257845, 87.89382171204109, 86.80004375331778, 88.86641278175378, 85.87158519055625, 92.21100153515707, 90.84087265296037, 92.79831677111456, 90.32863953079533, 86.76710047645037, 91.39345676991404, 92.22018583026113, 90.37902914534844]
2022-12-13 01:00:27,373 Train INFO: mean test reward4: [85.20258627340803, 88.20737834822773, 91.34097466191349, 88.7085451737792, 88.14733371110775, 88.70192479950074, 89.8877459932684, 86.75349952528532, 90.35615725842754, 88.79696538872524, 85.47784569254135, 90.36554237920971, 87.97705140531733, 90.8080900270033, 87.13539909262376, 86.57670197503336, 91.48436872676946, 89.91922714117067, 78.83205841056353, 86.63638396717775, 91.1494159261879, 90.22879899221468, 84.64268217666688, 87.55359771491821, 83.55528225815034, 88.41036772071784, 85.90319597847532, 80.71076952565097, 86.21891550826533, 85.25891424384795, 86.50942538456373, 85.8260088245778, 90.0881081968986, 92.46389374951619, 90.31793235453134, 90.5517233437533, 88.14520908110283, 90.34969497782204, 86.75587736390476, 92.97383315943398, 90.10423431386083, 89.11879825306114, 85.91040274228965, 86.54385493106209, 90.13721789367138, 88.46012293786993, 85.6581923478806, 91.87810870505979, 89.67316722188623, 90.15012421844327]
2022-12-13 01:00:27,374 Train INFO: mean test reward: 0.0000,73.4317,90.2220,88.1313
2022-12-13 01:00:27,374 Train INFO: test seed: 13************************************
2022-12-13 01:40:36,271 Train INFO: mean test reward1: [0.0, 0.0, 0.0, 0.0, 0.0, 0.0, 0.0, 0.0, 0.0, 0.0, 0.0, 0.0, 0.0, 0.0, 0.0, 0.0, 0.0, 0.0, 0.0, 0.0, 0.0, 0.0, 0.0, 0.0, 0.0, 0.0, 0.0, 0.0, 0.0, 0.0, 0.0, 0.0, 0.0, 0.0, 0.0, 0.0, 0.0, 0.0, 0.0, 0.0, 0.0, 0.0, 0.0, 0.0, 0.0, 0.0, 0.0, 0.0, 0.0, 0.0]
2022-12-13 01:40:36,271 Train INFO: mean test reward2: [69.91819045104022, 67.46474811531952, 70.69910738954448, 67.9883344377885, 65.13945191843315, 70.36066405719419, 66.94115329422111, 73.52312379666465, 70.98076395786836, 68.79849165585898, 69.67805114959269, 73.12420438670982, 70.91563957274084, 63.15825338040516, 66.09320941285144, 67.46242642271211, 67.11563745726808, 70.73676521923939, 66.81937708470987, 67.22606731395099, 66.07362100439721, 65.9559389749052, 70.84705765070446, 66.9225559024382, 69.05089698346889, 69.79192394801657, 65.72311147238734, 71.14919188040282, 64.5350551488679, 63.65885876628006, 72.78037546965366, 71.84379948729212, 66.81601684240097, 68.19380083567881, 65.08102251466327, 69.35062167735884, 65.96911650475843, 68.58569838339223, 63.894644989165556, 69.51780864274237, 77.57507547891228, 67.86818789109762, 67.8769569130335, 67.56423346274568, 68.16872299286037, 70.28767352018939, 67.60907652202647, 69.62104794503888, 68.72755200574139, 71.55895703299272]
2022-12-13 01:40:36,271 Train INFO: mean test reward3: [82.00779727629723, 84.80883162533195, 83.1072397368633, 83.62715433738141, 85.79095075122721, 85.28436104683118, 86.27201985827026, 78.18845423230971, 79.98902543769913, 84.17703845538061, 83.51980553549524, 83.70991487265117, 89.28880692746137, 86.83618869942148, 87.7719255257922, 86.24880288537601, 88.34779842913036, 87.86406679990725, 82.5072888916577, 83.52936544873417, 85.81090192314376, 87.39701691400822, 86.15238740975065, 85.7562373746854, 86.38977468119828, 88.3309103240842, 84.32159604441932, 82.19437931613811, 80.00274493875959, 84.57441583959461, 83.23465629708657, 81.24993959821144, 82.59469797343316, 82.62545644143584, 88.3786741880999, 83.22743692208917, 84.2205044894782, 85.7091947043537, 83.2478867496642, 87.85023702357809, 79.83848742637818, 83.15159751306638, 83.70299795100274, 88.84146612313253, 83.52512168871965, 84.25482398842426, 85.30370763396687, 83.59623631618443, 80.4173942969334, 86.73951804966846]
2022-12-13 01:40:36,272 Train INFO: mean test reward4: [72.72414822257403, 80.3653441481414, 81.44240571391329, 78.15604080192013, 82.07847403615537, 82.91835075828996, 79.30335419168065, 85.23198202328332, 82.72720848251325, 83.95632197360995, 82.51555079245396, 84.61304441265885, 78.59384735442471, 87.11291684319092, 85.88291177627423, 81.68001352461177, 83.90972311501928, 79.22732057003327, 84.0221909204056, 84.34670049796378, 81.44613688509051, 78.6417123910235, 84.73622095249102, 77.32944204949459, 78.73294367052631, 80.77522151653613, 72.9715208888471, 84.89327705167601, 82.72201203822716, 80.368818471344, 85.88432815165005, 82.09795994368096, 81.38587144192653, 87.13324349090057, 82.93875783372636, 81.00323501881074, 80.34720670502227, 82.94215566089922, 84.57107588176582, 83.98452829850372, 81.43102658050259, 81.64152614870261, 81.99533499291407, 82.34876344984234, 80.05383260781805, 81.5813519157781, 82.02783533654572, 78.95031076431421, 77.70661949406139, 84.0134336378346]
2022-12-13 01:40:36,272 Train INFO: mean test reward: 0.0000,68.5348,84.5103,81.7493
2022-12-13 01:40:36,272 Train INFO: test seed: 14************************************
2022-12-13 02:21:47,731 Train INFO: mean test reward1: [0.0, 0.0, 0.0, 0.0, 0.0, 0.0, 0.0, 0.0, 0.0, 0.0, 0.0, 0.0, 0.0, 0.0, 0.0, 0.0, 0.0, 0.0, 0.0, 0.0, 0.0, 0.0, 0.0, 0.0, 0.0, 0.0, 0.0, 0.0, 0.0, 0.0, 0.0, 0.0, 0.0, 0.0, 0.0, 0.0, 0.0, 0.0, 0.0, 0.0, 0.0, 0.0, 0.0, 0.0, 0.0, 0.0, 0.0, 0.0, 0.0, 0.0]
2022-12-13 02:21:47,732 Train INFO: mean test reward2: [70.28514380870037, 69.68211780759194, 69.49566508683773, 66.50178594838324, 72.42571502625051, 69.01755049317799, 68.2557769197913, 71.39945813608502, 69.93170498035921, 70.32060944588271, 69.05980968122515, 65.00604003910748, 67.59436139387867, 68.96044891767316, 69.1365799138542, 67.87069395879521, 67.80664415116205, 68.18781021811985, 67.69269296932836, 64.19099099926055, 69.54686551207489, 69.72607194232353, 73.33261539077388, 70.16208128433288, 64.98776592728206, 72.08898563521242, 64.90047343681111, 68.59802337423987, 70.87451820192182, 67.25220107337186, 71.67679922558033, 67.4454134390393, 69.50930430504712, 69.9797778708997, 65.94798466327553, 68.52126027992371, 66.48218033178807, 69.22575508710032, 70.10104114740764, 71.06786780925984, 65.1665543200174, 70.54254064012223, 69.79404892196469, 71.08447217243592, 68.15320042264518, 68.43095004623872, 71.21177359656359, 67.75817504272871, 68.79752144990022, 71.14638033428999]
2022-12-13 02:21:47,732 Train INFO: mean test reward3: [87.85848370290799, 86.24036148969645, 87.25197492063805, 82.20504062780549, 84.30681311891767, 87.32068473664368, 89.32783008048646, 85.73301233708996, 87.22755316414633, 85.32422236324045, 82.73916335487198, 81.02285192880453, 88.87215364207795, 85.78772439402472, 85.659927979001, 85.72217199905448, 82.09845645053865, 87.37684891084342, 81.52991476181029, 88.372462842063, 83.12799832388845, 83.58919013221903, 86.8737211422885, 87.28383892256451, 87.86702884874157, 85.28094984479685, 83.6814733125989, 84.72939609841706, 81.02223907116321, 83.77268740852188, 81.03737178759035, 86.87483528872536, 83.50672087751103, 86.31639261544079, 84.79147940198604, 87.88376877357958, 85.70898470708435, 87.75513130784908, 79.83257876483617, 87.36316690010867, 82.00900648712124, 85.21506332775331, 85.80152915413666, 85.26699362581292, 87.38154907275639, 85.21836346409519, 80.55836683900087, 84.08138624374506, 86.37816978600947, 86.87337157118967]
2022-12-13 02:21:47,732 Train INFO: mean test reward4: [77.43019855798332, 87.3545781352705, 86.14112148057312, 78.10781224787242, 79.6834417241707, 82.68008911521919, 80.15739017641364, 82.58151122655693, 81.66149046040975, 79.66984258421975, 81.98064599971757, 86.25100169268384, 81.66373498298707, 85.00673784884432, 83.97066031083048, 80.96683804050176, 83.38386088443428, 82.67096437567739, 82.77161133408858, 87.79352917534668, 84.23436682266869, 84.00941939245328, 81.40199587507195, 81.04596207979499, 87.7528836539446, 82.68674896535026, 76.61623437946194, 87.11809984702955, 82.68959462110006, 82.0532467273855, 87.08486534448596, 87.79325990312304, 85.27693627104576, 80.76569611751104, 82.08633345041596, 80.10276981380522, 80.38308034121799, 80.97172680407395, 83.9845282985037, 81.39086970989078, 76.48236629168257, 76.84765856304332, 83.97819464263915, 79.86535363026375, 83.99012514049402, 84.03785067182376, 82.06275204586547, 82.08532233885886, 87.10448643213482, 86.28384213119011]
2022-12-13 02:21:47,732 Train INFO: mean test reward: 0.0000,68.9267,85.1812,82.6823
2022-12-13 02:21:47,732 Train INFO: test seed: 15************************************
2022-12-13 03:02:38,922 Train INFO: mean test reward1: [0.0, 0.0, 0.0, 0.0, 0.0, 0.0, 0.0, 0.0, 0.0, 0.0, 0.0, 0.0, 0.0, 0.0, 0.0, 0.0, 0.0, 0.0, 0.0, 0.0, 0.0, 0.0, 0.0, 0.0, 0.0, 0.0, 0.0, 0.0, 0.0, 0.0, 0.0, 0.0, 0.0, 0.0, 0.0, 0.0, 0.0, 0.0, 0.0, 0.0, 0.0, 0.0, 0.0, 0.0, 0.0, 0.0, 0.0, 0.0, 0.0, 0.0]
2022-12-13 03:02:38,922 Train INFO: mean test reward2: [68.48094578835581, 61.98561439360504, 68.77135819590494, 68.08514156907673, 70.24730409075522, 66.67477255360609, 68.92340498452356, 67.99426419960065, 69.43731898578974, 67.4020016401558, 68.07668829650895, 70.0494914449254, 66.84688578121637, 70.72362085898706, 70.41932400060584, 66.67636444687072, 68.05289496078984, 63.334091584376125, 70.98561947741976, 66.13826785323707, 70.86357960032106, 74.93119230620111, 65.52229686212351, 70.91680345377026, 67.08450096334302, 71.79612877899694, 68.58279730006866, 69.24632730268357, 69.10892580155927, 64.67900384070562, 66.44367617789332, 68.91907220658564, 69.91260338183744, 69.89604196487244, 68.00845810554021, 70.76186528390083, 67.599536505201, 67.97333548139939, 68.09653373325976, 72.1448097548985, 69.26214004467614, 72.49969673771662, 71.77008637477329, 70.40343342333621, 70.7498935519027, 66.78887499246173, 71.83969361847976, 70.374894132002, 67.53261813218693, 71.95210993485499]
2022-12-13 03:02:38,923 Train INFO: mean test reward3: [84.55842189343176, 85.7931606441888, 83.74131631440586, 84.72118224608863, 89.31279388230432, 85.19400700612285, 85.72533953137408, 86.29741631196445, 83.13628409928843, 87.89605989332507, 84.08107173580815, 85.27839766731044, 86.31013219270707, 82.59934814158952, 86.18980388834092, 82.95048178332328, 79.86130578137336, 89.36780057176068, 85.27606646276907, 86.83645374526584, 82.10762898573951, 87.88812865136782, 84.59967352970278, 86.28520715024035, 87.85737507917898, 84.70822273375927, 84.77024751479979, 78.68313007211752, 85.14798958053545, 89.33923972314494, 78.63938843927026, 82.55937153926585, 84.70161848969589, 83.75460684490137, 85.88044823197494, 85.79897409111877, 82.02135365214592, 85.74664467070694, 84.73541125138314, 87.39006254307624, 84.84077049275734, 78.74159238430374, 83.43714606450257, 82.97990967973546, 79.89455840545318, 78.88421046819788, 82.57426063965522, 84.16130765059249, 85.29450172764183, 83.58711600350007]
2022-12-13 03:02:38,923 Train INFO: mean test reward4: [84.23731277126532, 86.26908141267285, 78.97492888753568, 84.4252060649799, 83.60906813160561, 85.23888960769101, 81.61479156910028, 81.45990351725031, 79.94480062595053, 87.47509593634298, 79.46934079591087, 77.99985494548326, 82.03415832530297, 83.5247759898256, 82.0753291191716, 82.5839688050149, 87.82323935010342, 86.47571168205782, 82.0662450217838, 80.72519896956881, 87.48024999294923, 77.73255831114098, 78.7546337057626, 80.08372137658623, 82.56132435472064, 82.67806873179427, 80.58014783669589, 87.46813344458954, 85.86207295312167, 78.15366813873558, 77.57424471480034, 85.64694763746135, 83.58428491418334, 85.5200606313809, 83.90595027489945, 80.3732649238406, 82.5283552387224, 81.40401220951942, 87.07768701664672, 82.55478277637673, 84.36064047976083, 83.58451153710051, 83.33149274556747, 80.76305777026262, 80.07404780339728, 80.49633859576188, 80.11329084848366, 77.33058828416496, 84.84219640259546, 85.22439780426701]
2022-12-13 03:02:38,923 Train INFO: mean test reward: 0.0000,68.8993,84.4427,82.5934
2022-12-13 03:02:38,923 Train INFO: test seed: 16************************************
2022-12-13 03:45:47,259 Train INFO: mean test reward1: [0.0, 0.0, 0.0, 0.0, 0.0, 0.0, 0.0, 0.0, 0.0, 0.0, 0.0, 0.0, 0.0, 0.0, 0.0, 0.0, 0.0, 0.0, 0.0, 0.0, 0.0, 0.0, 0.0, 0.0, 0.0, 0.0, 0.0, 0.0, 0.0, 0.0, 0.0, 0.0, 0.0, 0.0, 0.0, 0.0, 0.0, 0.0, 0.0, 0.0, 0.0, 0.0, 0.0, 0.0, 0.0, 0.0, 0.0, 0.0, 0.0, 0.0]
2022-12-13 03:45:47,263 Train INFO: mean test reward2: [70.27009151206714, 72.03045357811423, 73.58495732246548, 76.85483110229208, 73.50117770184113, 72.88135226500789, 73.40791701772667, 73.43531987072323, 76.56692669079843, 71.44372830765147, 72.71103639335328, 70.05268891642088, 75.43247277682589, 73.50896511890718, 69.35412206957048, 69.18380998671307, 71.09129468593265, 70.2668802682163, 74.86305611506738, 71.74457283039348, 72.9576604573918, 69.9119251307472, 70.63267357653606, 68.52977249784348, 68.86212653368003, 74.88643224383917, 63.54466346301809, 72.90542399555464, 76.4798536206552, 66.54292004173232, 72.07551509780492, 72.8630435092318, 70.03747374052107, 77.39317160000085, 70.98872393339195, 71.57360324486291, 72.389192308644, 71.56640132083531, 70.63612803099815, 72.54827086754219, 73.50556627440065, 70.44079217835608, 75.50706069981652, 74.70522722641918, 73.64329981324303, 72.42844117864111, 70.47409145226833, 69.34581207414786, 71.92643549176007, 76.01353933225487]
2022-12-13 03:45:47,263 Train INFO: mean test reward3: [89.87419247903415, 88.24215370160816, 92.83990909123176, 85.60269882543629, 90.8749866207922, 86.23405478485782, 87.88103470538161, 90.81012335431124, 84.70134487028578, 87.2453458325753, 92.28449823234213, 87.8941986999583, 92.37719565668525, 89.3232885889099, 88.54997400833992, 91.3215730754652, 88.39127478201777, 90.84681816995644, 87.35502765759325, 89.29149634314432, 84.16635538968889, 85.33566358757791, 89.40610480435542, 89.39059558904275, 91.8521966274377, 89.35886996652052, 90.3879191618664, 83.69659756637725, 88.36017582711376, 90.34547146016425, 85.33378070158405, 85.23152190147434, 82.58773528228608, 85.72536374081297, 89.87243905751671, 89.8329791102304, 89.36813745778444, 89.76843540109279, 83.29884140286916, 91.30116318632558, 85.78250776142075, 79.28912467577184, 85.82132182148403, 89.79221661316659, 82.18288441512307, 85.85204096673947, 87.81850160280862, 90.87222080073671, 86.79988666646483, 86.22262485066247]
2022-12-13 03:45:47,263 Train INFO: mean test reward4: [87.91940664091102, 89.67698769675096, 87.75338747509504, 86.26012034585602, 86.10572040387683, 84.84679731066318, 86.47632043742773, 87.74866886868581, 89.67567151431957, 80.80631147317136, 86.55141491616331, 86.71908047216422, 88.37880011970424, 90.8777904136413, 81.43845586614405, 82.09420054874127, 89.78701138658236, 81.434887585046, 88.49543628135694, 87.03381157160044, 77.71283634658784, 84.15421241039425, 88.74617252803635, 92.02388321604853, 84.2304273777918, 88.33250158163526, 90.33988207952575, 90.20171750049177, 90.62071248613618, 88.1303297221476, 86.44190195348598, 89.74189670441447, 79.7258048931454, 89.10411069665916, 89.72190347648358, 88.36513917158548, 86.40372830510037, 87.50749550059642, 89.71817505094424, 83.32362564724217, 87.5527036666338, 81.47778823175524, 85.90261336743743, 85.85593956371518, 89.78701138658238, 87.57140699579658, 86.73214150606454, 91.5419157834372, 90.07943426691922, 87.13898507113993]
2022-12-13 03:45:47,263 Train INFO: mean test reward: 0.0000,72.1500,87.9399,86.9653
2022-12-13 03:45:47,264 Train INFO: test seed: 17************************************
2022-12-13 04:29:52,499 Train INFO: mean test reward1: [0.0, 0.0, 0.0, 0.0, 0.0, 0.0, 0.0, 0.0, 0.0, 0.0, 0.0, 0.0, 0.0, 0.0, 0.0, 0.0, 0.0, 0.0, 0.0, 0.0, 0.0, 0.0, 0.0, 0.0, 0.0, 0.0, 0.0, 0.0, 0.0, 0.0, 0.0, 0.0, 0.0, 0.0, 0.0, 0.0, 0.0, 0.0, 0.0, 0.0, 0.0, 0.0, 0.0, 0.0, 0.0, 0.0, 0.0, 0.0, 0.0, 0.0]
2022-12-13 04:29:52,499 Train INFO: mean test reward2: [74.39122928370385, 73.94041456347624, 75.93748039398822, 73.40278931905753, 75.69459302413476, 76.11340392702243, 73.94217872167386, 72.85772505356773, 73.09032104587298, 68.70297015726348, 66.92008396147762, 74.58591363068159, 74.24756075818318, 71.72227634968334, 70.25602508689514, 76.07718841495382, 79.23485507508765, 73.80755727474117, 75.28581274959855, 74.08595057419546, 69.67126765739093, 78.16246592754908, 78.36614531870457, 71.11078166926748, 77.2531382212587, 78.89693119875496, 73.2695634969554, 74.19026269849812, 73.81745470249801, 74.45140734249611, 76.97590784441051, 75.23347425866096, 73.05294151700757, 74.21468713956902, 79.74002664782634, 73.48622420200526, 73.67238227359847, 72.73726991896152, 74.51345090560282, 75.04764144581945, 76.27642270357535, 72.64722687392253, 72.68918113868136, 72.28697556785089, 70.46494651378154, 72.97587318700819, 75.27222780064274, 76.19660702435488, 73.24642737444994, 75.46139425271117]
2022-12-13 04:29:52,499 Train INFO: mean test reward3: [87.86345471070346, 91.35013814216073, 92.84492129485504, 86.725598739224, 90.24303916450376, 91.89162378276569, 91.72460138285099, 88.31419082323434, 90.37989582197484, 88.34694876172752, 87.2733932630521, 90.8255684483918, 90.35259686404106, 83.62709983698322, 96.60086629967354, 87.84914319642944, 87.36740873095955, 88.4519689520935, 87.87025491194416, 91.81496638687733, 92.30000785968558, 89.37064859281587, 90.85336867030185, 92.34037048910812, 90.80694365737072, 85.31027924776905, 91.3530398575595, 83.13790968917172, 90.32554314614639, 95.25594605333072, 88.35655482804131, 86.2838948820161, 88.87563934452122, 85.81878067403169, 89.30055771656974, 91.32075396850726, 89.32730020578876, 90.8108499726266, 84.21542413793449, 86.76676070976403, 89.82957474068665, 87.74399717866321, 91.36898156969178, 90.321488470369, 87.24832312036716, 88.89823805845609, 90.37003395127334, 88.3832746310166, 89.35012223303443, 93.2877731476981]
2022-12-13 04:29:52,499 Train INFO: mean test reward4: [81.2727970657236, 88.21806671643719, 90.19726543032883, 90.14672885470047, 83.93132495185453, 88.14871998420941, 85.828575967086, 90.91197264522602, 86.89188245967242, 87.87067486979888, 88.11388742315013, 87.73663863860591, 84.82338782325024, 89.74140561778903, 88.81975113213694, 87.06803882703028, 89.73405471256459, 88.74067307095372, 85.47968741724802, 84.38188940474497, 93.36789939913467, 84.56250034235023, 88.67465259582447, 89.03974650739048, 88.92033793363117, 89.99275311724303, 89.78189767286216, 91.54919890629115, 88.06897787337866, 87.13594760352967, 83.98515389630913, 92.64989833754241, 82.07212806045828, 92.732629868072, 90.40781413862177, 90.36853799252573, 87.51951103381667, 88.73860145331729, 93.84516229983836, 85.26032064652351, 91.53039118723197, 87.14913837712103, 89.62165013961436, 90.06825035075121, 82.7356820690407, 85.4502783137907, 87.51332260288669, 87.12120257859603, 89.00848171529482, 91.04661832099329]
2022-12-13 04:29:52,499 Train INFO: mean test reward: 0.0000,74.1935,89.4130,88.1595
2022-12-13 04:29:52,500 Train INFO: test seed: 18************************************
2022-12-13 05:12:30,897 Train INFO: mean test reward1: [0.0, 0.0, 0.0, 0.0, 0.0, 0.0, 0.0, 0.0, 0.0, 0.0, 0.0, 0.0, 0.0, 0.0, 0.0, 0.0, 0.0, 0.0, 0.0, 0.0, 0.0, 0.0, 0.0, 0.0, 0.0, 0.0, 0.0, 0.0, 0.0, 0.0, 0.0, 0.0, 0.0, 0.0, 0.0, 0.0, 0.0, 0.0, 0.0, 0.0, 0.0, 0.0, 0.0, 0.0, 0.0, 0.0, 0.0, 0.0, 0.0, 0.0]
2022-12-13 05:12:30,897 Train INFO: mean test reward2: [71.97434803969477, 72.00430097212582, 74.64346166372286, 69.87595512154545, 79.13561165637815, 72.23011375295155, 67.51060431916265, 75.49293099090752, 72.99487805451237, 71.98502370192075, 71.80582770951018, 73.71709601310094, 71.74493664535647, 74.18487505644869, 69.5360762481024, 67.48988287200685, 76.24704168990992, 69.38130060214688, 75.41925370787882, 72.79295161417879, 76.36455409067966, 70.81723482623212, 68.78450894959686, 74.42017778334397, 75.2763732412996, 79.99981909330283, 71.01533632320675, 73.39435135353973, 71.73719415160203, 75.66439351142967, 75.44417810258419, 73.44301052655268, 70.42827820342106, 75.53208500392603, 70.51776538741431, 73.70645773182503, 70.28804386308302, 71.11461432683257, 70.3935774683082, 71.05435557067115, 74.26937899290859, 76.59754023929158, 75.25924722612339, 73.84875620594158, 74.7619983243833, 72.74891811327117, 76.68483764275908, 73.40392724816033, 74.13893152713602, 73.31404422669438]
2022-12-13 05:12:30,897 Train INFO: mean test reward3: [90.36245873474252, 84.60936431504517, 87.26275441811565, 90.3349591612587, 85.74154409689994, 91.36674160914247, 87.28345740584193, 86.76039955309167, 85.72499242599113, 83.55694889349236, 88.33941577941404, 91.81431250413826, 92.78784469491559, 87.27658673604601, 91.81817752463537, 90.2679077008416, 85.29486471180188, 90.70134107300836, 87.31373030837233, 86.76111895095245, 91.88679952740232, 86.38977468119828, 89.34510217490832, 85.50785813625565, 91.87274575549837, 87.25083464099878, 93.30733239612978, 83.60680691778785, 88.83140279919166, 86.88821563309354, 90.8755953582729, 86.24909758245812, 89.39072730355511, 89.39255267012786, 87.76387938825981, 86.85129213742542, 86.0326830482781, 89.87949054322473, 87.38931995632511, 93.25572019419832, 83.69778468804854, 81.45310936375834, 89.38947645609352, 88.33715455158688, 86.81520917868454, 88.3793014880263, 84.21078388634928, 89.36885632159473, 89.863780654873, 94.69369288426805]
2022-12-13 05:12:30,897 Train INFO: mean test reward4: [82.23327158886079, 84.20753534157001, 89.13904767615189, 85.55869394643665, 91.38357023939429, 88.13973531781036, 81.36251488419778, 87.14439331553785, 81.40455719742852, 90.17136352217021, 85.26272037688105, 90.37060266599968, 83.9555141876008, 89.7078818347775, 90.9546545678108, 87.08035772901387, 87.14856722315793, 90.0032167421718, 85.86702178368988, 85.27284610039611, 90.28544355485589, 83.82749292806366, 89.01135249035613, 85.00934263879424, 89.3547639721711, 90.14817315766928, 86.31317397946394, 91.28971642880313, 86.22036094897372, 83.93302245348437, 87.10626327601871, 89.15134863573606, 86.53209850063945, 89.0875682330549, 91.23362872542087, 85.89782221644971, 88.71065744160931, 88.4450387274313, 87.39080845938273, 84.61405558412653, 87.66392478484029, 81.99246421785281, 86.87346417057311, 81.46242337815332, 83.30351811460885, 88.76960163133924, 85.00126767763525, 85.87794241896981, 88.80417768721368, 87.14421445228173]
2022-12-13 05:12:30,897 Train INFO: mean test reward: 0.0000,73.0918,88.2711,86.9365
2022-12-13 05:12:30,898 Train INFO: test seed: 19************************************
2022-12-13 05:53:07,016 Train INFO: mean test reward1: [0.0, 0.0, 0.0, 0.0, 0.0, 0.0, 0.0, 0.0, 0.0, 0.0, 0.0, 0.0, 0.0, 0.0, 0.0, 0.0, 0.0, 0.0, 0.0, 0.0, 0.0, 0.0, 0.0, 0.0, 0.0, 0.0, 0.0, 0.0, 0.0, 0.0, 0.0, 0.0, 0.0, 0.0, 0.0, 0.0, 0.0, 0.0, 0.0, 0.0, 0.0, 0.0, 0.0, 0.0, 0.0, 0.0, 0.0, 0.0, 0.0, 0.0]
2022-12-13 05:53:07,017 Train INFO: mean test reward2: [74.44373826821226, 67.17507805144706, 71.84029096193082, 70.73550148867113, 70.9770266786551, 71.36891972920283, 72.98265687905081, 69.11825345421782, 73.72483657921028, 68.3969870779168, 69.27131342458645, 71.00435313558567, 68.75966833586158, 73.47024463638272, 71.6104665240836, 67.7590854799762, 72.82872025005801, 70.56475840804048, 70.31467889626947, 71.08013720203509, 74.95745857117844, 70.44590183030739, 70.57434099599236, 72.55092807491872, 73.26686223164171, 74.25453623567162, 75.19304469469586, 65.2066354840234, 71.3520613753758, 71.79944160587745, 76.79260300103003, 71.23938312615661, 71.8182374361765, 72.39806653285848, 71.72371481553878, 71.03632063416337, 67.02898380033167, 69.94801424145074, 73.27522062023566, 73.56064268253645, 72.1611406765374, 73.3307393976671, 68.38538613215262, 68.07726846060889, 69.39628236582529, 73.94966364126809, 69.1728272551341, 69.03694717714471, 73.05392697973612, 73.13538569580624]
2022-12-13 05:53:07,017 Train INFO: mean test reward3: [82.52842159832892, 87.81346562069857, 89.87107305833935, 87.86801866506744, 86.38110586933165, 90.34691675769878, 87.83411303861021, 83.04885153503706, 82.418372592132, 88.30854005750317, 85.55602195274663, 86.2945953599677, 90.86748588648301, 89.34761374164016, 85.63863332631524, 88.24052133752981, 82.5930590759818, 90.34161304411477, 85.80249755129776, 86.81493978537823, 87.34697181631942, 85.70570623756117, 87.36895921987157, 87.8724561767767, 86.82588340072084, 84.10488594637357, 87.86668077390605, 88.35519374798955, 80.50056393793288, 87.36632095764315, 81.98175406793804, 78.1574136884866, 85.74976332144256, 82.10331486362986, 83.70850944319412, 86.37310886970283, 86.3495943123753, 87.32624147972787, 80.46323330443752, 89.80239828819848, 86.88598461296483, 89.36562811407862, 88.78126053882303, 84.10595178859032, 81.36705463993643, 83.65807118337057, 82.6783033508153, 83.74680379733368, 89.8338030837015, 86.15781672980616]
2022-12-13 05:53:07,017 Train INFO: mean test reward4: [82.29141630257612, 82.69891990263488, 87.23456528727364, 81.36832146919483, 86.77163171448728, 82.92063110607161, 86.55989698450244, 86.51508357709078, 83.55640436464277, 86.49535433282496, 83.37824086783279, 83.97777083773978, 82.07814772483823, 89.11575773765279, 80.67872586612549, 83.57692844480312, 85.88753625305098, 78.13345294315634, 80.25855329525925, 82.28591232613135, 85.24500431362681, 87.15788297238684, 79.72814774639905, 85.93235246728412, 88.47323111442054, 83.84023375366436, 82.94281191121749, 87.18115639143745, 83.93532938727499, 89.7130912749364, 85.2355090105693, 88.13064230496849, 84.97213004063447, 86.90919379083623, 79.40295591152056, 82.04959392950991, 85.90940011018166, 89.31168276532924, 87.10431225777911, 81.82837374407936, 80.35733271490629, 85.92949061378006, 82.30925987807672, 80.96517918380333, 85.24811840327202, 75.90994722130388, 84.63934165703628, 88.15470803675937, 82.04295031432873, 84.1764408124667]
2022-12-13 05:53:07,017 Train INFO: mean test reward: 0.0000,71.3110,85.9965,84.2104
