2022-12-14 16:46:12,255 Train INFO: Namespace(logger=<Logger Train (INFO)>, name='A2C2022-12-14-16-46-12', gpu='0', device=device(type='cuda', index=0), gamma=1, epoch_num=3000, test_episode=50, val_episode=50, test_size=0.1, val_size=0.5, batch_size=50, train_batch_size=50, num_steps=10, h=2, w=[120, 80, 50], nn_out=40, share_lr=0.0001, actor_lr=1e-05, critic_lr=0.01, step=10, lr_min=1e-05, e_rate=0.001, a_rate=1, c_rate=1, lr_decay_lambda=0.999, load=False, duse_T=True, est_T=False, use_pref=False, same_price=False, use_price=True, only_test=True, test_benchmark=False, change_T=True, num='112', print_grad=False, max_norm=10, seed_range=20, net_seed=10, seed=0, info=True, selling_length=150, cardinality=8, ini_inv=2, num_products=100, number_samples=10000, num_cus_types=4, seg_prob=None, num_cus_features=4, MNLdata=10000, p_file='../Gene_databeta/simul/p10_random.npy', c_file='../Gene_databeta/simul/c4_random.npy')
2022-12-14 16:46:12,255 Train INFO: log/A2C2022-12-14-16-46-12
2022-12-14 16:46:15,763 Train INFO: products price: [1649.73814547 1127.61563842  931.02871698 1360.34237971  725.13091995
  923.26577906 1048.06358099 1335.59336555 1195.40725861 1064.01482778
  911.06874296 1048.7285084   862.45852977  562.0352617  1338.46425903
  990.15321765  520.29278707 1208.23053483 1211.78612974 1415.52984074
  793.16221683 1876.27989159 1532.58284504  955.82118943 1761.86348334
  839.64872328  552.35384058 1249.34487063  512.10224121 1264.40811504
  800.71457455 1724.21396565 1820.46937714 1053.61927862 1303.52226404
  687.23532693  553.41199285 1166.92080199  888.36091138 1555.51175855
  945.60906956  904.8232257   185.11950973  956.00340393  921.97706365
  777.00211129 1233.85864419 1855.13122698 1247.19421357  809.85084994
  477.38637086 1180.64638022  688.85646935 1821.84964101 1336.34462326
 1180.51360642  846.06710047  671.01312444  972.26852132  920.40072648
 1206.16552071 1416.03566126 1211.55189823  896.40685864 1067.94770214
 1577.1507714  1254.63336377 1273.60053127  109.15494726 1404.48282551
 1341.31287433  440.47487253 1148.9827406  1464.57599267 1204.3751098
  570.81428852  460.8940235  1490.06233971 1354.33031959  984.32869752
 1393.98066869  796.41108887 1427.58864888 1277.02973902 1164.10629816
 1159.15216995 1300.53489406 1407.42098991  808.96765814  987.27313092
  169.27919123  946.08274828 1174.39447852  944.25927782 1517.41984827
 1615.68280386  142.22238131  657.0012701  1487.17636032 1170.3680706 ]
2022-12-14 16:46:15,764 Train INFO: seg_prob [0.21154331 0.33382619 0.24539256 0.20923794]
2022-12-14 16:46:15,764 Train INFO: Load Factor 0.75
2022-12-14 16:46:15,770 Train INFO: test seed: 0************************************
2022-12-14 16:46:18,527 Train INFO: mean test reward1: [90.96677938873864, 95.24743951009494, 96.22559233213593, 90.25748441007632, 92.57117991680236, 93.16201199326281, 95.7002653576816, 88.71786304676105, 89.46556727248753, 94.52141724402075, 93.22621143920588, 90.74527840327231, 96.48490328893799, 91.79213829431994, 95.01782178008514, 93.51052101784535, 94.94618803115898, 93.4704043880534, 93.3787714201967, 96.14809490312403, 95.4694014724408, 94.56767503167991, 90.66719183888917, 91.38186761614394, 91.26620510275428, 94.55833122386316, 90.6612094213893, 91.79324182055943, 89.15201044682853, 90.63916581455102, 92.52585525080316, 93.4148123154543, 90.72037430986514, 96.68245891392084, 93.97462533896442, 92.47401514639627, 91.44480382925029, 92.7685579375617, 96.66381268508297, 88.03812657578746, 94.52070847193734, 89.78153913235161, 91.95556208203723, 94.75632116687342, 92.30968343360855, 94.94571022428282, 89.11235660233535, 93.54325678853063, 95.01618489627828, 96.55892127541793]
2022-12-14 16:46:18,527 Train INFO: mean test reward2: [0.0, 0.0, 0.0, 0.0, 0.0, 0.0, 0.0, 0.0, 0.0, 0.0, 0.0, 0.0, 0.0, 0.0, 0.0, 0.0, 0.0, 0.0, 0.0, 0.0, 0.0, 0.0, 0.0, 0.0, 0.0, 0.0, 0.0, 0.0, 0.0, 0.0, 0.0, 0.0, 0.0, 0.0, 0.0, 0.0, 0.0, 0.0, 0.0, 0.0, 0.0, 0.0, 0.0, 0.0, 0.0, 0.0, 0.0, 0.0, 0.0, 0.0]
2022-12-14 16:46:18,527 Train INFO: mean test reward3: [0.0, 0.0, 0.0, 0.0, 0.0, 0.0, 0.0, 0.0, 0.0, 0.0, 0.0, 0.0, 0.0, 0.0, 0.0, 0.0, 0.0, 0.0, 0.0, 0.0, 0.0, 0.0, 0.0, 0.0, 0.0, 0.0, 0.0, 0.0, 0.0, 0.0, 0.0, 0.0, 0.0, 0.0, 0.0, 0.0, 0.0, 0.0, 0.0, 0.0, 0.0, 0.0, 0.0, 0.0, 0.0, 0.0, 0.0, 0.0, 0.0, 0.0]
2022-12-14 16:46:18,527 Train INFO: mean test reward4: [0.0, 0.0, 0.0, 0.0, 0.0, 0.0, 0.0, 0.0, 0.0, 0.0, 0.0, 0.0, 0.0, 0.0, 0.0, 0.0, 0.0, 0.0, 0.0, 0.0, 0.0, 0.0, 0.0, 0.0, 0.0, 0.0, 0.0, 0.0, 0.0, 0.0, 0.0, 0.0, 0.0, 0.0, 0.0, 0.0, 0.0, 0.0, 0.0, 0.0, 0.0, 0.0, 0.0, 0.0, 0.0, 0.0, 0.0, 0.0, 0.0, 0.0]
2022-12-14 16:46:18,527 Train INFO: mean test reward: 92.9384,0.0000,0.0000,0.0000
2022-12-14 16:46:18,528 Train INFO: test seed: 1************************************
2022-12-14 16:46:20,402 Train INFO: mean test reward1: [89.60553561164919, 85.91928869741713, 90.475268245466, 88.97397540694988, 87.76859820447194, 91.60203476174145, 89.6808936491916, 83.48228414223409, 81.84659388243116, 90.25554617484227, 92.77693292801537, 83.94482936542313, 87.9016744578966, 87.32682684929718, 92.52420619528972, 91.2272211036133, 88.59942727339934, 91.79026956503333, 88.36700571615988, 90.22667720096048, 89.55889185118767, 91.3802092916506, 86.03646873203755, 95.60346698815576, 91.79137615064582, 92.79366281089473, 91.656072692078, 94.05366069519192, 86.86434537617411, 89.16916633101742, 87.73484606574013, 95.59729989772227, 86.52416804950593, 87.46388154845029, 91.24082487843144, 90.32117937610637, 90.94579053940961, 83.2908639799666, 96.06688968889567, 90.72366192976918, 88.27121409077891, 90.99732111479526, 91.99684901415517, 89.88562936881202, 93.93907156038227, 88.99526298272623, 85.4030527146312, 90.96493125083356, 95.48347869671673, 89.8477886163062]
2022-12-14 16:46:20,407 Train INFO: mean test reward2: [0.0, 0.0, 0.0, 0.0, 0.0, 0.0, 0.0, 0.0, 0.0, 0.0, 0.0, 0.0, 0.0, 0.0, 0.0, 0.0, 0.0, 0.0, 0.0, 0.0, 0.0, 0.0, 0.0, 0.0, 0.0, 0.0, 0.0, 0.0, 0.0, 0.0, 0.0, 0.0, 0.0, 0.0, 0.0, 0.0, 0.0, 0.0, 0.0, 0.0, 0.0, 0.0, 0.0, 0.0, 0.0, 0.0, 0.0, 0.0, 0.0, 0.0]
2022-12-14 16:46:20,407 Train INFO: mean test reward3: [0.0, 0.0, 0.0, 0.0, 0.0, 0.0, 0.0, 0.0, 0.0, 0.0, 0.0, 0.0, 0.0, 0.0, 0.0, 0.0, 0.0, 0.0, 0.0, 0.0, 0.0, 0.0, 0.0, 0.0, 0.0, 0.0, 0.0, 0.0, 0.0, 0.0, 0.0, 0.0, 0.0, 0.0, 0.0, 0.0, 0.0, 0.0, 0.0, 0.0, 0.0, 0.0, 0.0, 0.0, 0.0, 0.0, 0.0, 0.0, 0.0, 0.0]
2022-12-14 16:46:20,407 Train INFO: mean test reward4: [0.0, 0.0, 0.0, 0.0, 0.0, 0.0, 0.0, 0.0, 0.0, 0.0, 0.0, 0.0, 0.0, 0.0, 0.0, 0.0, 0.0, 0.0, 0.0, 0.0, 0.0, 0.0, 0.0, 0.0, 0.0, 0.0, 0.0, 0.0, 0.0, 0.0, 0.0, 0.0, 0.0, 0.0, 0.0, 0.0, 0.0, 0.0, 0.0, 0.0, 0.0, 0.0, 0.0, 0.0, 0.0, 0.0, 0.0, 0.0, 0.0, 0.0]
2022-12-14 16:46:20,408 Train INFO: mean test reward: 89.7779,0.0000,0.0000,0.0000
2022-12-14 16:46:20,408 Train INFO: test seed: 2************************************
2022-12-14 16:46:22,205 Train INFO: mean test reward1: [86.66017257519313, 86.12427728514494, 86.66480469440626, 82.90126810340604, 84.91998876583247, 85.33384696410181, 85.43702777441158, 78.14347117541938, 88.21644278638594, 87.13874934135153, 87.74353441691004, 85.99609332552502, 86.4969506037447, 82.32619992626523, 84.82402991715827, 81.34679843957484, 85.59101074725356, 81.49562220044113, 83.5047666781558, 87.22988319608194, 78.02120239689138, 83.35102544140528, 81.63457693952115, 89.77912233458017, 85.3353698592392, 81.80083166676488, 85.56770798290363, 89.43159286397169, 82.90879609260286, 82.60524513085377, 84.36231018145101, 84.88744049357543, 82.51318803128824, 82.51697713876668, 88.11825735931357, 87.75803046532693, 84.08865035360903, 84.10705951284469, 85.00885981401726, 86.29761962637933, 81.28703175902966, 82.31985656691934, 85.72959282252786, 84.23502474467038, 87.3305134269112, 84.67833293648282, 81.74359600953785, 90.07427413585302, 86.51184450412514, 89.12513869858537]
2022-12-14 16:46:22,205 Train INFO: mean test reward2: [0.0, 0.0, 0.0, 0.0, 0.0, 0.0, 0.0, 0.0, 0.0, 0.0, 0.0, 0.0, 0.0, 0.0, 0.0, 0.0, 0.0, 0.0, 0.0, 0.0, 0.0, 0.0, 0.0, 0.0, 0.0, 0.0, 0.0, 0.0, 0.0, 0.0, 0.0, 0.0, 0.0, 0.0, 0.0, 0.0, 0.0, 0.0, 0.0, 0.0, 0.0, 0.0, 0.0, 0.0, 0.0, 0.0, 0.0, 0.0, 0.0, 0.0]
2022-12-14 16:46:22,206 Train INFO: mean test reward3: [0.0, 0.0, 0.0, 0.0, 0.0, 0.0, 0.0, 0.0, 0.0, 0.0, 0.0, 0.0, 0.0, 0.0, 0.0, 0.0, 0.0, 0.0, 0.0, 0.0, 0.0, 0.0, 0.0, 0.0, 0.0, 0.0, 0.0, 0.0, 0.0, 0.0, 0.0, 0.0, 0.0, 0.0, 0.0, 0.0, 0.0, 0.0, 0.0, 0.0, 0.0, 0.0, 0.0, 0.0, 0.0, 0.0, 0.0, 0.0, 0.0, 0.0]
2022-12-14 16:46:22,206 Train INFO: mean test reward4: [0.0, 0.0, 0.0, 0.0, 0.0, 0.0, 0.0, 0.0, 0.0, 0.0, 0.0, 0.0, 0.0, 0.0, 0.0, 0.0, 0.0, 0.0, 0.0, 0.0, 0.0, 0.0, 0.0, 0.0, 0.0, 0.0, 0.0, 0.0, 0.0, 0.0, 0.0, 0.0, 0.0, 0.0, 0.0, 0.0, 0.0, 0.0, 0.0, 0.0, 0.0, 0.0, 0.0, 0.0, 0.0, 0.0, 0.0, 0.0, 0.0, 0.0]
2022-12-14 16:46:22,206 Train INFO: mean test reward: 84.8245,0.0000,0.0000,0.0000
2022-12-14 16:46:22,206 Train INFO: test seed: 3************************************
2022-12-14 16:46:24,055 Train INFO: mean test reward1: [89.10601941273656, 89.29942655769337, 91.72229307082017, 88.06196592431466, 90.66653485111169, 91.30672506157606, 91.69918257772432, 85.35604241061048, 89.54036910294789, 85.57110036375121, 93.84546133444015, 85.88542278617632, 93.46408588395167, 86.61765495797185, 91.43451016370953, 84.70001004571506, 94.22070466882852, 85.40849904068668, 94.4174559034586, 91.71253575066523, 95.81363913558772, 93.54566968058488, 85.196636348414, 92.54071931001654, 89.13813358766497, 94.18970537941868, 87.27703942460411, 88.34135383061401, 91.04619471759236, 89.70859290456742, 88.35548354415658, 94.34757203292087, 90.3387069273508, 90.74263858911235, 88.96313360587192, 90.524454275211, 89.72867064924947, 83.9061783477203, 95.94525536992195, 88.92258313503885, 93.74188184562799, 91.55174032628598, 95.64448514160831, 89.75449804740819, 94.59130481851565, 83.99991898889168, 84.99408651315957, 89.36770730702489, 94.0547075237385, 89.7469101317739]
2022-12-14 16:46:24,055 Train INFO: mean test reward2: [0.0, 0.0, 0.0, 0.0, 0.0, 0.0, 0.0, 0.0, 0.0, 0.0, 0.0, 0.0, 0.0, 0.0, 0.0, 0.0, 0.0, 0.0, 0.0, 0.0, 0.0, 0.0, 0.0, 0.0, 0.0, 0.0, 0.0, 0.0, 0.0, 0.0, 0.0, 0.0, 0.0, 0.0, 0.0, 0.0, 0.0, 0.0, 0.0, 0.0, 0.0, 0.0, 0.0, 0.0, 0.0, 0.0, 0.0, 0.0, 0.0, 0.0]
2022-12-14 16:46:24,055 Train INFO: mean test reward3: [0.0, 0.0, 0.0, 0.0, 0.0, 0.0, 0.0, 0.0, 0.0, 0.0, 0.0, 0.0, 0.0, 0.0, 0.0, 0.0, 0.0, 0.0, 0.0, 0.0, 0.0, 0.0, 0.0, 0.0, 0.0, 0.0, 0.0, 0.0, 0.0, 0.0, 0.0, 0.0, 0.0, 0.0, 0.0, 0.0, 0.0, 0.0, 0.0, 0.0, 0.0, 0.0, 0.0, 0.0, 0.0, 0.0, 0.0, 0.0, 0.0, 0.0]
2022-12-14 16:46:24,055 Train INFO: mean test reward4: [0.0, 0.0, 0.0, 0.0, 0.0, 0.0, 0.0, 0.0, 0.0, 0.0, 0.0, 0.0, 0.0, 0.0, 0.0, 0.0, 0.0, 0.0, 0.0, 0.0, 0.0, 0.0, 0.0, 0.0, 0.0, 0.0, 0.0, 0.0, 0.0, 0.0, 0.0, 0.0, 0.0, 0.0, 0.0, 0.0, 0.0, 0.0, 0.0, 0.0, 0.0, 0.0, 0.0, 0.0, 0.0, 0.0, 0.0, 0.0, 0.0, 0.0]
2022-12-14 16:46:24,056 Train INFO: mean test reward: 90.2011,0.0000,0.0000,0.0000
2022-12-14 16:46:24,056 Train INFO: test seed: 4************************************
2022-12-14 16:46:25,858 Train INFO: mean test reward1: [88.17229342853716, 87.58018836854245, 91.08866641464424, 89.62204893865913, 87.16062829085061, 89.22734428822454, 92.15611781704831, 85.89480747097905, 88.72870932182636, 87.1518543790317, 90.67731222046473, 84.23549304074261, 90.3760343583142, 86.22231830886035, 93.88310638039464, 88.4182453741569, 94.76507806165358, 89.15154198332462, 87.07385731588138, 93.01328616691119, 91.16440996142379, 91.442081931881, 86.16723269115595, 92.5653964014599, 87.8060039684831, 89.9514416547142, 92.05411842427233, 90.1030527119188, 93.25802292917652, 89.68803149292863, 88.60524307085667, 92.45509470809766, 85.53849972455191, 87.0000694727333, 86.81876742371207, 88.61982299702166, 90.61380757053865, 81.92655707917416, 93.89403208113389, 88.82099154643377, 90.19762440487528, 86.04993280558857, 92.02688941095661, 89.78844115856467, 90.7711659675869, 92.19254734633209, 84.92872257000644, 93.00566856108576, 92.78424541755557, 90.89567987012582]
2022-12-14 16:46:25,858 Train INFO: mean test reward2: [0.0, 0.0, 0.0, 0.0, 0.0, 0.0, 0.0, 0.0, 0.0, 0.0, 0.0, 0.0, 0.0, 0.0, 0.0, 0.0, 0.0, 0.0, 0.0, 0.0, 0.0, 0.0, 0.0, 0.0, 0.0, 0.0, 0.0, 0.0, 0.0, 0.0, 0.0, 0.0, 0.0, 0.0, 0.0, 0.0, 0.0, 0.0, 0.0, 0.0, 0.0, 0.0, 0.0, 0.0, 0.0, 0.0, 0.0, 0.0, 0.0, 0.0]
2022-12-14 16:46:25,859 Train INFO: mean test reward3: [0.0, 0.0, 0.0, 0.0, 0.0, 0.0, 0.0, 0.0, 0.0, 0.0, 0.0, 0.0, 0.0, 0.0, 0.0, 0.0, 0.0, 0.0, 0.0, 0.0, 0.0, 0.0, 0.0, 0.0, 0.0, 0.0, 0.0, 0.0, 0.0, 0.0, 0.0, 0.0, 0.0, 0.0, 0.0, 0.0, 0.0, 0.0, 0.0, 0.0, 0.0, 0.0, 0.0, 0.0, 0.0, 0.0, 0.0, 0.0, 0.0, 0.0]
2022-12-14 16:46:25,859 Train INFO: mean test reward4: [0.0, 0.0, 0.0, 0.0, 0.0, 0.0, 0.0, 0.0, 0.0, 0.0, 0.0, 0.0, 0.0, 0.0, 0.0, 0.0, 0.0, 0.0, 0.0, 0.0, 0.0, 0.0, 0.0, 0.0, 0.0, 0.0, 0.0, 0.0, 0.0, 0.0, 0.0, 0.0, 0.0, 0.0, 0.0, 0.0, 0.0, 0.0, 0.0, 0.0, 0.0, 0.0, 0.0, 0.0, 0.0, 0.0, 0.0, 0.0, 0.0, 0.0]
2022-12-14 16:46:25,859 Train INFO: mean test reward: 89.5147,0.0000,0.0000,0.0000
2022-12-14 16:46:25,859 Train INFO: test seed: 5************************************
2022-12-14 16:46:27,592 Train INFO: mean test reward1: [84.79856354049083, 80.32818859321353, 91.3130031762474, 91.15405416871896, 84.14866855351067, 87.98439491055555, 89.06865191133345, 84.9123577623723, 86.90499294920849, 81.83280411558721, 87.4890384522786, 83.85376420724408, 85.87848023991931, 86.37278141546685, 86.90291811525523, 84.21538093069047, 88.63816805274871, 86.08052549879734, 86.16035035811439, 89.7563572794976, 86.05763666425506, 89.04687212856477, 84.06724944998763, 84.61004673203357, 84.97629602672073, 87.14739706008956, 90.10611634391996, 88.59395566959742, 84.48323759929028, 88.05218111588783, 89.56883912513824, 90.09108826580871, 86.90396884078318, 85.68661650754512, 91.83491572593847, 86.6387179996597, 81.36061753476967, 83.60448032559307, 93.81953971473695, 82.73285109246659, 85.41732780989115, 86.93515264021616, 90.57420991359263, 87.71193290443034, 89.1416804997431, 90.26114058038888, 85.69738311537051, 84.5247120650619, 90.29030783377063, 89.89495330175043]
2022-12-14 16:46:27,593 Train INFO: mean test reward2: [0.0, 0.0, 0.0, 0.0, 0.0, 0.0, 0.0, 0.0, 0.0, 0.0, 0.0, 0.0, 0.0, 0.0, 0.0, 0.0, 0.0, 0.0, 0.0, 0.0, 0.0, 0.0, 0.0, 0.0, 0.0, 0.0, 0.0, 0.0, 0.0, 0.0, 0.0, 0.0, 0.0, 0.0, 0.0, 0.0, 0.0, 0.0, 0.0, 0.0, 0.0, 0.0, 0.0, 0.0, 0.0, 0.0, 0.0, 0.0, 0.0, 0.0]
2022-12-14 16:46:27,593 Train INFO: mean test reward3: [0.0, 0.0, 0.0, 0.0, 0.0, 0.0, 0.0, 0.0, 0.0, 0.0, 0.0, 0.0, 0.0, 0.0, 0.0, 0.0, 0.0, 0.0, 0.0, 0.0, 0.0, 0.0, 0.0, 0.0, 0.0, 0.0, 0.0, 0.0, 0.0, 0.0, 0.0, 0.0, 0.0, 0.0, 0.0, 0.0, 0.0, 0.0, 0.0, 0.0, 0.0, 0.0, 0.0, 0.0, 0.0, 0.0, 0.0, 0.0, 0.0, 0.0]
2022-12-14 16:46:27,593 Train INFO: mean test reward4: [0.0, 0.0, 0.0, 0.0, 0.0, 0.0, 0.0, 0.0, 0.0, 0.0, 0.0, 0.0, 0.0, 0.0, 0.0, 0.0, 0.0, 0.0, 0.0, 0.0, 0.0, 0.0, 0.0, 0.0, 0.0, 0.0, 0.0, 0.0, 0.0, 0.0, 0.0, 0.0, 0.0, 0.0, 0.0, 0.0, 0.0, 0.0, 0.0, 0.0, 0.0, 0.0, 0.0, 0.0, 0.0, 0.0, 0.0, 0.0, 0.0, 0.0]
2022-12-14 16:46:27,593 Train INFO: mean test reward: 86.9525,0.0000,0.0000,0.0000
2022-12-14 16:46:27,593 Train INFO: test seed: 6************************************
2022-12-14 16:46:29,350 Train INFO: mean test reward1: [86.63718513283774, 90.42595726428311, 87.6783850764467, 84.79176882089742, 83.48252867741871, 83.61096308146105, 85.40220946374552, 83.30613676840547, 81.94281361626126, 77.30194897525796, 86.04867667766901, 79.99412168724774, 90.18050285482265, 85.10508905014028, 86.41267689537146, 84.81960944902364, 85.46309972899886, 87.70615754242912, 86.48942159920921, 90.09108826580871, 90.75481020586382, 84.61917514696465, 77.96001480411672, 90.0731907985866, 80.01892661987306, 84.13188739506819, 89.41345760158563, 89.02592410433712, 84.98637197193655, 80.19689771605212, 86.56201742693135, 86.70696233161257, 85.48013782150507, 90.74903284396552, 87.70284360997375, 87.49255374810538, 89.26698658447168, 82.32900191683372, 87.14279175150207, 82.6921193935742, 85.41376420910164, 87.05691362488948, 89.05162945504242, 83.2820139114775, 81.9345687351861, 85.02096156762452, 82.49966124770476, 84.31830073085595, 88.46801255201164, 90.22314913277224]
2022-12-14 16:46:29,351 Train INFO: mean test reward2: [0.0, 0.0, 0.0, 0.0, 0.0, 0.0, 0.0, 0.0, 0.0, 0.0, 0.0, 0.0, 0.0, 0.0, 0.0, 0.0, 0.0, 0.0, 0.0, 0.0, 0.0, 0.0, 0.0, 0.0, 0.0, 0.0, 0.0, 0.0, 0.0, 0.0, 0.0, 0.0, 0.0, 0.0, 0.0, 0.0, 0.0, 0.0, 0.0, 0.0, 0.0, 0.0, 0.0, 0.0, 0.0, 0.0, 0.0, 0.0, 0.0, 0.0]
2022-12-14 16:46:29,351 Train INFO: mean test reward3: [0.0, 0.0, 0.0, 0.0, 0.0, 0.0, 0.0, 0.0, 0.0, 0.0, 0.0, 0.0, 0.0, 0.0, 0.0, 0.0, 0.0, 0.0, 0.0, 0.0, 0.0, 0.0, 0.0, 0.0, 0.0, 0.0, 0.0, 0.0, 0.0, 0.0, 0.0, 0.0, 0.0, 0.0, 0.0, 0.0, 0.0, 0.0, 0.0, 0.0, 0.0, 0.0, 0.0, 0.0, 0.0, 0.0, 0.0, 0.0, 0.0, 0.0]
2022-12-14 16:46:29,351 Train INFO: mean test reward4: [0.0, 0.0, 0.0, 0.0, 0.0, 0.0, 0.0, 0.0, 0.0, 0.0, 0.0, 0.0, 0.0, 0.0, 0.0, 0.0, 0.0, 0.0, 0.0, 0.0, 0.0, 0.0, 0.0, 0.0, 0.0, 0.0, 0.0, 0.0, 0.0, 0.0, 0.0, 0.0, 0.0, 0.0, 0.0, 0.0, 0.0, 0.0, 0.0, 0.0, 0.0, 0.0, 0.0, 0.0, 0.0, 0.0, 0.0, 0.0, 0.0, 0.0]
2022-12-14 16:46:29,351 Train INFO: mean test reward: 85.6293,0.0000,0.0000,0.0000
2022-12-14 16:46:29,352 Train INFO: test seed: 7************************************
2022-12-14 16:46:31,117 Train INFO: mean test reward1: [86.05691539766335, 85.17384105142658, 91.66255571424108, 89.62008357363895, 84.27513269926449, 81.32849051119108, 85.53531505955357, 85.30393419840263, 81.18805143542932, 86.52211688578555, 83.44654693401735, 84.77305412222006, 89.64203803911435, 82.31642070076596, 84.9086750201093, 84.98864184880233, 89.39572768711801, 85.93709624082703, 80.86463727813978, 87.0413162714243, 87.33301808321576, 85.85329275244487, 82.94533193873748, 87.54109975813132, 83.99324980161157, 87.63427227289336, 81.64933474538697, 82.68948885011562, 85.02412015508418, 85.44099589906796, 85.9274172935138, 90.43420131915843, 87.77566972603815, 84.70202960234273, 89.05089506797837, 85.29809380742586, 86.0397998111205, 82.77051486593062, 90.69009784006391, 86.89149369615829, 85.72471552753166, 85.95302504622872, 83.77680091552457, 84.17858025866765, 82.12417402179281, 82.87507744366091, 82.16659601598772, 86.48973634414074, 92.69568745400163, 90.63295808302581]
2022-12-14 16:46:31,117 Train INFO: mean test reward2: [0.0, 0.0, 0.0, 0.0, 0.0, 0.0, 0.0, 0.0, 0.0, 0.0, 0.0, 0.0, 0.0, 0.0, 0.0, 0.0, 0.0, 0.0, 0.0, 0.0, 0.0, 0.0, 0.0, 0.0, 0.0, 0.0, 0.0, 0.0, 0.0, 0.0, 0.0, 0.0, 0.0, 0.0, 0.0, 0.0, 0.0, 0.0, 0.0, 0.0, 0.0, 0.0, 0.0, 0.0, 0.0, 0.0, 0.0, 0.0, 0.0, 0.0]
2022-12-14 16:46:31,117 Train INFO: mean test reward3: [0.0, 0.0, 0.0, 0.0, 0.0, 0.0, 0.0, 0.0, 0.0, 0.0, 0.0, 0.0, 0.0, 0.0, 0.0, 0.0, 0.0, 0.0, 0.0, 0.0, 0.0, 0.0, 0.0, 0.0, 0.0, 0.0, 0.0, 0.0, 0.0, 0.0, 0.0, 0.0, 0.0, 0.0, 0.0, 0.0, 0.0, 0.0, 0.0, 0.0, 0.0, 0.0, 0.0, 0.0, 0.0, 0.0, 0.0, 0.0, 0.0, 0.0]
2022-12-14 16:46:31,117 Train INFO: mean test reward4: [0.0, 0.0, 0.0, 0.0, 0.0, 0.0, 0.0, 0.0, 0.0, 0.0, 0.0, 0.0, 0.0, 0.0, 0.0, 0.0, 0.0, 0.0, 0.0, 0.0, 0.0, 0.0, 0.0, 0.0, 0.0, 0.0, 0.0, 0.0, 0.0, 0.0, 0.0, 0.0, 0.0, 0.0, 0.0, 0.0, 0.0, 0.0, 0.0, 0.0, 0.0, 0.0, 0.0, 0.0, 0.0, 0.0, 0.0, 0.0, 0.0, 0.0]
2022-12-14 16:46:31,117 Train INFO: mean test reward: 85.7256,0.0000,0.0000,0.0000
2022-12-14 16:46:31,117 Train INFO: test seed: 8************************************
2022-12-14 16:46:32,354 Train INFO: mean test reward1: [82.49076357347947, 85.45055125278067, 88.25881327433778, 84.34410003240549, 81.76551880052094, 88.00272975074643, 87.15899177243881, 81.63602271733531, 85.42430485012109, 82.78373807417645, 85.4021107947835, 86.27776395002114, 87.76146001393926, 85.06255644420953, 88.0896701252456, 84.2901634410351, 86.11182095340135, 84.49630252904943, 83.97147509803293, 85.10472494740624, 84.22291502375103, 83.75641657873881, 81.8597300640856, 87.09805003126131, 87.89078816423202, 89.87661897855692, 85.09146793233462, 78.73321583418566, 81.15644553231164, 86.0690029370612, 82.8066642552029, 84.97999508548028, 83.23297813890589, 83.70180998796927, 87.58296685043481, 84.49864132180845, 87.78120740864222, 87.10946362116795, 88.86901157627806, 80.77260928454167, 88.41804677592046, 84.40410746759179, 81.38124236535836, 90.12831650460377, 84.93205080177523, 85.25553569122474, 71.1315489855359, 87.40292360701893, 89.93189464290157, 89.85355634055819]
2022-12-14 16:46:32,354 Train INFO: mean test reward2: [0.0, 0.0, 0.0, 0.0, 0.0, 0.0, 0.0, 0.0, 0.0, 0.0, 0.0, 0.0, 0.0, 0.0, 0.0, 0.0, 0.0, 0.0, 0.0, 0.0, 0.0, 0.0, 0.0, 0.0, 0.0, 0.0, 0.0, 0.0, 0.0, 0.0, 0.0, 0.0, 0.0, 0.0, 0.0, 0.0, 0.0, 0.0, 0.0, 0.0, 0.0, 0.0, 0.0, 0.0, 0.0, 0.0, 0.0, 0.0, 0.0, 0.0]
2022-12-14 16:46:32,354 Train INFO: mean test reward3: [0.0, 0.0, 0.0, 0.0, 0.0, 0.0, 0.0, 0.0, 0.0, 0.0, 0.0, 0.0, 0.0, 0.0, 0.0, 0.0, 0.0, 0.0, 0.0, 0.0, 0.0, 0.0, 0.0, 0.0, 0.0, 0.0, 0.0, 0.0, 0.0, 0.0, 0.0, 0.0, 0.0, 0.0, 0.0, 0.0, 0.0, 0.0, 0.0, 0.0, 0.0, 0.0, 0.0, 0.0, 0.0, 0.0, 0.0, 0.0, 0.0, 0.0]
2022-12-14 16:46:32,354 Train INFO: mean test reward4: [0.0, 0.0, 0.0, 0.0, 0.0, 0.0, 0.0, 0.0, 0.0, 0.0, 0.0, 0.0, 0.0, 0.0, 0.0, 0.0, 0.0, 0.0, 0.0, 0.0, 0.0, 0.0, 0.0, 0.0, 0.0, 0.0, 0.0, 0.0, 0.0, 0.0, 0.0, 0.0, 0.0, 0.0, 0.0, 0.0, 0.0, 0.0, 0.0, 0.0, 0.0, 0.0, 0.0, 0.0, 0.0, 0.0, 0.0, 0.0, 0.0, 0.0]
2022-12-14 16:46:32,355 Train INFO: mean test reward: 85.0763,0.0000,0.0000,0.0000
2022-12-14 16:46:32,355 Train INFO: test seed: 9************************************
2022-12-14 16:46:34,364 Train INFO: mean test reward1: [90.55542241402155, 96.1050088205347, 91.32787447513432, 86.32541789867821, 89.92045305259103, 93.65665522892205, 88.51830933374967, 86.78339404962152, 93.48959788126963, 94.05910497338634, 92.8161253578085, 89.70877311135158, 94.53549588098569, 89.41971411257148, 94.36706197245552, 88.00983197677121, 96.55799492896, 91.52756598249995, 97.4610525731518, 92.23989078028151, 91.53217521256862, 92.77697745272421, 87.75563759543226, 89.681776719085, 88.18183482972513, 94.43543064655718, 89.15948879128231, 95.28708215717606, 89.40612053986676, 91.64135119307853, 94.11091756609994, 95.30199236566779, 89.69281737837429, 97.39574081938004, 91.78099528646352, 94.79547386954411, 94.65166425661106, 92.13737602207614, 94.559051895484, 92.40224540086194, 91.28258395221847, 88.51717817503983, 92.62919785654965, 93.05990214938826, 90.48147677876995, 95.54433475922953, 85.05729737994426, 92.45659799347717, 92.03765889900993, 94.644189709863]
2022-12-14 16:46:34,365 Train INFO: mean test reward2: [0.0, 0.0, 0.0, 0.0, 0.0, 0.0, 0.0, 0.0, 0.0, 0.0, 0.0, 0.0, 0.0, 0.0, 0.0, 0.0, 0.0, 0.0, 0.0, 0.0, 0.0, 0.0, 0.0, 0.0, 0.0, 0.0, 0.0, 0.0, 0.0, 0.0, 0.0, 0.0, 0.0, 0.0, 0.0, 0.0, 0.0, 0.0, 0.0, 0.0, 0.0, 0.0, 0.0, 0.0, 0.0, 0.0, 0.0, 0.0, 0.0, 0.0]
2022-12-14 16:46:34,365 Train INFO: mean test reward3: [0.0, 0.0, 0.0, 0.0, 0.0, 0.0, 0.0, 0.0, 0.0, 0.0, 0.0, 0.0, 0.0, 0.0, 0.0, 0.0, 0.0, 0.0, 0.0, 0.0, 0.0, 0.0, 0.0, 0.0, 0.0, 0.0, 0.0, 0.0, 0.0, 0.0, 0.0, 0.0, 0.0, 0.0, 0.0, 0.0, 0.0, 0.0, 0.0, 0.0, 0.0, 0.0, 0.0, 0.0, 0.0, 0.0, 0.0, 0.0, 0.0, 0.0]
2022-12-14 16:46:34,365 Train INFO: mean test reward4: [0.0, 0.0, 0.0, 0.0, 0.0, 0.0, 0.0, 0.0, 0.0, 0.0, 0.0, 0.0, 0.0, 0.0, 0.0, 0.0, 0.0, 0.0, 0.0, 0.0, 0.0, 0.0, 0.0, 0.0, 0.0, 0.0, 0.0, 0.0, 0.0, 0.0, 0.0, 0.0, 0.0, 0.0, 0.0, 0.0, 0.0, 0.0, 0.0, 0.0, 0.0, 0.0, 0.0, 0.0, 0.0, 0.0, 0.0, 0.0, 0.0, 0.0]
2022-12-14 16:46:34,365 Train INFO: mean test reward: 91.9956,0.0000,0.0000,0.0000
2022-12-14 16:46:34,366 Train INFO: test seed: 10************************************
2022-12-14 16:46:36,229 Train INFO: mean test reward1: [93.5274725452321, 84.89808454463426, 94.61759176026827, 91.6006851203753, 90.5951252343579, 92.92817340012785, 95.82032500725995, 84.54315328468033, 92.65432026558594, 89.47113238523234, 94.1771062012003, 92.68955758204744, 95.2313949589953, 85.6941968792818, 93.11258308037712, 90.38250277846666, 97.14022414215259, 92.29268584168351, 94.50028265071116, 92.9334837293037, 97.07698128169267, 89.52963484107492, 85.4258247821661, 92.56652551157875, 90.65530412146866, 98.19089975672907, 88.12437583328477, 91.21839150523759, 91.18983699925973, 93.03808866042543, 94.07206385143203, 97.12176279333842, 88.44536135067364, 92.69260672823954, 92.72863821486284, 92.1003323906749, 90.62935284976909, 90.64432030213536, 92.3660468900874, 89.42851422637774, 93.55168713574486, 92.6386308625345, 96.44575689341362, 91.9737227155506, 95.34531246055656, 94.84783547740678, 91.15276674655242, 93.82693016535566, 95.94525536992192, 96.07797291374166]
2022-12-14 16:46:36,230 Train INFO: mean test reward2: [0.0, 0.0, 0.0, 0.0, 0.0, 0.0, 0.0, 0.0, 0.0, 0.0, 0.0, 0.0, 0.0, 0.0, 0.0, 0.0, 0.0, 0.0, 0.0, 0.0, 0.0, 0.0, 0.0, 0.0, 0.0, 0.0, 0.0, 0.0, 0.0, 0.0, 0.0, 0.0, 0.0, 0.0, 0.0, 0.0, 0.0, 0.0, 0.0, 0.0, 0.0, 0.0, 0.0, 0.0, 0.0, 0.0, 0.0, 0.0, 0.0, 0.0]
2022-12-14 16:46:36,231 Train INFO: mean test reward3: [0.0, 0.0, 0.0, 0.0, 0.0, 0.0, 0.0, 0.0, 0.0, 0.0, 0.0, 0.0, 0.0, 0.0, 0.0, 0.0, 0.0, 0.0, 0.0, 0.0, 0.0, 0.0, 0.0, 0.0, 0.0, 0.0, 0.0, 0.0, 0.0, 0.0, 0.0, 0.0, 0.0, 0.0, 0.0, 0.0, 0.0, 0.0, 0.0, 0.0, 0.0, 0.0, 0.0, 0.0, 0.0, 0.0, 0.0, 0.0, 0.0, 0.0]
2022-12-14 16:46:36,231 Train INFO: mean test reward4: [0.0, 0.0, 0.0, 0.0, 0.0, 0.0, 0.0, 0.0, 0.0, 0.0, 0.0, 0.0, 0.0, 0.0, 0.0, 0.0, 0.0, 0.0, 0.0, 0.0, 0.0, 0.0, 0.0, 0.0, 0.0, 0.0, 0.0, 0.0, 0.0, 0.0, 0.0, 0.0, 0.0, 0.0, 0.0, 0.0, 0.0, 0.0, 0.0, 0.0, 0.0, 0.0, 0.0, 0.0, 0.0, 0.0, 0.0, 0.0, 0.0, 0.0]
2022-12-14 16:46:36,231 Train INFO: mean test reward: 92.3572,0.0000,0.0000,0.0000
2022-12-14 16:46:36,231 Train INFO: test seed: 11************************************
2022-12-14 16:46:37,835 Train INFO: mean test reward1: [85.21463007602874, 85.8644816474804, 84.4984342798008, 82.60409867445233, 82.67121919971099, 81.53384643833935, 86.26521595822229, 80.78906162937186, 83.94113570357005, 86.25265247968478, 82.49823442947492, 88.13957269536041, 88.8181429284505, 82.77356303910703, 84.93738426247745, 88.55139414599815, 89.48834475729812, 85.36472567990724, 85.05281328074622, 83.59888578689139, 85.52680044308869, 79.89435464053649, 80.85169282833772, 87.62285557750648, 81.98014011110943, 89.31090378782879, 81.35652965569452, 85.68436756040518, 84.3677828245638, 83.56966789732165, 86.78498531712842, 88.12341003994861, 81.26361855142189, 83.32718753414251, 86.61742503625224, 81.55569675147731, 84.58326185748196, 85.78538773787645, 88.72784842980484, 84.106700755725, 83.09702238196665, 81.6243017872305, 85.29434339233617, 87.52602265132137, 86.68151366814527, 81.54066872993522, 77.6157379636035, 86.07105725965805, 91.25054631923673, 85.05147798381842]
2022-12-14 16:46:37,835 Train INFO: mean test reward2: [0.0, 0.0, 0.0, 0.0, 0.0, 0.0, 0.0, 0.0, 0.0, 0.0, 0.0, 0.0, 0.0, 0.0, 0.0, 0.0, 0.0, 0.0, 0.0, 0.0, 0.0, 0.0, 0.0, 0.0, 0.0, 0.0, 0.0, 0.0, 0.0, 0.0, 0.0, 0.0, 0.0, 0.0, 0.0, 0.0, 0.0, 0.0, 0.0, 0.0, 0.0, 0.0, 0.0, 0.0, 0.0, 0.0, 0.0, 0.0, 0.0, 0.0]
2022-12-14 16:46:37,835 Train INFO: mean test reward3: [0.0, 0.0, 0.0, 0.0, 0.0, 0.0, 0.0, 0.0, 0.0, 0.0, 0.0, 0.0, 0.0, 0.0, 0.0, 0.0, 0.0, 0.0, 0.0, 0.0, 0.0, 0.0, 0.0, 0.0, 0.0, 0.0, 0.0, 0.0, 0.0, 0.0, 0.0, 0.0, 0.0, 0.0, 0.0, 0.0, 0.0, 0.0, 0.0, 0.0, 0.0, 0.0, 0.0, 0.0, 0.0, 0.0, 0.0, 0.0, 0.0, 0.0]
2022-12-14 16:46:37,835 Train INFO: mean test reward4: [0.0, 0.0, 0.0, 0.0, 0.0, 0.0, 0.0, 0.0, 0.0, 0.0, 0.0, 0.0, 0.0, 0.0, 0.0, 0.0, 0.0, 0.0, 0.0, 0.0, 0.0, 0.0, 0.0, 0.0, 0.0, 0.0, 0.0, 0.0, 0.0, 0.0, 0.0, 0.0, 0.0, 0.0, 0.0, 0.0, 0.0, 0.0, 0.0, 0.0, 0.0, 0.0, 0.0, 0.0, 0.0, 0.0, 0.0, 0.0, 0.0, 0.0]
2022-12-14 16:46:37,835 Train INFO: mean test reward: 84.7130,0.0000,0.0000,0.0000
2022-12-14 16:46:37,836 Train INFO: test seed: 12************************************
2022-12-14 16:46:39,783 Train INFO: mean test reward1: [91.81450409788494, 87.27295129573623, 89.61826082199289, 89.83616692683513, 92.11759675490786, 91.71632045153194, 91.29479350091287, 85.32370014568804, 90.27543913694272, 94.54195231309549, 91.11874075719084, 83.96723527799242, 86.62525917060887, 89.82237107351663, 90.91678184319228, 86.63663639496349, 91.1464641053956, 86.20958196684893, 89.89223424879596, 92.27422048851763, 88.86643275004361, 89.6286360546678, 88.67695835737243, 90.82627435009135, 89.8430796538412, 88.24459535604834, 91.23531528442022, 81.5239661267719, 88.08435059052533, 87.77484532575748, 88.548399807812, 91.93037592665274, 90.39491470102914, 89.64546888791287, 86.76580795286904, 89.02369152190029, 92.39980518520916, 91.24993016202977, 93.622786178518, 89.43432671144707, 93.5475861835374, 86.12861397820524, 91.42886080412877, 90.72324617144538, 90.77149075599401, 90.1528744886372, 84.47649910545128, 88.39111036623765, 90.70770525116586, 93.08213037239526]
2022-12-14 16:46:39,783 Train INFO: mean test reward2: [0.0, 0.0, 0.0, 0.0, 0.0, 0.0, 0.0, 0.0, 0.0, 0.0, 0.0, 0.0, 0.0, 0.0, 0.0, 0.0, 0.0, 0.0, 0.0, 0.0, 0.0, 0.0, 0.0, 0.0, 0.0, 0.0, 0.0, 0.0, 0.0, 0.0, 0.0, 0.0, 0.0, 0.0, 0.0, 0.0, 0.0, 0.0, 0.0, 0.0, 0.0, 0.0, 0.0, 0.0, 0.0, 0.0, 0.0, 0.0, 0.0, 0.0]
2022-12-14 16:46:39,783 Train INFO: mean test reward3: [0.0, 0.0, 0.0, 0.0, 0.0, 0.0, 0.0, 0.0, 0.0, 0.0, 0.0, 0.0, 0.0, 0.0, 0.0, 0.0, 0.0, 0.0, 0.0, 0.0, 0.0, 0.0, 0.0, 0.0, 0.0, 0.0, 0.0, 0.0, 0.0, 0.0, 0.0, 0.0, 0.0, 0.0, 0.0, 0.0, 0.0, 0.0, 0.0, 0.0, 0.0, 0.0, 0.0, 0.0, 0.0, 0.0, 0.0, 0.0, 0.0, 0.0]
2022-12-14 16:46:39,783 Train INFO: mean test reward4: [0.0, 0.0, 0.0, 0.0, 0.0, 0.0, 0.0, 0.0, 0.0, 0.0, 0.0, 0.0, 0.0, 0.0, 0.0, 0.0, 0.0, 0.0, 0.0, 0.0, 0.0, 0.0, 0.0, 0.0, 0.0, 0.0, 0.0, 0.0, 0.0, 0.0, 0.0, 0.0, 0.0, 0.0, 0.0, 0.0, 0.0, 0.0, 0.0, 0.0, 0.0, 0.0, 0.0, 0.0, 0.0, 0.0, 0.0, 0.0, 0.0, 0.0]
2022-12-14 16:46:39,783 Train INFO: mean test reward: 89.5910,0.0000,0.0000,0.0000
2022-12-14 16:46:39,784 Train INFO: test seed: 13************************************
2022-12-14 16:46:41,512 Train INFO: mean test reward1: [82.21444052005135, 81.70252135322353, 84.94632869598834, 80.51015782468622, 83.95805410851118, 81.13841428222418, 84.12235947347521, 78.6175369745868, 82.6303581672308, 83.46084824362661, 81.2699293106836, 86.41052773605622, 84.90310746017681, 77.84076606726, 79.4581802728275, 82.78245273903799, 86.66036008082433, 85.07693236039282, 86.0309262599099, 89.36345276787945, 75.74704903596059, 83.36182635488697, 77.2833900053517, 78.95909779682313, 86.16463860279106, 87.46809367685704, 87.02221429124329, 86.38543715335085, 77.79522149641053, 83.78209817833692, 84.51872576525686, 86.04053837546287, 84.71147738148679, 83.80949264280238, 85.56028441519732, 82.81221735070156, 83.09067059274753, 83.94751393052816, 88.32887363493721, 81.75910111086371, 85.43652796780883, 79.57496048115932, 83.11773429325892, 84.36036848890379, 85.43255565358214, 86.66508261630102, 83.97704751329786, 81.16292088281568, 84.61414300010078, 83.67138472046291]
2022-12-14 16:46:41,517 Train INFO: mean test reward2: [0.0, 0.0, 0.0, 0.0, 0.0, 0.0, 0.0, 0.0, 0.0, 0.0, 0.0, 0.0, 0.0, 0.0, 0.0, 0.0, 0.0, 0.0, 0.0, 0.0, 0.0, 0.0, 0.0, 0.0, 0.0, 0.0, 0.0, 0.0, 0.0, 0.0, 0.0, 0.0, 0.0, 0.0, 0.0, 0.0, 0.0, 0.0, 0.0, 0.0, 0.0, 0.0, 0.0, 0.0, 0.0, 0.0, 0.0, 0.0, 0.0, 0.0]
2022-12-14 16:46:41,517 Train INFO: mean test reward3: [0.0, 0.0, 0.0, 0.0, 0.0, 0.0, 0.0, 0.0, 0.0, 0.0, 0.0, 0.0, 0.0, 0.0, 0.0, 0.0, 0.0, 0.0, 0.0, 0.0, 0.0, 0.0, 0.0, 0.0, 0.0, 0.0, 0.0, 0.0, 0.0, 0.0, 0.0, 0.0, 0.0, 0.0, 0.0, 0.0, 0.0, 0.0, 0.0, 0.0, 0.0, 0.0, 0.0, 0.0, 0.0, 0.0, 0.0, 0.0, 0.0, 0.0]
2022-12-14 16:46:41,517 Train INFO: mean test reward4: [0.0, 0.0, 0.0, 0.0, 0.0, 0.0, 0.0, 0.0, 0.0, 0.0, 0.0, 0.0, 0.0, 0.0, 0.0, 0.0, 0.0, 0.0, 0.0, 0.0, 0.0, 0.0, 0.0, 0.0, 0.0, 0.0, 0.0, 0.0, 0.0, 0.0, 0.0, 0.0, 0.0, 0.0, 0.0, 0.0, 0.0, 0.0, 0.0, 0.0, 0.0, 0.0, 0.0, 0.0, 0.0, 0.0, 0.0, 0.0, 0.0, 0.0]
2022-12-14 16:46:41,517 Train INFO: mean test reward: 83.3932,0.0000,0.0000,0.0000
2022-12-14 16:46:41,517 Train INFO: test seed: 14************************************
2022-12-14 16:46:43,234 Train INFO: mean test reward1: [81.36996036237048, 87.53481194085515, 85.47823876208649, 81.57786155314572, 82.95950639702446, 84.68404346882168, 86.34526444586271, 76.73014442778516, 82.35726093087906, 81.25861316331616, 77.58121121673051, 78.06045627772195, 87.79097877968208, 80.74371290481064, 80.32832008616565, 77.57898526106642, 87.02497378081056, 82.78178477926727, 87.59317307736563, 87.39694341225348, 82.6912966149747, 85.33668472574813, 77.36390196108711, 84.76597781930376, 81.4075799215813, 83.59891256482102, 81.26356915540984, 83.58827801046704, 81.9873770804806, 80.23185154928582, 85.09360798213753, 87.33301808321578, 88.96784882126741, 83.93443148510406, 85.03476410632922, 84.32484321574259, 82.89718307235727, 82.958660449958, 86.42192856915517, 82.17330741508292, 86.8248032431483, 80.37432599514035, 83.43092658216325, 83.81789021448776, 77.57539952380202, 84.83042153638533, 79.34634497150675, 87.10056449140339, 86.21944320865671, 86.76822400682792]
2022-12-14 16:46:43,237 Train INFO: mean test reward2: [0.0, 0.0, 0.0, 0.0, 0.0, 0.0, 0.0, 0.0, 0.0, 0.0, 0.0, 0.0, 0.0, 0.0, 0.0, 0.0, 0.0, 0.0, 0.0, 0.0, 0.0, 0.0, 0.0, 0.0, 0.0, 0.0, 0.0, 0.0, 0.0, 0.0, 0.0, 0.0, 0.0, 0.0, 0.0, 0.0, 0.0, 0.0, 0.0, 0.0, 0.0, 0.0, 0.0, 0.0, 0.0, 0.0, 0.0, 0.0, 0.0, 0.0]
2022-12-14 16:46:43,237 Train INFO: mean test reward3: [0.0, 0.0, 0.0, 0.0, 0.0, 0.0, 0.0, 0.0, 0.0, 0.0, 0.0, 0.0, 0.0, 0.0, 0.0, 0.0, 0.0, 0.0, 0.0, 0.0, 0.0, 0.0, 0.0, 0.0, 0.0, 0.0, 0.0, 0.0, 0.0, 0.0, 0.0, 0.0, 0.0, 0.0, 0.0, 0.0, 0.0, 0.0, 0.0, 0.0, 0.0, 0.0, 0.0, 0.0, 0.0, 0.0, 0.0, 0.0, 0.0, 0.0]
2022-12-14 16:46:43,238 Train INFO: mean test reward4: [0.0, 0.0, 0.0, 0.0, 0.0, 0.0, 0.0, 0.0, 0.0, 0.0, 0.0, 0.0, 0.0, 0.0, 0.0, 0.0, 0.0, 0.0, 0.0, 0.0, 0.0, 0.0, 0.0, 0.0, 0.0, 0.0, 0.0, 0.0, 0.0, 0.0, 0.0, 0.0, 0.0, 0.0, 0.0, 0.0, 0.0, 0.0, 0.0, 0.0, 0.0, 0.0, 0.0, 0.0, 0.0, 0.0, 0.0, 0.0, 0.0, 0.0]
2022-12-14 16:46:43,238 Train INFO: mean test reward: 83.2968,0.0000,0.0000,0.0000
2022-12-14 16:46:43,238 Train INFO: test seed: 15************************************
2022-12-14 16:46:44,878 Train INFO: mean test reward1: [82.39406880757747, 86.20315990998773, 86.10520840665917, 80.77836266770882, 80.21959337652424, 79.48787410467934, 84.52180468243948, 82.16779286120823, 85.49959900750393, 79.90159622072356, 84.26261673452765, 77.62374962588737, 83.36143216326681, 78.99198249843245, 85.90981876561406, 84.00864769969785, 87.656571405536, 84.95772539998123, 86.2489585157449, 80.06421533748795, 84.79371716304374, 83.61448151326665, 77.9790110719411, 81.12790095901418, 86.50802766006964, 88.49844056087697, 84.22918236056681, 84.24755809620717, 78.89462704200173, 73.56431015431006, 86.02072912025511, 83.33296321526242, 77.88312378854728, 81.21779410895985, 86.2439402616456, 83.16485245072455, 81.55186474889493, 85.47671772316382, 84.6904138029398, 80.0323683961983, 82.63615942085292, 85.42704834196691, 84.44774730275782, 83.19869777356028, 84.09287600023703, 80.69013385912683, 76.87350574127846, 80.3484442960942, 87.84026473736174, 87.14530808749144]
2022-12-14 16:46:44,878 Train INFO: mean test reward2: [0.0, 0.0, 0.0, 0.0, 0.0, 0.0, 0.0, 0.0, 0.0, 0.0, 0.0, 0.0, 0.0, 0.0, 0.0, 0.0, 0.0, 0.0, 0.0, 0.0, 0.0, 0.0, 0.0, 0.0, 0.0, 0.0, 0.0, 0.0, 0.0, 0.0, 0.0, 0.0, 0.0, 0.0, 0.0, 0.0, 0.0, 0.0, 0.0, 0.0, 0.0, 0.0, 0.0, 0.0, 0.0, 0.0, 0.0, 0.0, 0.0, 0.0]
2022-12-14 16:46:44,878 Train INFO: mean test reward3: [0.0, 0.0, 0.0, 0.0, 0.0, 0.0, 0.0, 0.0, 0.0, 0.0, 0.0, 0.0, 0.0, 0.0, 0.0, 0.0, 0.0, 0.0, 0.0, 0.0, 0.0, 0.0, 0.0, 0.0, 0.0, 0.0, 0.0, 0.0, 0.0, 0.0, 0.0, 0.0, 0.0, 0.0, 0.0, 0.0, 0.0, 0.0, 0.0, 0.0, 0.0, 0.0, 0.0, 0.0, 0.0, 0.0, 0.0, 0.0, 0.0, 0.0]
2022-12-14 16:46:44,878 Train INFO: mean test reward4: [0.0, 0.0, 0.0, 0.0, 0.0, 0.0, 0.0, 0.0, 0.0, 0.0, 0.0, 0.0, 0.0, 0.0, 0.0, 0.0, 0.0, 0.0, 0.0, 0.0, 0.0, 0.0, 0.0, 0.0, 0.0, 0.0, 0.0, 0.0, 0.0, 0.0, 0.0, 0.0, 0.0, 0.0, 0.0, 0.0, 0.0, 0.0, 0.0, 0.0, 0.0, 0.0, 0.0, 0.0, 0.0, 0.0, 0.0, 0.0, 0.0, 0.0]
2022-12-14 16:46:44,878 Train INFO: mean test reward: 82.9227,0.0000,0.0000,0.0000
2022-12-14 16:46:44,878 Train INFO: test seed: 16************************************
2022-12-14 16:46:46,564 Train INFO: mean test reward1: [88.0593636473756, 84.28739796557602, 91.11919574125503, 85.62839343058165, 86.57820655222096, 89.0489319739146, 85.8407552263536, 84.56019755959986, 88.64007410200756, 89.04324074771075, 85.59998679675022, 84.26878110460892, 90.56927636406176, 85.03985096369935, 82.17376430450177, 83.74977276271579, 91.24474143002499, 87.26882172190533, 91.30285804879108, 91.32115336071104, 90.99045315999548, 86.99391492970761, 86.31416738465182, 85.26604022011686, 84.82434058408485, 87.53642949986641, 88.81400696480375, 88.19046723787541, 84.92546679563289, 89.9428151237632, 89.25028129346505, 90.53073384768325, 87.823024903448, 89.74318248255427, 90.5245291862871, 86.24157727686028, 82.991810381825, 83.89941477398715, 89.34038539203034, 82.7897148773261, 84.9484715388673, 87.98404224609244, 87.538077120417, 89.4811556795106, 90.36041050286937, 89.35534166735478, 80.6082534087644, 89.84650326059868, 92.02573956637498, 92.14974785184098]
2022-12-14 16:46:46,565 Train INFO: mean test reward2: [0.0, 0.0, 0.0, 0.0, 0.0, 0.0, 0.0, 0.0, 0.0, 0.0, 0.0, 0.0, 0.0, 0.0, 0.0, 0.0, 0.0, 0.0, 0.0, 0.0, 0.0, 0.0, 0.0, 0.0, 0.0, 0.0, 0.0, 0.0, 0.0, 0.0, 0.0, 0.0, 0.0, 0.0, 0.0, 0.0, 0.0, 0.0, 0.0, 0.0, 0.0, 0.0, 0.0, 0.0, 0.0, 0.0, 0.0, 0.0, 0.0, 0.0]
2022-12-14 16:46:46,565 Train INFO: mean test reward3: [0.0, 0.0, 0.0, 0.0, 0.0, 0.0, 0.0, 0.0, 0.0, 0.0, 0.0, 0.0, 0.0, 0.0, 0.0, 0.0, 0.0, 0.0, 0.0, 0.0, 0.0, 0.0, 0.0, 0.0, 0.0, 0.0, 0.0, 0.0, 0.0, 0.0, 0.0, 0.0, 0.0, 0.0, 0.0, 0.0, 0.0, 0.0, 0.0, 0.0, 0.0, 0.0, 0.0, 0.0, 0.0, 0.0, 0.0, 0.0, 0.0, 0.0]
2022-12-14 16:46:46,566 Train INFO: mean test reward4: [0.0, 0.0, 0.0, 0.0, 0.0, 0.0, 0.0, 0.0, 0.0, 0.0, 0.0, 0.0, 0.0, 0.0, 0.0, 0.0, 0.0, 0.0, 0.0, 0.0, 0.0, 0.0, 0.0, 0.0, 0.0, 0.0, 0.0, 0.0, 0.0, 0.0, 0.0, 0.0, 0.0, 0.0, 0.0, 0.0, 0.0, 0.0, 0.0, 0.0, 0.0, 0.0, 0.0, 0.0, 0.0, 0.0, 0.0, 0.0, 0.0, 0.0]
2022-12-14 16:46:46,566 Train INFO: mean test reward: 87.5315,0.0000,0.0000,0.0000
2022-12-14 16:46:46,567 Train INFO: test seed: 17************************************
2022-12-14 16:46:48,399 Train INFO: mean test reward1: [90.52774711504526, 87.43514525382389, 93.20463127075755, 87.57456943323132, 92.84390029048507, 86.52100307358178, 93.64063810418803, 85.03251686404437, 89.17438254985457, 92.61821755738788, 92.6256102147903, 90.09018472469715, 89.43159522012496, 88.7105301404844, 90.10577826799673, 85.18050368068458, 94.20645027986278, 91.89987912446955, 90.51759700765373, 93.42704397525942, 90.37373246154704, 91.59025747223335, 86.66063977381856, 88.683455241671, 85.76168674017752, 92.67372317925442, 84.99462438511354, 86.53294571495077, 88.3505365927396, 88.08082939858792, 91.19377288058172, 94.43292332347716, 91.94005485342836, 89.26311185201297, 91.42104395355896, 87.615798412754, 84.9932726222954, 86.34594754901805, 94.13440027161269, 86.80687691104092, 88.12878585076814, 92.29625122845756, 89.15478817109174, 90.56705046391441, 90.39735392728318, 95.297803814279, 78.22111189772612, 91.2886430133556, 93.62438979454981, 88.8153775184452]
2022-12-14 16:46:48,400 Train INFO: mean test reward2: [0.0, 0.0, 0.0, 0.0, 0.0, 0.0, 0.0, 0.0, 0.0, 0.0, 0.0, 0.0, 0.0, 0.0, 0.0, 0.0, 0.0, 0.0, 0.0, 0.0, 0.0, 0.0, 0.0, 0.0, 0.0, 0.0, 0.0, 0.0, 0.0, 0.0, 0.0, 0.0, 0.0, 0.0, 0.0, 0.0, 0.0, 0.0, 0.0, 0.0, 0.0, 0.0, 0.0, 0.0, 0.0, 0.0, 0.0, 0.0, 0.0, 0.0]
2022-12-14 16:46:48,400 Train INFO: mean test reward3: [0.0, 0.0, 0.0, 0.0, 0.0, 0.0, 0.0, 0.0, 0.0, 0.0, 0.0, 0.0, 0.0, 0.0, 0.0, 0.0, 0.0, 0.0, 0.0, 0.0, 0.0, 0.0, 0.0, 0.0, 0.0, 0.0, 0.0, 0.0, 0.0, 0.0, 0.0, 0.0, 0.0, 0.0, 0.0, 0.0, 0.0, 0.0, 0.0, 0.0, 0.0, 0.0, 0.0, 0.0, 0.0, 0.0, 0.0, 0.0, 0.0, 0.0]
2022-12-14 16:46:48,400 Train INFO: mean test reward4: [0.0, 0.0, 0.0, 0.0, 0.0, 0.0, 0.0, 0.0, 0.0, 0.0, 0.0, 0.0, 0.0, 0.0, 0.0, 0.0, 0.0, 0.0, 0.0, 0.0, 0.0, 0.0, 0.0, 0.0, 0.0, 0.0, 0.0, 0.0, 0.0, 0.0, 0.0, 0.0, 0.0, 0.0, 0.0, 0.0, 0.0, 0.0, 0.0, 0.0, 0.0, 0.0, 0.0, 0.0, 0.0, 0.0, 0.0, 0.0, 0.0, 0.0]
2022-12-14 16:46:48,400 Train INFO: mean test reward: 89.6882,0.0000,0.0000,0.0000
2022-12-14 16:46:48,400 Train INFO: test seed: 18************************************
2022-12-14 16:46:50,127 Train INFO: mean test reward1: [85.04567976115267, 86.17064684615225, 89.80151830134088, 83.7965170719095, 90.01084992078188, 90.41497991869879, 90.2615373931318, 83.88463177383987, 89.13453767888154, 87.50250949170594, 91.11177759818351, 87.36195371274341, 90.94027624158419, 87.0367240824406, 89.07452318864108, 91.87382906973926, 87.23647901826757, 85.37823365971641, 82.2317421798607, 85.14929129056091, 90.47086886859667, 86.8527878904059, 86.90619343233075, 90.73198549211081, 90.32096084296546, 89.36998300354611, 80.95941665843515, 91.68946602069974, 82.93484879633397, 85.91827482067299, 86.72530458869268, 89.81037929768414, 89.1043769921286, 88.45131432737557, 93.39129894784567, 88.1782658169667, 87.47606726410781, 85.87106679759144, 91.6530719857043, 90.1600689479031, 90.65876432567342, 85.41854047278485, 90.41978676271933, 90.7956260388352, 84.19371106930897, 89.33271293133284, 82.48284992552863, 91.55916167775507, 91.18639575412976, 88.23387038256098]
2022-12-14 16:46:50,127 Train INFO: mean test reward2: [0.0, 0.0, 0.0, 0.0, 0.0, 0.0, 0.0, 0.0, 0.0, 0.0, 0.0, 0.0, 0.0, 0.0, 0.0, 0.0, 0.0, 0.0, 0.0, 0.0, 0.0, 0.0, 0.0, 0.0, 0.0, 0.0, 0.0, 0.0, 0.0, 0.0, 0.0, 0.0, 0.0, 0.0, 0.0, 0.0, 0.0, 0.0, 0.0, 0.0, 0.0, 0.0, 0.0, 0.0, 0.0, 0.0, 0.0, 0.0, 0.0, 0.0]
2022-12-14 16:46:50,127 Train INFO: mean test reward3: [0.0, 0.0, 0.0, 0.0, 0.0, 0.0, 0.0, 0.0, 0.0, 0.0, 0.0, 0.0, 0.0, 0.0, 0.0, 0.0, 0.0, 0.0, 0.0, 0.0, 0.0, 0.0, 0.0, 0.0, 0.0, 0.0, 0.0, 0.0, 0.0, 0.0, 0.0, 0.0, 0.0, 0.0, 0.0, 0.0, 0.0, 0.0, 0.0, 0.0, 0.0, 0.0, 0.0, 0.0, 0.0, 0.0, 0.0, 0.0, 0.0, 0.0]
2022-12-14 16:46:50,127 Train INFO: mean test reward4: [0.0, 0.0, 0.0, 0.0, 0.0, 0.0, 0.0, 0.0, 0.0, 0.0, 0.0, 0.0, 0.0, 0.0, 0.0, 0.0, 0.0, 0.0, 0.0, 0.0, 0.0, 0.0, 0.0, 0.0, 0.0, 0.0, 0.0, 0.0, 0.0, 0.0, 0.0, 0.0, 0.0, 0.0, 0.0, 0.0, 0.0, 0.0, 0.0, 0.0, 0.0, 0.0, 0.0, 0.0, 0.0, 0.0, 0.0, 0.0, 0.0, 0.0]
2022-12-14 16:46:50,128 Train INFO: mean test reward: 88.0935,0.0000,0.0000,0.0000
2022-12-14 16:46:50,128 Train INFO: test seed: 19************************************
2022-12-14 16:46:51,925 Train INFO: mean test reward1: [85.76046187498086, 87.48326789087605, 83.46783029189454, 84.57762558510713, 87.04831077382966, 86.12966938526299, 89.45927595804625, 84.30835460568453, 84.8783448665106, 88.84005039518821, 88.26529355396465, 79.9810071035648, 87.83864953236268, 85.61222077144593, 84.11888366020393, 79.74005604892622, 89.75101499265465, 85.4091549619053, 88.9336438515456, 87.79311570153845, 80.83356846621434, 91.62530586980856, 81.50568073569112, 83.31128647043776, 85.13559282605269, 82.83073022262255, 89.50188422273268, 83.1787245819977, 85.69451268440335, 79.6261344310396, 86.65289818821091, 89.23533439733008, 81.8873639786291, 84.90685575494638, 87.14715079734974, 87.85526523407641, 83.433000605352, 85.12181692274764, 88.2033602154688, 84.29027958052048, 89.90063684372574, 83.37307476513988, 84.65406477579361, 88.4946926907158, 84.49330837721084, 87.28475021828484, 78.97464542131117, 86.6683830805625, 90.24398403172846, 89.01342176050125]
2022-12-14 16:46:51,926 Train INFO: mean test reward2: [0.0, 0.0, 0.0, 0.0, 0.0, 0.0, 0.0, 0.0, 0.0, 0.0, 0.0, 0.0, 0.0, 0.0, 0.0, 0.0, 0.0, 0.0, 0.0, 0.0, 0.0, 0.0, 0.0, 0.0, 0.0, 0.0, 0.0, 0.0, 0.0, 0.0, 0.0, 0.0, 0.0, 0.0, 0.0, 0.0, 0.0, 0.0, 0.0, 0.0, 0.0, 0.0, 0.0, 0.0, 0.0, 0.0, 0.0, 0.0, 0.0, 0.0]
2022-12-14 16:46:51,926 Train INFO: mean test reward3: [0.0, 0.0, 0.0, 0.0, 0.0, 0.0, 0.0, 0.0, 0.0, 0.0, 0.0, 0.0, 0.0, 0.0, 0.0, 0.0, 0.0, 0.0, 0.0, 0.0, 0.0, 0.0, 0.0, 0.0, 0.0, 0.0, 0.0, 0.0, 0.0, 0.0, 0.0, 0.0, 0.0, 0.0, 0.0, 0.0, 0.0, 0.0, 0.0, 0.0, 0.0, 0.0, 0.0, 0.0, 0.0, 0.0, 0.0, 0.0, 0.0, 0.0]
2022-12-14 16:46:51,927 Train INFO: mean test reward4: [0.0, 0.0, 0.0, 0.0, 0.0, 0.0, 0.0, 0.0, 0.0, 0.0, 0.0, 0.0, 0.0, 0.0, 0.0, 0.0, 0.0, 0.0, 0.0, 0.0, 0.0, 0.0, 0.0, 0.0, 0.0, 0.0, 0.0, 0.0, 0.0, 0.0, 0.0, 0.0, 0.0, 0.0, 0.0, 0.0, 0.0, 0.0, 0.0, 0.0, 0.0, 0.0, 0.0, 0.0, 0.0, 0.0, 0.0, 0.0, 0.0, 0.0]
2022-12-14 16:46:51,927 Train INFO: mean test reward: 85.6895,0.0000,0.0000,0.0000
