2022-12-12 22:46:47,594 Train INFO: Namespace(logger=<Logger Train (INFO)>, name='A2C2022-12-12-22-46-47', gpu='0', device=device(type='cuda', index=0), gamma=1, epoch_num=3000, test_episode=50, val_episode=50, test_size=0.1, val_size=0.5, batch_size=50, train_batch_size=50, num_steps=10, h=1, w=[120, 50], nn_out=40, share_lr=0.0001, actor_lr=1e-05, critic_lr=0.01, step=10, lr_min=1e-05, e_rate=0.001, a_rate=1, c_rate=1, lr_decay_lambda=0.999, load=False, duse_T=True, est_T=False, use_pref=False, same_price=False, use_price=True, only_test=True, test_benchmark=False, change_T=True, num='108', print_grad=False, max_norm=10, seed_range=20, net_seed=10, seed=0, info=True, selling_length=150, cardinality=4, ini_inv=2, num_products=100, number_samples=10000, num_cus_types=4, seg_prob=None, num_cus_features=4, MNLdata=10000, p_file='../Gene_databeta/simul/p10_random.npy', c_file='../Gene_databeta/simul/c4_random.npy')
2022-12-12 22:46:47,595 Train INFO: log/A2C2022-12-12-22-46-47
2022-12-12 22:46:50,936 Train INFO: products price: [1649.73814547 1127.61563842  931.02871698 1360.34237971  725.13091995
  923.26577906 1048.06358099 1335.59336555 1195.40725861 1064.01482778
  911.06874296 1048.7285084   862.45852977  562.0352617  1338.46425903
  990.15321765  520.29278707 1208.23053483 1211.78612974 1415.52984074
  793.16221683 1876.27989159 1532.58284504  955.82118943 1761.86348334
  839.64872328  552.35384058 1249.34487063  512.10224121 1264.40811504
  800.71457455 1724.21396565 1820.46937714 1053.61927862 1303.52226404
  687.23532693  553.41199285 1166.92080199  888.36091138 1555.51175855
  945.60906956  904.8232257   185.11950973  956.00340393  921.97706365
  777.00211129 1233.85864419 1855.13122698 1247.19421357  809.85084994
  477.38637086 1180.64638022  688.85646935 1821.84964101 1336.34462326
 1180.51360642  846.06710047  671.01312444  972.26852132  920.40072648
 1206.16552071 1416.03566126 1211.55189823  896.40685864 1067.94770214
 1577.1507714  1254.63336377 1273.60053127  109.15494726 1404.48282551
 1341.31287433  440.47487253 1148.9827406  1464.57599267 1204.3751098
  570.81428852  460.8940235  1490.06233971 1354.33031959  984.32869752
 1393.98066869  796.41108887 1427.58864888 1277.02973902 1164.10629816
 1159.15216995 1300.53489406 1407.42098991  808.96765814  987.27313092
  169.27919123  946.08274828 1174.39447852  944.25927782 1517.41984827
 1615.68280386  142.22238131  657.0012701  1487.17636032 1170.3680706 ]
2022-12-12 22:46:50,937 Train INFO: seg_prob [0.21154331 0.33382619 0.24539256 0.20923794]
2022-12-12 22:46:50,937 Train INFO: Load Factor 0.75
2022-12-12 22:46:50,942 Train INFO: test seed: 0************************************
2022-12-12 22:46:57,014 Train INFO: mean test reward1: [84.51062728409478, 81.63459717133142, 86.71027982149793, 83.72264617415534, 88.42673931210689, 84.63854794786162, 89.86988782736042, 83.81388967971779, 74.38953528023882, 88.68951404979174, 81.2035804907444, 71.64394896905772, 88.52456613192182, 76.36242973935457, 80.71965593560489, 80.2075089071204, 80.1912872046904, 83.58525759878053, 81.72999940500218, 88.30658728297026, 81.91790982357483, 84.59829686838215, 80.06447253450045, 77.64981546412731, 85.27601868569239, 86.75159279066958, 84.34767414823885, 78.62505808032896, 78.08939632926555, 73.44899521803471, 84.78457609499574, 84.03716563764888, 83.39670725459473, 83.03676340697929, 83.69653802418307, 85.06921323158139, 77.71431166256644, 77.85645609762753, 79.12512268854157, 80.6154015659727, 80.39474334671151, 80.01627644809012, 78.81796699269226, 88.43253139511896, 86.77497763261427, 81.07601122384486, 84.58852214117074, 82.40251304196723, 84.64733803657859, 90.1529453776341]
2022-12-12 22:46:57,014 Train INFO: mean test reward2: [0.0, 0.0, 0.0, 0.0, 0.0, 0.0, 0.0, 0.0, 0.0, 0.0, 0.0, 0.0, 0.0, 0.0, 0.0, 0.0, 0.0, 0.0, 0.0, 0.0, 0.0, 0.0, 0.0, 0.0, 0.0, 0.0, 0.0, 0.0, 0.0, 0.0, 0.0, 0.0, 0.0, 0.0, 0.0, 0.0, 0.0, 0.0, 0.0, 0.0, 0.0, 0.0, 0.0, 0.0, 0.0, 0.0, 0.0, 0.0, 0.0, 0.0]
2022-12-12 22:46:57,014 Train INFO: mean test reward3: [0.0, 0.0, 0.0, 0.0, 0.0, 0.0, 0.0, 0.0, 0.0, 0.0, 0.0, 0.0, 0.0, 0.0, 0.0, 0.0, 0.0, 0.0, 0.0, 0.0, 0.0, 0.0, 0.0, 0.0, 0.0, 0.0, 0.0, 0.0, 0.0, 0.0, 0.0, 0.0, 0.0, 0.0, 0.0, 0.0, 0.0, 0.0, 0.0, 0.0, 0.0, 0.0, 0.0, 0.0, 0.0, 0.0, 0.0, 0.0, 0.0, 0.0]
2022-12-12 22:46:57,014 Train INFO: mean test reward4: [0.0, 0.0, 0.0, 0.0, 0.0, 0.0, 0.0, 0.0, 0.0, 0.0, 0.0, 0.0, 0.0, 0.0, 0.0, 0.0, 0.0, 0.0, 0.0, 0.0, 0.0, 0.0, 0.0, 0.0, 0.0, 0.0, 0.0, 0.0, 0.0, 0.0, 0.0, 0.0, 0.0, 0.0, 0.0, 0.0, 0.0, 0.0, 0.0, 0.0, 0.0, 0.0, 0.0, 0.0, 0.0, 0.0, 0.0, 0.0, 0.0, 0.0]
2022-12-12 22:46:57,020 Train INFO: mean test reward: 82.5257,0.0000,0.0000,0.0000
2022-12-12 22:46:57,023 Train INFO: test seed: 1************************************
2022-12-12 22:47:01,643 Train INFO: mean test reward1: [77.84797417360319, 76.32884084250242, 85.06921323158136, 79.71935305407057, 76.60514402939324, 73.1027648691237, 83.25139160424945, 80.12912545018061, 75.99678253909484, 85.00962751764139, 76.503848471854, 72.40775740933736, 85.03356820494987, 72.0936038232942, 78.89600204479156, 71.70324013942472, 86.95405916107545, 78.29903868234103, 73.26167655115857, 84.47498225746327, 81.16306665022827, 82.23117327649031, 76.38652585207045, 81.72165259771485, 77.86182515098884, 85.31820534153546, 79.18809996748656, 77.43999771349627, 74.99025565163541, 70.68708631322106, 75.43888773025049, 78.53808284341036, 81.02222438742221, 78.03664832352104, 85.03945012065833, 77.3436356603468, 76.60260574682661, 75.65570346059995, 83.36273850411023, 82.43850561338918, 75.36877759800278, 81.43164053524116, 82.1409868680838, 78.39994047641616, 83.30436900094236, 82.99229480912008, 80.73860381158597, 81.42023775687795, 76.96049490461066, 85.65198212036498]
2022-12-12 22:47:01,644 Train INFO: mean test reward2: [0.0, 0.0, 0.0, 0.0, 0.0, 0.0, 0.0, 0.0, 0.0, 0.0, 0.0, 0.0, 0.0, 0.0, 0.0, 0.0, 0.0, 0.0, 0.0, 0.0, 0.0, 0.0, 0.0, 0.0, 0.0, 0.0, 0.0, 0.0, 0.0, 0.0, 0.0, 0.0, 0.0, 0.0, 0.0, 0.0, 0.0, 0.0, 0.0, 0.0, 0.0, 0.0, 0.0, 0.0, 0.0, 0.0, 0.0, 0.0, 0.0, 0.0]
2022-12-12 22:47:01,644 Train INFO: mean test reward3: [0.0, 0.0, 0.0, 0.0, 0.0, 0.0, 0.0, 0.0, 0.0, 0.0, 0.0, 0.0, 0.0, 0.0, 0.0, 0.0, 0.0, 0.0, 0.0, 0.0, 0.0, 0.0, 0.0, 0.0, 0.0, 0.0, 0.0, 0.0, 0.0, 0.0, 0.0, 0.0, 0.0, 0.0, 0.0, 0.0, 0.0, 0.0, 0.0, 0.0, 0.0, 0.0, 0.0, 0.0, 0.0, 0.0, 0.0, 0.0, 0.0, 0.0]
2022-12-12 22:47:01,644 Train INFO: mean test reward4: [0.0, 0.0, 0.0, 0.0, 0.0, 0.0, 0.0, 0.0, 0.0, 0.0, 0.0, 0.0, 0.0, 0.0, 0.0, 0.0, 0.0, 0.0, 0.0, 0.0, 0.0, 0.0, 0.0, 0.0, 0.0, 0.0, 0.0, 0.0, 0.0, 0.0, 0.0, 0.0, 0.0, 0.0, 0.0, 0.0, 0.0, 0.0, 0.0, 0.0, 0.0, 0.0, 0.0, 0.0, 0.0, 0.0, 0.0, 0.0, 0.0, 0.0]
2022-12-12 22:47:01,644 Train INFO: mean test reward: 79.2313,0.0000,0.0000,0.0000
2022-12-12 22:47:01,644 Train INFO: test seed: 2************************************
2022-12-12 22:47:06,048 Train INFO: mean test reward1: [73.87430680711563, 75.09632497710027, 74.21702864830205, 78.42941787792951, 71.21846722776684, 76.23845678904226, 77.32374611767487, 59.996983841445626, 75.10017420056155, 76.47151451786799, 70.20769166850884, 74.38630986447832, 81.63459717133146, 67.06718057243542, 77.58163620068277, 71.63675668840384, 81.03639777976962, 74.43289275460221, 71.39189191507182, 83.59534935446588, 79.2261872399349, 68.88550413001818, 74.87074204827438, 72.05224462885838, 69.37479228226081, 78.19660937111568, 79.9467105736648, 71.10122828694413, 73.92217160850063, 63.85452539882443, 80.56649054506943, 81.11762662109297, 73.87984731799776, 77.70094967992972, 80.1912872046904, 75.21703613410135, 77.53970921447839, 74.01047084736756, 77.08106455282314, 66.51755692428058, 72.77861432141123, 70.63618915864467, 69.8023907746213, 80.86165180939136, 82.5685806887492, 68.11327300739572, 76.48614400611591, 68.09039818368015, 74.88846655429549, 79.64858829182405]
2022-12-12 22:47:06,052 Train INFO: mean test reward2: [0.0, 0.0, 0.0, 0.0, 0.0, 0.0, 0.0, 0.0, 0.0, 0.0, 0.0, 0.0, 0.0, 0.0, 0.0, 0.0, 0.0, 0.0, 0.0, 0.0, 0.0, 0.0, 0.0, 0.0, 0.0, 0.0, 0.0, 0.0, 0.0, 0.0, 0.0, 0.0, 0.0, 0.0, 0.0, 0.0, 0.0, 0.0, 0.0, 0.0, 0.0, 0.0, 0.0, 0.0, 0.0, 0.0, 0.0, 0.0, 0.0, 0.0]
2022-12-12 22:47:06,053 Train INFO: mean test reward3: [0.0, 0.0, 0.0, 0.0, 0.0, 0.0, 0.0, 0.0, 0.0, 0.0, 0.0, 0.0, 0.0, 0.0, 0.0, 0.0, 0.0, 0.0, 0.0, 0.0, 0.0, 0.0, 0.0, 0.0, 0.0, 0.0, 0.0, 0.0, 0.0, 0.0, 0.0, 0.0, 0.0, 0.0, 0.0, 0.0, 0.0, 0.0, 0.0, 0.0, 0.0, 0.0, 0.0, 0.0, 0.0, 0.0, 0.0, 0.0, 0.0, 0.0]
2022-12-12 22:47:06,053 Train INFO: mean test reward4: [0.0, 0.0, 0.0, 0.0, 0.0, 0.0, 0.0, 0.0, 0.0, 0.0, 0.0, 0.0, 0.0, 0.0, 0.0, 0.0, 0.0, 0.0, 0.0, 0.0, 0.0, 0.0, 0.0, 0.0, 0.0, 0.0, 0.0, 0.0, 0.0, 0.0, 0.0, 0.0, 0.0, 0.0, 0.0, 0.0, 0.0, 0.0, 0.0, 0.0, 0.0, 0.0, 0.0, 0.0, 0.0, 0.0, 0.0, 0.0, 0.0, 0.0]
2022-12-12 22:47:06,053 Train INFO: mean test reward: 74.6013,0.0000,0.0000,0.0000
2022-12-12 22:47:06,054 Train INFO: test seed: 3************************************
2022-12-12 22:47:10,844 Train INFO: mean test reward1: [80.4017704242661, 85.0671963288523, 84.39269138346572, 86.41801452584478, 80.94652991532578, 76.29438172734437, 76.63361655470732, 74.9288329675429, 79.86460398135604, 85.57873391035682, 85.61733822593301, 79.66594173636479, 86.04896404763248, 77.29257222874044, 82.87443027875575, 79.1925604134911, 85.5980360681449, 84.17833196901222, 78.29562179740104, 85.97106919055652, 82.76175373447197, 80.8125865406802, 79.14202863056745, 79.84839939641891, 82.14098686808381, 76.6212663388351, 78.80061897473598, 81.53799971771359, 77.02557486410349, 70.49555976618207, 77.01517514295314, 80.7300003291425, 80.38189744247975, 79.38992268186806, 86.34319829554462, 78.99477954038676, 76.40152035663277, 79.50577706452064, 88.69595424087645, 83.8136664835978, 81.07288024182176, 77.12867017052004, 86.08360794206443, 80.60674528018157, 86.95405916107546, 79.5749402305396, 76.72899667997106, 79.42905391136064, 83.31971885513364, 81.87380197461194]
2022-12-12 22:47:10,845 Train INFO: mean test reward2: [0.0, 0.0, 0.0, 0.0, 0.0, 0.0, 0.0, 0.0, 0.0, 0.0, 0.0, 0.0, 0.0, 0.0, 0.0, 0.0, 0.0, 0.0, 0.0, 0.0, 0.0, 0.0, 0.0, 0.0, 0.0, 0.0, 0.0, 0.0, 0.0, 0.0, 0.0, 0.0, 0.0, 0.0, 0.0, 0.0, 0.0, 0.0, 0.0, 0.0, 0.0, 0.0, 0.0, 0.0, 0.0, 0.0, 0.0, 0.0, 0.0, 0.0]
2022-12-12 22:47:10,845 Train INFO: mean test reward3: [0.0, 0.0, 0.0, 0.0, 0.0, 0.0, 0.0, 0.0, 0.0, 0.0, 0.0, 0.0, 0.0, 0.0, 0.0, 0.0, 0.0, 0.0, 0.0, 0.0, 0.0, 0.0, 0.0, 0.0, 0.0, 0.0, 0.0, 0.0, 0.0, 0.0, 0.0, 0.0, 0.0, 0.0, 0.0, 0.0, 0.0, 0.0, 0.0, 0.0, 0.0, 0.0, 0.0, 0.0, 0.0, 0.0, 0.0, 0.0, 0.0, 0.0]
2022-12-12 22:47:10,845 Train INFO: mean test reward4: [0.0, 0.0, 0.0, 0.0, 0.0, 0.0, 0.0, 0.0, 0.0, 0.0, 0.0, 0.0, 0.0, 0.0, 0.0, 0.0, 0.0, 0.0, 0.0, 0.0, 0.0, 0.0, 0.0, 0.0, 0.0, 0.0, 0.0, 0.0, 0.0, 0.0, 0.0, 0.0, 0.0, 0.0, 0.0, 0.0, 0.0, 0.0, 0.0, 0.0, 0.0, 0.0, 0.0, 0.0, 0.0, 0.0, 0.0, 0.0, 0.0, 0.0]
2022-12-12 22:47:10,845 Train INFO: mean test reward: 80.9698,0.0000,0.0000,0.0000
2022-12-12 22:47:10,845 Train INFO: test seed: 4************************************
2022-12-12 22:47:15,518 Train INFO: mean test reward1: [75.7325291355853, 78.16265235920602, 78.06242654411245, 78.28817057675457, 79.93731277062929, 78.74445894854985, 76.5257071074604, 77.11048944517849, 71.52978984779205, 79.75114636097769, 80.94855456156006, 79.27615173941173, 86.25935184201039, 78.01748705359601, 85.35753605865033, 71.4133273647967, 85.18391762304022, 84.72598339570789, 74.54329684703478, 85.07409401509027, 79.83400696939702, 86.36589312317071, 80.9714314827916, 83.56595544099241, 74.53669940189785, 73.91184723290243, 82.6995728155704, 80.82366165171909, 82.2751099769281, 73.79349523458414, 74.62036231868375, 82.20352751235566, 83.20909349434584, 80.16106998811831, 77.68004672706394, 78.97327995522552, 83.31389643151905, 75.42755415150926, 82.79943098891216, 76.61797419424892, 79.40808671409968, 78.160894166309, 81.4287559108328, 83.43826891366666, 86.48058986933196, 86.19874223999345, 78.55236876095884, 83.44252065783277, 81.39589432143391, 82.37496815026986]
2022-12-12 22:47:15,520 Train INFO: mean test reward2: [0.0, 0.0, 0.0, 0.0, 0.0, 0.0, 0.0, 0.0, 0.0, 0.0, 0.0, 0.0, 0.0, 0.0, 0.0, 0.0, 0.0, 0.0, 0.0, 0.0, 0.0, 0.0, 0.0, 0.0, 0.0, 0.0, 0.0, 0.0, 0.0, 0.0, 0.0, 0.0, 0.0, 0.0, 0.0, 0.0, 0.0, 0.0, 0.0, 0.0, 0.0, 0.0, 0.0, 0.0, 0.0, 0.0, 0.0, 0.0, 0.0, 0.0]
2022-12-12 22:47:15,520 Train INFO: mean test reward3: [0.0, 0.0, 0.0, 0.0, 0.0, 0.0, 0.0, 0.0, 0.0, 0.0, 0.0, 0.0, 0.0, 0.0, 0.0, 0.0, 0.0, 0.0, 0.0, 0.0, 0.0, 0.0, 0.0, 0.0, 0.0, 0.0, 0.0, 0.0, 0.0, 0.0, 0.0, 0.0, 0.0, 0.0, 0.0, 0.0, 0.0, 0.0, 0.0, 0.0, 0.0, 0.0, 0.0, 0.0, 0.0, 0.0, 0.0, 0.0, 0.0, 0.0]
2022-12-12 22:47:15,520 Train INFO: mean test reward4: [0.0, 0.0, 0.0, 0.0, 0.0, 0.0, 0.0, 0.0, 0.0, 0.0, 0.0, 0.0, 0.0, 0.0, 0.0, 0.0, 0.0, 0.0, 0.0, 0.0, 0.0, 0.0, 0.0, 0.0, 0.0, 0.0, 0.0, 0.0, 0.0, 0.0, 0.0, 0.0, 0.0, 0.0, 0.0, 0.0, 0.0, 0.0, 0.0, 0.0, 0.0, 0.0, 0.0, 0.0, 0.0, 0.0, 0.0, 0.0, 0.0, 0.0]
2022-12-12 22:47:15,520 Train INFO: mean test reward: 79.9862,0.0000,0.0000,0.0000
2022-12-12 22:47:15,520 Train INFO: test seed: 5************************************
2022-12-12 22:47:19,993 Train INFO: mean test reward1: [78.07283065580899, 78.13916175850042, 79.57426425155803, 80.74114762652934, 73.81387690421153, 78.02449610459915, 75.49025955875544, 73.37947429262583, 73.20088710756224, 73.90752162745771, 74.90463934202509, 78.06242654411244, 85.1542710717145, 76.30497044640992, 76.03373269429966, 78.13956656391613, 84.75229180134075, 82.46674514436475, 73.74342580569802, 79.72418451245845, 77.57657195195011, 76.66643127306392, 77.11669193667426, 80.35213113061593, 74.87206024659096, 81.21066197782086, 78.52603924488616, 73.47072609309276, 76.89483994919257, 69.87418663983789, 77.70998485521548, 77.74023694639845, 76.41327785581065, 72.96785962141152, 79.7771687595857, 78.43261455051807, 64.34485944133408, 79.49734699285345, 72.49207904924947, 77.54956500313313, 74.93829031571372, 80.08824087000448, 82.00703372374377, 78.71278948569393, 80.92898585875406, 78.33109311095511, 72.25010512287906, 75.29137120668325, 81.3320734245204, 79.38262955742711]
2022-12-12 22:47:20,002 Train INFO: mean test reward2: [0.0, 0.0, 0.0, 0.0, 0.0, 0.0, 0.0, 0.0, 0.0, 0.0, 0.0, 0.0, 0.0, 0.0, 0.0, 0.0, 0.0, 0.0, 0.0, 0.0, 0.0, 0.0, 0.0, 0.0, 0.0, 0.0, 0.0, 0.0, 0.0, 0.0, 0.0, 0.0, 0.0, 0.0, 0.0, 0.0, 0.0, 0.0, 0.0, 0.0, 0.0, 0.0, 0.0, 0.0, 0.0, 0.0, 0.0, 0.0, 0.0, 0.0]
2022-12-12 22:47:20,003 Train INFO: mean test reward3: [0.0, 0.0, 0.0, 0.0, 0.0, 0.0, 0.0, 0.0, 0.0, 0.0, 0.0, 0.0, 0.0, 0.0, 0.0, 0.0, 0.0, 0.0, 0.0, 0.0, 0.0, 0.0, 0.0, 0.0, 0.0, 0.0, 0.0, 0.0, 0.0, 0.0, 0.0, 0.0, 0.0, 0.0, 0.0, 0.0, 0.0, 0.0, 0.0, 0.0, 0.0, 0.0, 0.0, 0.0, 0.0, 0.0, 0.0, 0.0, 0.0, 0.0]
2022-12-12 22:47:20,003 Train INFO: mean test reward4: [0.0, 0.0, 0.0, 0.0, 0.0, 0.0, 0.0, 0.0, 0.0, 0.0, 0.0, 0.0, 0.0, 0.0, 0.0, 0.0, 0.0, 0.0, 0.0, 0.0, 0.0, 0.0, 0.0, 0.0, 0.0, 0.0, 0.0, 0.0, 0.0, 0.0, 0.0, 0.0, 0.0, 0.0, 0.0, 0.0, 0.0, 0.0, 0.0, 0.0, 0.0, 0.0, 0.0, 0.0, 0.0, 0.0, 0.0, 0.0, 0.0, 0.0]
2022-12-12 22:47:20,006 Train INFO: mean test reward: 77.2076,0.0000,0.0000,0.0000
2022-12-12 22:47:20,007 Train INFO: test seed: 6************************************
2022-12-12 22:47:24,498 Train INFO: mean test reward1: [74.40003508856732, 72.70727418930565, 74.57867650504608, 69.13292284208998, 72.78442769744689, 76.01757632370567, 77.28984882392415, 72.14850669431334, 73.21763813128726, 80.10003703946656, 76.54335293117066, 74.83558741586594, 82.47782025540366, 72.77298409127596, 75.48431887044663, 74.7769308438506, 78.53518963424905, 77.3745719365787, 75.17856662151175, 78.88579914206052, 75.90437800386013, 82.44885000692679, 74.99025565163542, 78.49963317419208, 67.03901428548292, 77.81496247902085, 74.53669940189786, 70.73504465844525, 75.76011862763474, 67.1560318784004, 76.6653013382616, 78.75259493207858, 77.17022414015588, 72.6048244672585, 81.04011576719894, 68.25749916779144, 79.91918728354898, 59.82588413066139, 78.73908964601812, 69.95770009553874, 75.34147458127894, 77.00810995204843, 79.42683573165729, 75.99747367773708, 74.46194703559047, 79.7893976403569, 73.61708350637961, 78.3281320934363, 80.46363843993564, 79.94297605510636]
2022-12-12 22:47:24,498 Train INFO: mean test reward2: [0.0, 0.0, 0.0, 0.0, 0.0, 0.0, 0.0, 0.0, 0.0, 0.0, 0.0, 0.0, 0.0, 0.0, 0.0, 0.0, 0.0, 0.0, 0.0, 0.0, 0.0, 0.0, 0.0, 0.0, 0.0, 0.0, 0.0, 0.0, 0.0, 0.0, 0.0, 0.0, 0.0, 0.0, 0.0, 0.0, 0.0, 0.0, 0.0, 0.0, 0.0, 0.0, 0.0, 0.0, 0.0, 0.0, 0.0, 0.0, 0.0, 0.0]
2022-12-12 22:47:24,500 Train INFO: mean test reward3: [0.0, 0.0, 0.0, 0.0, 0.0, 0.0, 0.0, 0.0, 0.0, 0.0, 0.0, 0.0, 0.0, 0.0, 0.0, 0.0, 0.0, 0.0, 0.0, 0.0, 0.0, 0.0, 0.0, 0.0, 0.0, 0.0, 0.0, 0.0, 0.0, 0.0, 0.0, 0.0, 0.0, 0.0, 0.0, 0.0, 0.0, 0.0, 0.0, 0.0, 0.0, 0.0, 0.0, 0.0, 0.0, 0.0, 0.0, 0.0, 0.0, 0.0]
2022-12-12 22:47:24,500 Train INFO: mean test reward4: [0.0, 0.0, 0.0, 0.0, 0.0, 0.0, 0.0, 0.0, 0.0, 0.0, 0.0, 0.0, 0.0, 0.0, 0.0, 0.0, 0.0, 0.0, 0.0, 0.0, 0.0, 0.0, 0.0, 0.0, 0.0, 0.0, 0.0, 0.0, 0.0, 0.0, 0.0, 0.0, 0.0, 0.0, 0.0, 0.0, 0.0, 0.0, 0.0, 0.0, 0.0, 0.0, 0.0, 0.0, 0.0, 0.0, 0.0, 0.0, 0.0, 0.0]
2022-12-12 22:47:24,500 Train INFO: mean test reward: 75.4287,0.0000,0.0000,0.0000
2022-12-12 22:47:24,500 Train INFO: test seed: 7************************************
2022-12-12 22:47:28,979 Train INFO: mean test reward1: [77.9169746658504, 75.6983439410636, 77.28569272479982, 76.85320196826883, 77.73992902280558, 76.59015734288671, 80.11143069446811, 69.82947909779615, 79.14960260722563, 74.66990242463096, 75.5102086781459, 72.6521897707808, 83.09854031990592, 76.09453484049097, 82.24446414678023, 77.46045739859403, 79.82366257585942, 77.2065515339837, 70.13869668459866, 81.2614641788402, 79.94008163260249, 81.62352206029254, 75.02999837824329, 77.3730895422843, 71.48541943849631, 69.16032326769303, 79.21543733472264, 70.854037071702, 79.53698021280506, 66.4307323213847, 77.81006091452925, 80.19036225763699, 77.03448166269925, 77.23298631267073, 75.70102773416787, 74.76967934003618, 80.46730636347914, 72.24858844054356, 72.268589804455, 76.89183545446845, 75.4321209729387, 71.0367117997616, 71.45049407217542, 79.84723251026382, 80.3663758838043, 83.02191758003522, 72.10191963306785, 78.19659020672388, 77.19768813062002, 80.52409172291775]
2022-12-12 22:47:28,991 Train INFO: mean test reward2: [0.0, 0.0, 0.0, 0.0, 0.0, 0.0, 0.0, 0.0, 0.0, 0.0, 0.0, 0.0, 0.0, 0.0, 0.0, 0.0, 0.0, 0.0, 0.0, 0.0, 0.0, 0.0, 0.0, 0.0, 0.0, 0.0, 0.0, 0.0, 0.0, 0.0, 0.0, 0.0, 0.0, 0.0, 0.0, 0.0, 0.0, 0.0, 0.0, 0.0, 0.0, 0.0, 0.0, 0.0, 0.0, 0.0, 0.0, 0.0, 0.0, 0.0]
2022-12-12 22:47:28,991 Train INFO: mean test reward3: [0.0, 0.0, 0.0, 0.0, 0.0, 0.0, 0.0, 0.0, 0.0, 0.0, 0.0, 0.0, 0.0, 0.0, 0.0, 0.0, 0.0, 0.0, 0.0, 0.0, 0.0, 0.0, 0.0, 0.0, 0.0, 0.0, 0.0, 0.0, 0.0, 0.0, 0.0, 0.0, 0.0, 0.0, 0.0, 0.0, 0.0, 0.0, 0.0, 0.0, 0.0, 0.0, 0.0, 0.0, 0.0, 0.0, 0.0, 0.0, 0.0, 0.0]
2022-12-12 22:47:28,991 Train INFO: mean test reward4: [0.0, 0.0, 0.0, 0.0, 0.0, 0.0, 0.0, 0.0, 0.0, 0.0, 0.0, 0.0, 0.0, 0.0, 0.0, 0.0, 0.0, 0.0, 0.0, 0.0, 0.0, 0.0, 0.0, 0.0, 0.0, 0.0, 0.0, 0.0, 0.0, 0.0, 0.0, 0.0, 0.0, 0.0, 0.0, 0.0, 0.0, 0.0, 0.0, 0.0, 0.0, 0.0, 0.0, 0.0, 0.0, 0.0, 0.0, 0.0, 0.0, 0.0]
2022-12-12 22:47:28,991 Train INFO: mean test reward: 76.5155,0.0000,0.0000,0.0000
2022-12-12 22:47:28,992 Train INFO: test seed: 8************************************
2022-12-12 22:47:33,346 Train INFO: mean test reward1: [74.76967934003618, 75.92774536531437, 75.6962701190227, 73.97515243689244, 77.18962300883058, 70.83155381560297, 70.92937288366396, 71.4208011364809, 77.05839149406049, 74.35012039005315, 79.2717430749323, 83.30424291959844, 80.8333334166544, 68.36756320467391, 78.66750417767226, 74.77020305208504, 75.48848577245052, 75.58569991039151, 78.3310931109551, 80.97143148279162, 77.91432204523018, 76.79517831794182, 74.84895729292882, 80.65816802987617, 70.92134042590445, 78.62548087423741, 79.08131422587836, 71.40441768976733, 69.32444938912897, 72.57764922424694, 75.43207193481841, 80.19085651518976, 71.92297598689542, 75.39365685775854, 72.10164981337635, 73.77528370079159, 70.93741887374608, 74.99025565163541, 74.41322480681966, 74.37930398445054, 71.59704926373972, 64.09426590376668, 77.73010834131684, 78.39841922368394, 78.14124254053574, 80.18663750877299, 71.64419031104391, 74.92317208286791, 75.5179053228901, 81.73729502865734]
2022-12-12 22:47:33,346 Train INFO: mean test reward2: [0.0, 0.0, 0.0, 0.0, 0.0, 0.0, 0.0, 0.0, 0.0, 0.0, 0.0, 0.0, 0.0, 0.0, 0.0, 0.0, 0.0, 0.0, 0.0, 0.0, 0.0, 0.0, 0.0, 0.0, 0.0, 0.0, 0.0, 0.0, 0.0, 0.0, 0.0, 0.0, 0.0, 0.0, 0.0, 0.0, 0.0, 0.0, 0.0, 0.0, 0.0, 0.0, 0.0, 0.0, 0.0, 0.0, 0.0, 0.0, 0.0, 0.0]
2022-12-12 22:47:33,346 Train INFO: mean test reward3: [0.0, 0.0, 0.0, 0.0, 0.0, 0.0, 0.0, 0.0, 0.0, 0.0, 0.0, 0.0, 0.0, 0.0, 0.0, 0.0, 0.0, 0.0, 0.0, 0.0, 0.0, 0.0, 0.0, 0.0, 0.0, 0.0, 0.0, 0.0, 0.0, 0.0, 0.0, 0.0, 0.0, 0.0, 0.0, 0.0, 0.0, 0.0, 0.0, 0.0, 0.0, 0.0, 0.0, 0.0, 0.0, 0.0, 0.0, 0.0, 0.0, 0.0]
2022-12-12 22:47:33,346 Train INFO: mean test reward4: [0.0, 0.0, 0.0, 0.0, 0.0, 0.0, 0.0, 0.0, 0.0, 0.0, 0.0, 0.0, 0.0, 0.0, 0.0, 0.0, 0.0, 0.0, 0.0, 0.0, 0.0, 0.0, 0.0, 0.0, 0.0, 0.0, 0.0, 0.0, 0.0, 0.0, 0.0, 0.0, 0.0, 0.0, 0.0, 0.0, 0.0, 0.0, 0.0, 0.0, 0.0, 0.0, 0.0, 0.0, 0.0, 0.0, 0.0, 0.0, 0.0, 0.0]
2022-12-12 22:47:33,347 Train INFO: mean test reward: 75.3480,0.0000,0.0000,0.0000
2022-12-12 22:47:33,347 Train INFO: test seed: 9************************************
2022-12-12 22:47:38,137 Train INFO: mean test reward1: [80.73067630812406, 74.35967566507279, 75.8767322397255, 86.14570316755517, 77.55778515123532, 82.4176798756536, 76.92277173070035, 77.42000323298298, 81.0397488378694, 81.01463746572811, 85.54268252332487, 80.29933134334632, 86.522433339376, 77.68343158979049, 88.27076305881288, 78.81332820401957, 86.34335181091477, 85.42805629338119, 77.96810888165281, 81.07160255936546, 82.98792133438813, 80.98245185531076, 81.56147567357347, 82.91203372074263, 75.4726690529887, 83.94465861041903, 82.76677231075675, 77.0932451031072, 78.24304133902994, 82.57322248907441, 85.16148210482531, 87.22271012693376, 81.69200972063568, 83.01950866823677, 78.73908288458345, 86.46707979455593, 76.25408984695201, 81.56147567357348, 85.50594303290971, 77.72368063495679, 82.17271819552994, 78.02415839624467, 80.73860381158597, 79.29126497585243, 86.20174481575843, 89.27433619004562, 81.28611464803366, 69.5393591430763, 85.78744440638955, 86.7835280315061]
2022-12-12 22:47:38,138 Train INFO: mean test reward2: [0.0, 0.0, 0.0, 0.0, 0.0, 0.0, 0.0, 0.0, 0.0, 0.0, 0.0, 0.0, 0.0, 0.0, 0.0, 0.0, 0.0, 0.0, 0.0, 0.0, 0.0, 0.0, 0.0, 0.0, 0.0, 0.0, 0.0, 0.0, 0.0, 0.0, 0.0, 0.0, 0.0, 0.0, 0.0, 0.0, 0.0, 0.0, 0.0, 0.0, 0.0, 0.0, 0.0, 0.0, 0.0, 0.0, 0.0, 0.0, 0.0, 0.0]
2022-12-12 22:47:38,138 Train INFO: mean test reward3: [0.0, 0.0, 0.0, 0.0, 0.0, 0.0, 0.0, 0.0, 0.0, 0.0, 0.0, 0.0, 0.0, 0.0, 0.0, 0.0, 0.0, 0.0, 0.0, 0.0, 0.0, 0.0, 0.0, 0.0, 0.0, 0.0, 0.0, 0.0, 0.0, 0.0, 0.0, 0.0, 0.0, 0.0, 0.0, 0.0, 0.0, 0.0, 0.0, 0.0, 0.0, 0.0, 0.0, 0.0, 0.0, 0.0, 0.0, 0.0, 0.0, 0.0]
2022-12-12 22:47:38,138 Train INFO: mean test reward4: [0.0, 0.0, 0.0, 0.0, 0.0, 0.0, 0.0, 0.0, 0.0, 0.0, 0.0, 0.0, 0.0, 0.0, 0.0, 0.0, 0.0, 0.0, 0.0, 0.0, 0.0, 0.0, 0.0, 0.0, 0.0, 0.0, 0.0, 0.0, 0.0, 0.0, 0.0, 0.0, 0.0, 0.0, 0.0, 0.0, 0.0, 0.0, 0.0, 0.0, 0.0, 0.0, 0.0, 0.0, 0.0, 0.0, 0.0, 0.0, 0.0, 0.0]
2022-12-12 22:47:38,138 Train INFO: mean test reward: 81.4482,0.0000,0.0000,0.0000
2022-12-12 22:47:38,138 Train INFO: test seed: 10************************************
2022-12-12 22:47:43,102 Train INFO: mean test reward1: [80.41616285128801, 79.38739792702447, 78.19400898459199, 87.30239297657782, 77.68970609344129, 82.93827566546793, 84.13580045507409, 80.11666878523468, 80.21024387722716, 86.71027982149793, 83.49686161295452, 77.7789500839618, 86.6333706374579, 80.24812541450171, 85.57873391035682, 82.87443027875577, 86.06274667536326, 84.74931755453011, 80.4365125844855, 84.04923835147225, 87.73458276118852, 87.49681624168285, 81.66745876073034, 83.44170434470145, 81.16306665022827, 81.45745441351058, 73.17011486318114, 82.55905325817248, 80.31414097294368, 74.72356572643143, 75.10318739012015, 87.02551258989028, 83.49686161295452, 86.94897085416116, 84.32799357234943, 83.84342959452084, 81.7330849128428, 75.40267489175348, 78.24115898199685, 84.11073278984145, 85.70897336622684, 77.67904490971048, 81.50047406248717, 85.6864320539709, 88.20805205293203, 80.01844535087307, 82.4176798756536, 85.89242383142721, 81.91245706505634, 84.10310948304864]
2022-12-12 22:47:43,112 Train INFO: mean test reward2: [0.0, 0.0, 0.0, 0.0, 0.0, 0.0, 0.0, 0.0, 0.0, 0.0, 0.0, 0.0, 0.0, 0.0, 0.0, 0.0, 0.0, 0.0, 0.0, 0.0, 0.0, 0.0, 0.0, 0.0, 0.0, 0.0, 0.0, 0.0, 0.0, 0.0, 0.0, 0.0, 0.0, 0.0, 0.0, 0.0, 0.0, 0.0, 0.0, 0.0, 0.0, 0.0, 0.0, 0.0, 0.0, 0.0, 0.0, 0.0, 0.0, 0.0]
2022-12-12 22:47:43,113 Train INFO: mean test reward3: [0.0, 0.0, 0.0, 0.0, 0.0, 0.0, 0.0, 0.0, 0.0, 0.0, 0.0, 0.0, 0.0, 0.0, 0.0, 0.0, 0.0, 0.0, 0.0, 0.0, 0.0, 0.0, 0.0, 0.0, 0.0, 0.0, 0.0, 0.0, 0.0, 0.0, 0.0, 0.0, 0.0, 0.0, 0.0, 0.0, 0.0, 0.0, 0.0, 0.0, 0.0, 0.0, 0.0, 0.0, 0.0, 0.0, 0.0, 0.0, 0.0, 0.0]
2022-12-12 22:47:43,113 Train INFO: mean test reward4: [0.0, 0.0, 0.0, 0.0, 0.0, 0.0, 0.0, 0.0, 0.0, 0.0, 0.0, 0.0, 0.0, 0.0, 0.0, 0.0, 0.0, 0.0, 0.0, 0.0, 0.0, 0.0, 0.0, 0.0, 0.0, 0.0, 0.0, 0.0, 0.0, 0.0, 0.0, 0.0, 0.0, 0.0, 0.0, 0.0, 0.0, 0.0, 0.0, 0.0, 0.0, 0.0, 0.0, 0.0, 0.0, 0.0, 0.0, 0.0, 0.0, 0.0]
2022-12-12 22:47:43,114 Train INFO: mean test reward: 82.3220,0.0000,0.0000,0.0000
2022-12-12 22:47:43,120 Train INFO: test seed: 11************************************
2022-12-12 22:47:47,391 Train INFO: mean test reward1: [74.65047237026266, 75.70780335129228, 80.26754780613369, 80.35213113061593, 80.21800802177167, 75.20141172987785, 79.31414189708399, 67.80767941823153, 70.09739133203826, 76.46012650359701, 71.83861152260233, 75.63335760203208, 79.72122349493962, 67.0671805724354, 76.35873836352278, 74.54037842378095, 84.3722524310844, 75.98614009899585, 70.70007653716218, 81.58553190262029, 75.48255056636759, 76.50354147934733, 72.10536780080568, 74.30553718544515, 71.0787388831198, 81.08994313616734, 70.01254885531857, 72.02879822065756, 68.85043618749165, 67.26678158726185, 70.85683874988172, 76.51161430311447, 75.42545092029543, 74.2535130341727, 79.56611167382282, 75.35293837116632, 74.51780264008451, 65.86168928330842, 77.17011814210176, 77.12859985962972, 74.8349284710757, 73.96222452182705, 78.6089099051644, 76.75299528424614, 78.57193116543044, 81.30470702393674, 72.92631570646547, 75.14057065740612, 79.17303851257094, 77.32381757440866]
2022-12-12 22:47:47,391 Train INFO: mean test reward2: [0.0, 0.0, 0.0, 0.0, 0.0, 0.0, 0.0, 0.0, 0.0, 0.0, 0.0, 0.0, 0.0, 0.0, 0.0, 0.0, 0.0, 0.0, 0.0, 0.0, 0.0, 0.0, 0.0, 0.0, 0.0, 0.0, 0.0, 0.0, 0.0, 0.0, 0.0, 0.0, 0.0, 0.0, 0.0, 0.0, 0.0, 0.0, 0.0, 0.0, 0.0, 0.0, 0.0, 0.0, 0.0, 0.0, 0.0, 0.0, 0.0, 0.0]
2022-12-12 22:47:47,391 Train INFO: mean test reward3: [0.0, 0.0, 0.0, 0.0, 0.0, 0.0, 0.0, 0.0, 0.0, 0.0, 0.0, 0.0, 0.0, 0.0, 0.0, 0.0, 0.0, 0.0, 0.0, 0.0, 0.0, 0.0, 0.0, 0.0, 0.0, 0.0, 0.0, 0.0, 0.0, 0.0, 0.0, 0.0, 0.0, 0.0, 0.0, 0.0, 0.0, 0.0, 0.0, 0.0, 0.0, 0.0, 0.0, 0.0, 0.0, 0.0, 0.0, 0.0, 0.0, 0.0]
2022-12-12 22:47:47,391 Train INFO: mean test reward4: [0.0, 0.0, 0.0, 0.0, 0.0, 0.0, 0.0, 0.0, 0.0, 0.0, 0.0, 0.0, 0.0, 0.0, 0.0, 0.0, 0.0, 0.0, 0.0, 0.0, 0.0, 0.0, 0.0, 0.0, 0.0, 0.0, 0.0, 0.0, 0.0, 0.0, 0.0, 0.0, 0.0, 0.0, 0.0, 0.0, 0.0, 0.0, 0.0, 0.0, 0.0, 0.0, 0.0, 0.0, 0.0, 0.0, 0.0, 0.0, 0.0, 0.0]
2022-12-12 22:47:47,392 Train INFO: mean test reward: 75.2370,0.0000,0.0000,0.0000
2022-12-12 22:47:47,395 Train INFO: test seed: 12************************************
