2022-12-18 12:54:35,641 Train INFO: Namespace(logger=<Logger Train (INFO)>, name='A2C2022-12-18-12-54-35', gpu='0', device=device(type='cuda', index=0), gamma=1, epoch_num=3000, test_episode=50, val_episode=50, test_size=0.1, val_size=0.5, batch_size=50, train_batch_size=50, num_steps=5, h=2, w=[120, 80, 50], nn_out=40, share_lr=0.01, actor_lr=0.001, critic_lr=0.1, step=50, lr_min=0.0001, e_rate=0.001, a_rate=1, c_rate=1, lr_decay_lambda=0.99, load=False, duse_T=True, est_T=False, use_pref=False, same_price=False, use_price=True, only_test=True, test_benchmark=False, change_T=True, num='106', print_grad=False, max_norm=10, seed_range=20, net_seed=10, seed=0, info=True, selling_length=180, cardinality=4, ini_inv=2, num_products=100, number_samples=10000, num_cus_types=4, seg_prob=None, num_cus_features=4, MNLdata=10000, p_file='../Gene_databeta/simul/p10_random.npy', c_file='../Gene_databeta/simul/c4_random.npy')
2022-12-18 12:54:35,643 Train INFO: log/A2C2022-12-18-12-54-35
2022-12-18 12:54:39,575 Train INFO: products price: [1649.73814547 1127.61563842  931.02871698 1360.34237971  725.13091995
  923.26577906 1048.06358099 1335.59336555 1195.40725861 1064.01482778
  911.06874296 1048.7285084   862.45852977  562.0352617  1338.46425903
  990.15321765  520.29278707 1208.23053483 1211.78612974 1415.52984074
  793.16221683 1876.27989159 1532.58284504  955.82118943 1761.86348334
  839.64872328  552.35384058 1249.34487063  512.10224121 1264.40811504
  800.71457455 1724.21396565 1820.46937714 1053.61927862 1303.52226404
  687.23532693  553.41199285 1166.92080199  888.36091138 1555.51175855
  945.60906956  904.8232257   185.11950973  956.00340393  921.97706365
  777.00211129 1233.85864419 1855.13122698 1247.19421357  809.85084994
  477.38637086 1180.64638022  688.85646935 1821.84964101 1336.34462326
 1180.51360642  846.06710047  671.01312444  972.26852132  920.40072648
 1206.16552071 1416.03566126 1211.55189823  896.40685864 1067.94770214
 1577.1507714  1254.63336377 1273.60053127  109.15494726 1404.48282551
 1341.31287433  440.47487253 1148.9827406  1464.57599267 1204.3751098
  570.81428852  460.8940235  1490.06233971 1354.33031959  984.32869752
 1393.98066869  796.41108887 1427.58864888 1277.02973902 1164.10629816
 1159.15216995 1300.53489406 1407.42098991  808.96765814  987.27313092
  169.27919123  946.08274828 1174.39447852  944.25927782 1517.41984827
 1615.68280386  142.22238131  657.0012701  1487.17636032 1170.3680706 ]
2022-12-18 12:54:39,577 Train INFO: seg_prob [0.21154331 0.33382619 0.24539256 0.20923794]
2022-12-18 12:54:39,577 Train INFO: Load Factor 0.9
2022-12-18 12:54:39,584 Train INFO: test seed: 0************************************
2022-12-18 12:54:48,058 Train INFO: mean test reward1: [99.16128927960567, 95.27436497264925, 97.31423345896876, 96.89132659401082, 98.31193715075838, 99.42055316091097, 95.147273376168, 97.1142854873937, 95.82606364460439, 94.98434079215613, 100.69679738047701, 92.7427253504836, 97.17185228450582, 96.1570475853859, 99.08409240072281, 97.38575075455962, 95.44382762206529, 98.92135857495794, 98.91103248213554, 96.64723508750373, 102.03885689284753, 96.2780175262677, 100.17435295757787, 99.4801701219518, 95.33477870831648, 99.49790539355583, 94.47293722738684, 98.61148481644697, 97.60035786247727, 92.20275629394477, 100.76261267328147, 97.68945922210756, 98.24434531213448, 98.22501213547689, 97.80241647198295, 96.56468356492692, 95.61309721172624, 95.65124204884506, 95.77057490441584, 97.35448498572968, 94.96914715915341, 96.87623007578419, 99.40004466190709, 98.73453281425235, 99.09369744098179, 98.49460210960464, 94.16944666752681, 94.89183666440438, 100.94775184698474, 94.2557865006318]
2022-12-18 12:54:48,059 Train INFO: mean test reward2: [0.0, 0.0, 0.0, 0.0, 0.0, 0.0, 0.0, 0.0, 0.0, 0.0, 0.0, 0.0, 0.0, 0.0, 0.0, 0.0, 0.0, 0.0, 0.0, 0.0, 0.0, 0.0, 0.0, 0.0, 0.0, 0.0, 0.0, 0.0, 0.0, 0.0, 0.0, 0.0, 0.0, 0.0, 0.0, 0.0, 0.0, 0.0, 0.0, 0.0, 0.0, 0.0, 0.0, 0.0, 0.0, 0.0, 0.0, 0.0, 0.0, 0.0]
2022-12-18 12:54:48,059 Train INFO: mean test reward3: [0.0, 0.0, 0.0, 0.0, 0.0, 0.0, 0.0, 0.0, 0.0, 0.0, 0.0, 0.0, 0.0, 0.0, 0.0, 0.0, 0.0, 0.0, 0.0, 0.0, 0.0, 0.0, 0.0, 0.0, 0.0, 0.0, 0.0, 0.0, 0.0, 0.0, 0.0, 0.0, 0.0, 0.0, 0.0, 0.0, 0.0, 0.0, 0.0, 0.0, 0.0, 0.0, 0.0, 0.0, 0.0, 0.0, 0.0, 0.0, 0.0, 0.0]
2022-12-18 12:54:48,059 Train INFO: mean test reward4: [0.0, 0.0, 0.0, 0.0, 0.0, 0.0, 0.0, 0.0, 0.0, 0.0, 0.0, 0.0, 0.0, 0.0, 0.0, 0.0, 0.0, 0.0, 0.0, 0.0, 0.0, 0.0, 0.0, 0.0, 0.0, 0.0, 0.0, 0.0, 0.0, 0.0, 0.0, 0.0, 0.0, 0.0, 0.0, 0.0, 0.0, 0.0, 0.0, 0.0, 0.0, 0.0, 0.0, 0.0, 0.0, 0.0, 0.0, 0.0, 0.0, 0.0]
2022-12-18 12:54:48,059 Train INFO: mean test reward: 97.2762,0.0000,0.0000,0.0000
2022-12-18 12:54:48,064 Train INFO: test seed: 1************************************
2022-12-18 12:54:54,803 Train INFO: mean test reward1: [94.4132641933214, 97.50075816836373, 90.51828344268851, 90.26396725640043, 96.25921144489685, 93.68869902474427, 90.36076119453023, 88.52452373681166, 90.83534454266604, 98.95131626651882, 95.48600678504202, 94.05774387497797, 95.27436497264925, 91.03547789025664, 94.0786622250813, 91.08326191257468, 96.49151105443255, 94.16128646326293, 95.10367364772688, 95.0841545729575, 94.55472479955078, 93.69963370902141, 91.45482524533794, 96.6665682641613, 95.33628666346591, 93.99416958537412, 91.33302141260478, 97.2051359596421, 96.6321385692771, 89.22197038614489, 93.17501651201933, 95.86090386046796, 92.55000597857703, 96.50485391304079, 96.90652022701352, 94.82686309946654, 95.43954738320937, 94.96914715915342, 95.2034874285283, 95.42435375020669, 93.8192363903705, 89.54819512017377, 95.89207194058436, 97.03370776847379, 94.71099309168507, 96.28009558319128, 93.73090064764843, 90.36990125405308, 95.51306013572864, 92.57335864604657]
2022-12-18 12:54:54,804 Train INFO: mean test reward2: [0.0, 0.0, 0.0, 0.0, 0.0, 0.0, 0.0, 0.0, 0.0, 0.0, 0.0, 0.0, 0.0, 0.0, 0.0, 0.0, 0.0, 0.0, 0.0, 0.0, 0.0, 0.0, 0.0, 0.0, 0.0, 0.0, 0.0, 0.0, 0.0, 0.0, 0.0, 0.0, 0.0, 0.0, 0.0, 0.0, 0.0, 0.0, 0.0, 0.0, 0.0, 0.0, 0.0, 0.0, 0.0, 0.0, 0.0, 0.0, 0.0, 0.0]
2022-12-18 12:54:54,804 Train INFO: mean test reward3: [0.0, 0.0, 0.0, 0.0, 0.0, 0.0, 0.0, 0.0, 0.0, 0.0, 0.0, 0.0, 0.0, 0.0, 0.0, 0.0, 0.0, 0.0, 0.0, 0.0, 0.0, 0.0, 0.0, 0.0, 0.0, 0.0, 0.0, 0.0, 0.0, 0.0, 0.0, 0.0, 0.0, 0.0, 0.0, 0.0, 0.0, 0.0, 0.0, 0.0, 0.0, 0.0, 0.0, 0.0, 0.0, 0.0, 0.0, 0.0, 0.0, 0.0]
2022-12-18 12:54:54,804 Train INFO: mean test reward4: [0.0, 0.0, 0.0, 0.0, 0.0, 0.0, 0.0, 0.0, 0.0, 0.0, 0.0, 0.0, 0.0, 0.0, 0.0, 0.0, 0.0, 0.0, 0.0, 0.0, 0.0, 0.0, 0.0, 0.0, 0.0, 0.0, 0.0, 0.0, 0.0, 0.0, 0.0, 0.0, 0.0, 0.0, 0.0, 0.0, 0.0, 0.0, 0.0, 0.0, 0.0, 0.0, 0.0, 0.0, 0.0, 0.0, 0.0, 0.0, 0.0, 0.0]
2022-12-18 12:54:54,804 Train INFO: mean test reward: 94.0721,0.0000,0.0000,0.0000
2022-12-18 12:54:54,805 Train INFO: test seed: 2************************************
2022-12-18 12:55:01,625 Train INFO: mean test reward1: [95.8260636446044, 91.76205218101107, 95.61309721172624, 89.63296101028207, 95.62829084472897, 92.26787619636977, 90.25673152333202, 88.54738587977121, 89.54819512017379, 94.33065316769996, 91.73562491654548, 90.34347398958747, 91.57947184434126, 89.02047363145083, 90.71837106501337, 91.548975026966, 94.78013387185553, 93.32302645860395, 91.83344161793268, 96.23762530430578, 92.92356892320288, 96.70696048612324, 90.32619080444499, 95.75547838618918, 95.21695380789515, 96.96801230475963, 91.46803887757078, 92.16818590385955, 89.2328001028425, 87.62807673813252, 95.05721424589422, 91.82317415020572, 88.70684403635407, 93.17528633779769, 92.01181168104114, 89.69952393701463, 90.8877377694504, 94.34039073958328, 91.69671514777225, 89.42059642503848, 93.86709506753715, 89.91680635680505, 96.55141910533149, 88.0280537679177, 92.30271239243302, 96.13771440872831, 89.04716093304384, 92.79383803170882, 90.17410728515044, 89.72595120148026]
2022-12-18 12:55:01,625 Train INFO: mean test reward2: [0.0, 0.0, 0.0, 0.0, 0.0, 0.0, 0.0, 0.0, 0.0, 0.0, 0.0, 0.0, 0.0, 0.0, 0.0, 0.0, 0.0, 0.0, 0.0, 0.0, 0.0, 0.0, 0.0, 0.0, 0.0, 0.0, 0.0, 0.0, 0.0, 0.0, 0.0, 0.0, 0.0, 0.0, 0.0, 0.0, 0.0, 0.0, 0.0, 0.0, 0.0, 0.0, 0.0, 0.0, 0.0, 0.0, 0.0, 0.0, 0.0, 0.0]
2022-12-18 12:55:01,625 Train INFO: mean test reward3: [0.0, 0.0, 0.0, 0.0, 0.0, 0.0, 0.0, 0.0, 0.0, 0.0, 0.0, 0.0, 0.0, 0.0, 0.0, 0.0, 0.0, 0.0, 0.0, 0.0, 0.0, 0.0, 0.0, 0.0, 0.0, 0.0, 0.0, 0.0, 0.0, 0.0, 0.0, 0.0, 0.0, 0.0, 0.0, 0.0, 0.0, 0.0, 0.0, 0.0, 0.0, 0.0, 0.0, 0.0, 0.0, 0.0, 0.0, 0.0, 0.0, 0.0]
2022-12-18 12:55:01,625 Train INFO: mean test reward4: [0.0, 0.0, 0.0, 0.0, 0.0, 0.0, 0.0, 0.0, 0.0, 0.0, 0.0, 0.0, 0.0, 0.0, 0.0, 0.0, 0.0, 0.0, 0.0, 0.0, 0.0, 0.0, 0.0, 0.0, 0.0, 0.0, 0.0, 0.0, 0.0, 0.0, 0.0, 0.0, 0.0, 0.0, 0.0, 0.0, 0.0, 0.0, 0.0, 0.0, 0.0, 0.0, 0.0, 0.0, 0.0, 0.0, 0.0, 0.0, 0.0, 0.0]
2022-12-18 12:55:01,626 Train INFO: mean test reward: 92.1658,0.0000,0.0000,0.0000
2022-12-18 12:55:01,626 Train INFO: test seed: 3************************************
2022-12-18 12:55:08,979 Train INFO: mean test reward1: [90.17410728515046, 94.44199249194783, 91.02226425802385, 90.99750745444489, 93.92321738640453, 94.55953737595546, 93.36173425801665, 93.88864699631932, 93.1752863377977, 94.96914715915341, 92.81213595643241, 90.71837106501337, 95.60130531475487, 91.07220839588794, 93.65385880888068, 88.49301217985528, 95.82606364460439, 92.16818590385957, 92.64911772647004, 97.17185228450582, 91.03547789025663, 94.91891930915448, 89.5301572325776, 96.8762300757842, 92.78305740206515, 96.66233160573039, 92.33728278251824, 95.23189469376378, 89.21652763748085, 89.5301572325776, 92.24477865476649, 91.3900263499133, 98.43498514856377, 92.40648070486351, 93.31934246020046, 89.73409432709985, 88.52944873229032, 95.88395217936016, 88.4070633025668, 91.40249585517108, 93.61928841879543, 89.69952393701462, 98.53881135095486, 94.10579772307439, 92.95840913906646, 94.41326419332141, 91.74883854877827, 90.4078003030455, 94.02317348489277, 90.22216113324681]
2022-12-18 12:55:08,979 Train INFO: mean test reward2: [0.0, 0.0, 0.0, 0.0, 0.0, 0.0, 0.0, 0.0, 0.0, 0.0, 0.0, 0.0, 0.0, 0.0, 0.0, 0.0, 0.0, 0.0, 0.0, 0.0, 0.0, 0.0, 0.0, 0.0, 0.0, 0.0, 0.0, 0.0, 0.0, 0.0, 0.0, 0.0, 0.0, 0.0, 0.0, 0.0, 0.0, 0.0, 0.0, 0.0, 0.0, 0.0, 0.0, 0.0, 0.0, 0.0, 0.0, 0.0, 0.0, 0.0]
2022-12-18 12:55:08,979 Train INFO: mean test reward3: [0.0, 0.0, 0.0, 0.0, 0.0, 0.0, 0.0, 0.0, 0.0, 0.0, 0.0, 0.0, 0.0, 0.0, 0.0, 0.0, 0.0, 0.0, 0.0, 0.0, 0.0, 0.0, 0.0, 0.0, 0.0, 0.0, 0.0, 0.0, 0.0, 0.0, 0.0, 0.0, 0.0, 0.0, 0.0, 0.0, 0.0, 0.0, 0.0, 0.0, 0.0, 0.0, 0.0, 0.0, 0.0, 0.0, 0.0, 0.0, 0.0, 0.0]
2022-12-18 12:55:08,979 Train INFO: mean test reward4: [0.0, 0.0, 0.0, 0.0, 0.0, 0.0, 0.0, 0.0, 0.0, 0.0, 0.0, 0.0, 0.0, 0.0, 0.0, 0.0, 0.0, 0.0, 0.0, 0.0, 0.0, 0.0, 0.0, 0.0, 0.0, 0.0, 0.0, 0.0, 0.0, 0.0, 0.0, 0.0, 0.0, 0.0, 0.0, 0.0, 0.0, 0.0, 0.0, 0.0, 0.0, 0.0, 0.0, 0.0, 0.0, 0.0, 0.0, 0.0, 0.0, 0.0]
2022-12-18 12:55:08,980 Train INFO: mean test reward: 92.8058,0.0000,0.0000,0.0000
2022-12-18 12:55:08,981 Train INFO: test seed: 4************************************
2022-12-18 12:55:16,290 Train INFO: mean test reward1: [91.53168782202324, 90.90095140168322, 95.26115134041646, 90.39849374497386, 94.24307403542686, 95.00729199627226, 92.07714871428001, 90.83127096995605, 90.83534454266602, 97.02956822481892, 95.24605482218982, 95.98033383081477, 95.77057490441584, 92.8959573070078, 94.39934232756116, 91.548975026966, 99.33778894748886, 92.47739167050553, 94.03492017895339, 93.8886469963193, 93.43853299808438, 92.0688166183497, 93.7902324908519, 95.99956989269627, 95.99956989269629, 97.7873199537563, 92.8613869169226, 95.27436497264928, 94.89183666440437, 87.34485751195801, 92.95840913906648, 96.78382864189891, 95.79898216965134, 95.94897094720878, 96.60971931342127, 90.39533158461546, 87.40788062587076, 96.76061236244809, 94.45873751288549, 91.12223953776578, 93.81923639037052, 90.88773776945037, 92.95987607723863, 90.84253160057025, 92.53133628522487, 92.23330178648422, 93.61183644805898, 96.36360510528787, 90.77312099462142, 91.57947184434126]
2022-12-18 12:55:16,291 Train INFO: mean test reward2: [0.0, 0.0, 0.0, 0.0, 0.0, 0.0, 0.0, 0.0, 0.0, 0.0, 0.0, 0.0, 0.0, 0.0, 0.0, 0.0, 0.0, 0.0, 0.0, 0.0, 0.0, 0.0, 0.0, 0.0, 0.0, 0.0, 0.0, 0.0, 0.0, 0.0, 0.0, 0.0, 0.0, 0.0, 0.0, 0.0, 0.0, 0.0, 0.0, 0.0, 0.0, 0.0, 0.0, 0.0, 0.0, 0.0, 0.0, 0.0, 0.0, 0.0]
2022-12-18 12:55:16,291 Train INFO: mean test reward3: [0.0, 0.0, 0.0, 0.0, 0.0, 0.0, 0.0, 0.0, 0.0, 0.0, 0.0, 0.0, 0.0, 0.0, 0.0, 0.0, 0.0, 0.0, 0.0, 0.0, 0.0, 0.0, 0.0, 0.0, 0.0, 0.0, 0.0, 0.0, 0.0, 0.0, 0.0, 0.0, 0.0, 0.0, 0.0, 0.0, 0.0, 0.0, 0.0, 0.0, 0.0, 0.0, 0.0, 0.0, 0.0, 0.0, 0.0, 0.0, 0.0, 0.0]
2022-12-18 12:55:16,291 Train INFO: mean test reward4: [0.0, 0.0, 0.0, 0.0, 0.0, 0.0, 0.0, 0.0, 0.0, 0.0, 0.0, 0.0, 0.0, 0.0, 0.0, 0.0, 0.0, 0.0, 0.0, 0.0, 0.0, 0.0, 0.0, 0.0, 0.0, 0.0, 0.0, 0.0, 0.0, 0.0, 0.0, 0.0, 0.0, 0.0, 0.0, 0.0, 0.0, 0.0, 0.0, 0.0, 0.0, 0.0, 0.0, 0.0, 0.0, 0.0, 0.0, 0.0, 0.0, 0.0]
2022-12-18 12:55:16,291 Train INFO: mean test reward: 93.5400,0.0000,0.0000,0.0000
2022-12-18 12:55:16,291 Train INFO: test seed: 5************************************
2022-12-18 12:55:23,830 Train INFO: mean test reward1: [95.7554783861892, 92.1813995360924, 96.15704758538587, 94.69978858162953, 95.73459424789475, 93.29173069054349, 92.876986033079, 95.10653986123303, 90.67666569139168, 93.99060227683113, 95.81096712637773, 92.4964960693613, 96.16076272762051, 94.89973655320463, 94.90304117445987, 93.26534546807147, 93.1752863377977, 97.31189121855296, 93.83312458414153, 91.03547789025666, 94.52469716009189, 91.6587623398602, 95.47866783792884, 97.62856644141999, 97.79028079254053, 94.34385358737258, 92.86138691692258, 99.16128927960567, 95.98023671603873, 93.9655095730046, 97.31423345896876, 97.7448496748708, 90.90095140168322, 96.86429748361178, 92.21020826468126, 95.00738911104831, 95.61309721172624, 99.96078484143307, 97.61378112465735, 97.04880428670043, 95.77057490441584, 92.40640326709826, 102.05570452989383, 93.72473635300163, 96.36670939700873, 101.51423969584546, 94.45972359515402, 92.97506854044427, 95.68791912857235, 96.51816466004964]
2022-12-18 12:55:23,831 Train INFO: mean test reward2: [0.0, 0.0, 0.0, 0.0, 0.0, 0.0, 0.0, 0.0, 0.0, 0.0, 0.0, 0.0, 0.0, 0.0, 0.0, 0.0, 0.0, 0.0, 0.0, 0.0, 0.0, 0.0, 0.0, 0.0, 0.0, 0.0, 0.0, 0.0, 0.0, 0.0, 0.0, 0.0, 0.0, 0.0, 0.0, 0.0, 0.0, 0.0, 0.0, 0.0, 0.0, 0.0, 0.0, 0.0, 0.0, 0.0, 0.0, 0.0, 0.0, 0.0]
2022-12-18 12:55:23,831 Train INFO: mean test reward3: [0.0, 0.0, 0.0, 0.0, 0.0, 0.0, 0.0, 0.0, 0.0, 0.0, 0.0, 0.0, 0.0, 0.0, 0.0, 0.0, 0.0, 0.0, 0.0, 0.0, 0.0, 0.0, 0.0, 0.0, 0.0, 0.0, 0.0, 0.0, 0.0, 0.0, 0.0, 0.0, 0.0, 0.0, 0.0, 0.0, 0.0, 0.0, 0.0, 0.0, 0.0, 0.0, 0.0, 0.0, 0.0, 0.0, 0.0, 0.0, 0.0, 0.0]
2022-12-18 12:55:23,831 Train INFO: mean test reward4: [0.0, 0.0, 0.0, 0.0, 0.0, 0.0, 0.0, 0.0, 0.0, 0.0, 0.0, 0.0, 0.0, 0.0, 0.0, 0.0, 0.0, 0.0, 0.0, 0.0, 0.0, 0.0, 0.0, 0.0, 0.0, 0.0, 0.0, 0.0, 0.0, 0.0, 0.0, 0.0, 0.0, 0.0, 0.0, 0.0, 0.0, 0.0, 0.0, 0.0, 0.0, 0.0, 0.0, 0.0, 0.0, 0.0, 0.0, 0.0, 0.0, 0.0]
2022-12-18 12:55:23,831 Train INFO: mean test reward: 95.1703,0.0000,0.0000,0.0000
2022-12-18 12:55:23,831 Train INFO: test seed: 6************************************
2022-12-18 12:55:30,622 Train INFO: mean test reward1: [93.85380678045574, 91.01385130662588, 91.53168782202324, 94.12697638864135, 95.80182910820643, 97.87720580782202, 93.02928668318746, 95.08975892045721, 91.99881919942256, 98.79807523226016, 92.94666244500586, 91.25061832503734, 95.26115134041646, 85.29950500701625, 93.85380678045574, 91.57947184434126, 93.54614513927899, 95.61309721172626, 94.87124481181571, 96.68166478238795, 90.8661111858196, 94.56508938205381, 93.05595348222695, 96.13771440872829, 94.40205968326586, 91.87962866153862, 87.2366519234546, 94.09258409084157, 96.38604257366633, 92.95840913906646, 92.87144552219685, 99.41098037827435, 96.63614657788689, 93.42488095810252, 96.19325668326796, 89.59395707050373, 89.69952393701463, 94.9843407921561, 89.02073366857823, 93.83643914555049, 93.17528633779769, 93.37922343231992, 90.39152783768384, 95.65124204884508, 94.69406386452891, 90.37831420545105, 91.03547789025667, 87.78267133690115, 91.02226425802385, 93.54242584211015]
2022-12-18 12:55:30,622 Train INFO: mean test reward2: [0.0, 0.0, 0.0, 0.0, 0.0, 0.0, 0.0, 0.0, 0.0, 0.0, 0.0, 0.0, 0.0, 0.0, 0.0, 0.0, 0.0, 0.0, 0.0, 0.0, 0.0, 0.0, 0.0, 0.0, 0.0, 0.0, 0.0, 0.0, 0.0, 0.0, 0.0, 0.0, 0.0, 0.0, 0.0, 0.0, 0.0, 0.0, 0.0, 0.0, 0.0, 0.0, 0.0, 0.0, 0.0, 0.0, 0.0, 0.0, 0.0, 0.0]
2022-12-18 12:55:30,622 Train INFO: mean test reward3: [0.0, 0.0, 0.0, 0.0, 0.0, 0.0, 0.0, 0.0, 0.0, 0.0, 0.0, 0.0, 0.0, 0.0, 0.0, 0.0, 0.0, 0.0, 0.0, 0.0, 0.0, 0.0, 0.0, 0.0, 0.0, 0.0, 0.0, 0.0, 0.0, 0.0, 0.0, 0.0, 0.0, 0.0, 0.0, 0.0, 0.0, 0.0, 0.0, 0.0, 0.0, 0.0, 0.0, 0.0, 0.0, 0.0, 0.0, 0.0, 0.0, 0.0]
2022-12-18 12:55:30,622 Train INFO: mean test reward4: [0.0, 0.0, 0.0, 0.0, 0.0, 0.0, 0.0, 0.0, 0.0, 0.0, 0.0, 0.0, 0.0, 0.0, 0.0, 0.0, 0.0, 0.0, 0.0, 0.0, 0.0, 0.0, 0.0, 0.0, 0.0, 0.0, 0.0, 0.0, 0.0, 0.0, 0.0, 0.0, 0.0, 0.0, 0.0, 0.0, 0.0, 0.0, 0.0, 0.0, 0.0, 0.0, 0.0, 0.0, 0.0, 0.0, 0.0, 0.0, 0.0, 0.0]
2022-12-18 12:55:30,622 Train INFO: mean test reward: 93.2466,0.0000,0.0000,0.0000
2022-12-18 12:55:30,623 Train INFO: test seed: 7************************************
2022-12-18 12:55:37,528 Train INFO: mean test reward1: [95.24595770741377, 92.11198893014357, 94.02317348489277, 96.13781152350434, 95.24595770741375, 96.80471278019334, 96.527902231933, 94.22452073180183, 93.12134172307834, 91.09167486397266, 100.59027380725766, 94.3784239774578, 95.18839091030164, 94.11178275563869, 93.85380678045573, 91.05276509519943, 94.41881619941971, 97.40084727278624, 97.17030132286895, 98.7941497752932, 93.39243706455275, 95.82606364460439, 91.09167486397263, 97.95746217512456, 94.68441074240833, 99.24821429488712, 93.6331046647063, 94.20156952768568, 93.80013199151475, 92.07568177610783, 95.0035394569532, 96.13771440872831, 93.32302645860393, 97.94479764644589, 99.49790539355584, 89.69952393701465, 94.74556348177029, 98.20991561725029, 96.13771440872833, 98.12858563168925, 94.55351539899547, 94.67887023152619, 93.8886469963193, 96.29311404449435, 92.24504848054485, 94.53259704889214, 91.8874386100617, 96.83930030778085, 96.63213856927709, 92.71276667092249]
2022-12-18 12:55:37,528 Train INFO: mean test reward2: [0.0, 0.0, 0.0, 0.0, 0.0, 0.0, 0.0, 0.0, 0.0, 0.0, 0.0, 0.0, 0.0, 0.0, 0.0, 0.0, 0.0, 0.0, 0.0, 0.0, 0.0, 0.0, 0.0, 0.0, 0.0, 0.0, 0.0, 0.0, 0.0, 0.0, 0.0, 0.0, 0.0, 0.0, 0.0, 0.0, 0.0, 0.0, 0.0, 0.0, 0.0, 0.0, 0.0, 0.0, 0.0, 0.0, 0.0, 0.0, 0.0, 0.0]
2022-12-18 12:55:37,528 Train INFO: mean test reward3: [0.0, 0.0, 0.0, 0.0, 0.0, 0.0, 0.0, 0.0, 0.0, 0.0, 0.0, 0.0, 0.0, 0.0, 0.0, 0.0, 0.0, 0.0, 0.0, 0.0, 0.0, 0.0, 0.0, 0.0, 0.0, 0.0, 0.0, 0.0, 0.0, 0.0, 0.0, 0.0, 0.0, 0.0, 0.0, 0.0, 0.0, 0.0, 0.0, 0.0, 0.0, 0.0, 0.0, 0.0, 0.0, 0.0, 0.0, 0.0, 0.0, 0.0]
2022-12-18 12:55:37,528 Train INFO: mean test reward4: [0.0, 0.0, 0.0, 0.0, 0.0, 0.0, 0.0, 0.0, 0.0, 0.0, 0.0, 0.0, 0.0, 0.0, 0.0, 0.0, 0.0, 0.0, 0.0, 0.0, 0.0, 0.0, 0.0, 0.0, 0.0, 0.0, 0.0, 0.0, 0.0, 0.0, 0.0, 0.0, 0.0, 0.0, 0.0, 0.0, 0.0, 0.0, 0.0, 0.0, 0.0, 0.0, 0.0, 0.0, 0.0, 0.0, 0.0, 0.0, 0.0, 0.0]
2022-12-18 12:55:37,528 Train INFO: mean test reward: 95.0099,0.0000,0.0000,0.0000
2022-12-18 12:55:37,529 Train INFO: test seed: 8************************************
2022-12-18 12:55:44,826 Train INFO: mean test reward1: [90.85834030225087, 88.83987492847136, 89.20098587034336, 91.11810212843827, 90.46559361333294, 95.94897094720876, 89.21652763748085, 93.74636293663242, 90.0946005519634, 89.9298882960025, 89.91667466376968, 90.17410728515043, 93.35759684868916, 94.05358987230557, 92.4964960693613, 88.98413781913109, 91.56625821210845, 91.13945888629068, 93.02928668318745, 91.78754634819099, 92.95840913906646, 94.96914715915342, 88.4070633025668, 94.32875706914592, 91.4718426245024, 89.6606141682414, 91.51006123839245, 89.38589434191788, 90.208947501014, 93.5747475754442, 92.9235689232029, 94.22711057941501, 94.53259704889214, 92.11198893014357, 94.40550662220792, 92.95840913906649, 89.64740053600859, 93.52549661495401, 87.41464343903365, 90.5566190000504, 93.17528633779769, 92.16818590385955, 95.26115134041646, 86.97779582307786, 92.37212299838181, 95.0460097358387, 88.6888061487579, 92.60819886191014, 93.88864699631932, 93.5421560163318]
2022-12-18 12:55:44,827 Train INFO: mean test reward2: [0.0, 0.0, 0.0, 0.0, 0.0, 0.0, 0.0, 0.0, 0.0, 0.0, 0.0, 0.0, 0.0, 0.0, 0.0, 0.0, 0.0, 0.0, 0.0, 0.0, 0.0, 0.0, 0.0, 0.0, 0.0, 0.0, 0.0, 0.0, 0.0, 0.0, 0.0, 0.0, 0.0, 0.0, 0.0, 0.0, 0.0, 0.0, 0.0, 0.0, 0.0, 0.0, 0.0, 0.0, 0.0, 0.0, 0.0, 0.0, 0.0, 0.0]
2022-12-18 12:55:44,827 Train INFO: mean test reward3: [0.0, 0.0, 0.0, 0.0, 0.0, 0.0, 0.0, 0.0, 0.0, 0.0, 0.0, 0.0, 0.0, 0.0, 0.0, 0.0, 0.0, 0.0, 0.0, 0.0, 0.0, 0.0, 0.0, 0.0, 0.0, 0.0, 0.0, 0.0, 0.0, 0.0, 0.0, 0.0, 0.0, 0.0, 0.0, 0.0, 0.0, 0.0, 0.0, 0.0, 0.0, 0.0, 0.0, 0.0, 0.0, 0.0, 0.0, 0.0, 0.0, 0.0]
2022-12-18 12:55:44,827 Train INFO: mean test reward4: [0.0, 0.0, 0.0, 0.0, 0.0, 0.0, 0.0, 0.0, 0.0, 0.0, 0.0, 0.0, 0.0, 0.0, 0.0, 0.0, 0.0, 0.0, 0.0, 0.0, 0.0, 0.0, 0.0, 0.0, 0.0, 0.0, 0.0, 0.0, 0.0, 0.0, 0.0, 0.0, 0.0, 0.0, 0.0, 0.0, 0.0, 0.0, 0.0, 0.0, 0.0, 0.0, 0.0, 0.0, 0.0, 0.0, 0.0, 0.0, 0.0, 0.0]
2022-12-18 12:55:44,827 Train INFO: mean test reward: 91.7686,0.0000,0.0000,0.0000
2022-12-18 12:55:44,827 Train INFO: test seed: 9************************************
2022-12-18 12:55:51,987 Train INFO: mean test reward1: [92.81213595643241, 94.68441074240837, 95.77067201919189, 95.94897094720875, 96.1210669288648, 99.28112194128936, 93.68869902474424, 95.6721603989484, 94.21304639596798, 95.86090386046796, 97.93651156739887, 94.84981430358266, 98.24434531213447, 96.15704758538588, 96.80471278019333, 94.29005531014037, 98.48889034610839, 101.27964511540337, 95.48895177975079, 99.10900544114541, 95.57062693284075, 93.23693937263303, 95.72275934443593, 100.73373020337317, 96.08568812249834, 98.03864370459894, 94.93430694328983, 99.64028656801877, 94.10579772307436, 90.98066524879772, 96.91433751581863, 94.36721946740228, 97.01861125024713, 97.18476349940373, 97.02956822481892, 90.83534454266604, 98.59638829822032, 91.45191126305787, 95.29528332275261, 93.37922343231995, 93.88864699631932, 95.3362866634659, 99.62511419322057, 95.96844481906734, 97.41604090578896, 97.43527696767048, 93.8232255133177, 98.97650353267545, 99.4332635097733, 96.13771440872833]
2022-12-18 12:55:51,991 Train INFO: mean test reward2: [0.0, 0.0, 0.0, 0.0, 0.0, 0.0, 0.0, 0.0, 0.0, 0.0, 0.0, 0.0, 0.0, 0.0, 0.0, 0.0, 0.0, 0.0, 0.0, 0.0, 0.0, 0.0, 0.0, 0.0, 0.0, 0.0, 0.0, 0.0, 0.0, 0.0, 0.0, 0.0, 0.0, 0.0, 0.0, 0.0, 0.0, 0.0, 0.0, 0.0, 0.0, 0.0, 0.0, 0.0, 0.0, 0.0, 0.0, 0.0, 0.0, 0.0]
2022-12-18 12:55:51,991 Train INFO: mean test reward3: [0.0, 0.0, 0.0, 0.0, 0.0, 0.0, 0.0, 0.0, 0.0, 0.0, 0.0, 0.0, 0.0, 0.0, 0.0, 0.0, 0.0, 0.0, 0.0, 0.0, 0.0, 0.0, 0.0, 0.0, 0.0, 0.0, 0.0, 0.0, 0.0, 0.0, 0.0, 0.0, 0.0, 0.0, 0.0, 0.0, 0.0, 0.0, 0.0, 0.0, 0.0, 0.0, 0.0, 0.0, 0.0, 0.0, 0.0, 0.0, 0.0, 0.0]
2022-12-18 12:55:51,991 Train INFO: mean test reward4: [0.0, 0.0, 0.0, 0.0, 0.0, 0.0, 0.0, 0.0, 0.0, 0.0, 0.0, 0.0, 0.0, 0.0, 0.0, 0.0, 0.0, 0.0, 0.0, 0.0, 0.0, 0.0, 0.0, 0.0, 0.0, 0.0, 0.0, 0.0, 0.0, 0.0, 0.0, 0.0, 0.0, 0.0, 0.0, 0.0, 0.0, 0.0, 0.0, 0.0, 0.0, 0.0, 0.0, 0.0, 0.0, 0.0, 0.0, 0.0, 0.0, 0.0]
2022-12-18 12:55:51,991 Train INFO: mean test reward: 96.1173,0.0000,0.0000,0.0000
2022-12-18 12:55:51,992 Train INFO: test seed: 10************************************
2022-12-18 12:55:58,735 Train INFO: mean test reward1: [91.51413481110244, 91.25262861701171, 94.22711057941503, 92.40600223358388, 95.74513096746257, 92.77053694720627, 93.37922343231995, 94.13645364506107, 94.89973655320463, 95.9226699189266, 90.48714455748404, 92.75619172985047, 99.42055316091097, 94.14944612667966, 94.39934232756116, 88.95031234284865, 93.14044612193413, 91.54796028738488, 90.37804437967267, 96.80471278019334, 89.6647515775689, 98.24444242691054, 90.20894750101401, 96.13771440872831, 93.8469416226976, 95.10118091488975, 89.54337086481041, 94.05358987230555, 94.42488337929048, 89.71273756924744, 94.37842397745781, 90.45970657323765, 91.89657866958451, 93.25214891448294, 95.48600678504205, 89.02073366857823, 92.84729315949596, 96.16085984239656, 93.04081222663389, 90.06454647761132, 92.69852781796229, 86.76914952197286, 93.2867193045682, 91.57260668658311, 93.52549661495401, 92.21020826468127, 89.71273756924745, 89.29772839666646, 93.2867193045682, 91.85254601678847]
2022-12-18 12:55:58,736 Train INFO: mean test reward2: [0.0, 0.0, 0.0, 0.0, 0.0, 0.0, 0.0, 0.0, 0.0, 0.0, 0.0, 0.0, 0.0, 0.0, 0.0, 0.0, 0.0, 0.0, 0.0, 0.0, 0.0, 0.0, 0.0, 0.0, 0.0, 0.0, 0.0, 0.0, 0.0, 0.0, 0.0, 0.0, 0.0, 0.0, 0.0, 0.0, 0.0, 0.0, 0.0, 0.0, 0.0, 0.0, 0.0, 0.0, 0.0, 0.0, 0.0, 0.0, 0.0, 0.0]
2022-12-18 12:55:58,740 Train INFO: mean test reward3: [0.0, 0.0, 0.0, 0.0, 0.0, 0.0, 0.0, 0.0, 0.0, 0.0, 0.0, 0.0, 0.0, 0.0, 0.0, 0.0, 0.0, 0.0, 0.0, 0.0, 0.0, 0.0, 0.0, 0.0, 0.0, 0.0, 0.0, 0.0, 0.0, 0.0, 0.0, 0.0, 0.0, 0.0, 0.0, 0.0, 0.0, 0.0, 0.0, 0.0, 0.0, 0.0, 0.0, 0.0, 0.0, 0.0, 0.0, 0.0, 0.0, 0.0]
2022-12-18 12:55:58,740 Train INFO: mean test reward4: [0.0, 0.0, 0.0, 0.0, 0.0, 0.0, 0.0, 0.0, 0.0, 0.0, 0.0, 0.0, 0.0, 0.0, 0.0, 0.0, 0.0, 0.0, 0.0, 0.0, 0.0, 0.0, 0.0, 0.0, 0.0, 0.0, 0.0, 0.0, 0.0, 0.0, 0.0, 0.0, 0.0, 0.0, 0.0, 0.0, 0.0, 0.0, 0.0, 0.0, 0.0, 0.0, 0.0, 0.0, 0.0, 0.0, 0.0, 0.0, 0.0, 0.0]
2022-12-18 12:55:58,740 Train INFO: mean test reward: 92.8009,0.0000,0.0000,0.0000
2022-12-18 12:55:58,741 Train INFO: test seed: 11************************************
2022-12-18 12:56:06,178 Train INFO: mean test reward1: [94.92814381844013, 92.82681652683738, 92.8121359564324, 90.28414679592329, 92.7427253504836, 95.94897094720875, 93.10241288405963, 94.33264907731707, 97.05304094513137, 91.09167486397266, 97.92970112821926, 93.10241288405962, 95.77057490441584, 94.54779068189482, 93.88864699631931, 91.64888245029005, 95.9954303490414, 92.92356892320291, 95.61309721172624, 95.16111426441888, 91.11810212843827, 94.59139041033595, 90.952587846097, 97.42018044944385, 96.13771440872829, 96.47782480264175, 93.35759684868917, 94.4132641933214, 96.89556325244178, 91.61404223442646, 93.5769962321954, 95.94897094720876, 95.81990051975465, 95.38188347132122, 95.64348447773163, 91.07412185305186, 95.23561028868713, 95.71137796844394, 90.20894750101401, 95.81096712637775, 95.07813259599753, 93.39243706455272, 93.69396970984802, 99.47059733931522, 94.16944666752686, 93.65385880888066, 92.98192601246498, 95.57062693284075, 99.00355708957862, 92.25227708021336]
2022-12-18 12:56:06,178 Train INFO: mean test reward2: [0.0, 0.0, 0.0, 0.0, 0.0, 0.0, 0.0, 0.0, 0.0, 0.0, 0.0, 0.0, 0.0, 0.0, 0.0, 0.0, 0.0, 0.0, 0.0, 0.0, 0.0, 0.0, 0.0, 0.0, 0.0, 0.0, 0.0, 0.0, 0.0, 0.0, 0.0, 0.0, 0.0, 0.0, 0.0, 0.0, 0.0, 0.0, 0.0, 0.0, 0.0, 0.0, 0.0, 0.0, 0.0, 0.0, 0.0, 0.0, 0.0, 0.0]
2022-12-18 12:56:06,178 Train INFO: mean test reward3: [0.0, 0.0, 0.0, 0.0, 0.0, 0.0, 0.0, 0.0, 0.0, 0.0, 0.0, 0.0, 0.0, 0.0, 0.0, 0.0, 0.0, 0.0, 0.0, 0.0, 0.0, 0.0, 0.0, 0.0, 0.0, 0.0, 0.0, 0.0, 0.0, 0.0, 0.0, 0.0, 0.0, 0.0, 0.0, 0.0, 0.0, 0.0, 0.0, 0.0, 0.0, 0.0, 0.0, 0.0, 0.0, 0.0, 0.0, 0.0, 0.0, 0.0]
2022-12-18 12:56:06,178 Train INFO: mean test reward4: [0.0, 0.0, 0.0, 0.0, 0.0, 0.0, 0.0, 0.0, 0.0, 0.0, 0.0, 0.0, 0.0, 0.0, 0.0, 0.0, 0.0, 0.0, 0.0, 0.0, 0.0, 0.0, 0.0, 0.0, 0.0, 0.0, 0.0, 0.0, 0.0, 0.0, 0.0, 0.0, 0.0, 0.0, 0.0, 0.0, 0.0, 0.0, 0.0, 0.0, 0.0, 0.0, 0.0, 0.0, 0.0, 0.0, 0.0, 0.0, 0.0, 0.0]
2022-12-18 12:56:06,179 Train INFO: mean test reward: 94.3672,0.0000,0.0000,0.0000
2022-12-18 12:56:06,179 Train INFO: test seed: 12************************************
2022-12-18 12:56:12,856 Train INFO: mean test reward1: [90.88773776945042, 90.86611118581962, 95.24595770741377, 90.42492100943946, 97.92970112821928, 94.25578650063181, 91.13663512093902, 90.39152783768382, 95.005703637551, 95.9378635519293, 92.21020826468128, 94.5235567194344, 98.04022638854669, 92.0639350820472, 95.11270298608277, 92.62947518980009, 92.24504848054487, 93.3653015665597, 92.33797595989213, 96.01838155315757, 93.63524695706191, 95.6131943265023, 92.89847578953736, 97.78731995375632, 95.6628176543892, 92.22342189691406, 94.03638711712556, 96.47782480264175, 95.51243404950763, 90.86611118581962, 97.4159437910129, 96.46238363415532, 93.88864699631932, 95.94897094720875, 95.64150447696173, 89.69952393701463, 95.62208296965719, 92.92356892320288, 95.20348742852829, 89.54750827413791, 95.15014172524153, 90.80077415258077, 94.12157699925834, 93.3212896946534, 94.70925749753158, 90.98742404216027, 98.9691273946944, 95.14703743352062, 90.41288459553626, 92.86363557367378]
2022-12-18 12:56:12,857 Train INFO: mean test reward2: [0.0, 0.0, 0.0, 0.0, 0.0, 0.0, 0.0, 0.0, 0.0, 0.0, 0.0, 0.0, 0.0, 0.0, 0.0, 0.0, 0.0, 0.0, 0.0, 0.0, 0.0, 0.0, 0.0, 0.0, 0.0, 0.0, 0.0, 0.0, 0.0, 0.0, 0.0, 0.0, 0.0, 0.0, 0.0, 0.0, 0.0, 0.0, 0.0, 0.0, 0.0, 0.0, 0.0, 0.0, 0.0, 0.0, 0.0, 0.0, 0.0, 0.0]
2022-12-18 12:56:12,857 Train INFO: mean test reward3: [0.0, 0.0, 0.0, 0.0, 0.0, 0.0, 0.0, 0.0, 0.0, 0.0, 0.0, 0.0, 0.0, 0.0, 0.0, 0.0, 0.0, 0.0, 0.0, 0.0, 0.0, 0.0, 0.0, 0.0, 0.0, 0.0, 0.0, 0.0, 0.0, 0.0, 0.0, 0.0, 0.0, 0.0, 0.0, 0.0, 0.0, 0.0, 0.0, 0.0, 0.0, 0.0, 0.0, 0.0, 0.0, 0.0, 0.0, 0.0, 0.0, 0.0]
2022-12-18 12:56:12,857 Train INFO: mean test reward4: [0.0, 0.0, 0.0, 0.0, 0.0, 0.0, 0.0, 0.0, 0.0, 0.0, 0.0, 0.0, 0.0, 0.0, 0.0, 0.0, 0.0, 0.0, 0.0, 0.0, 0.0, 0.0, 0.0, 0.0, 0.0, 0.0, 0.0, 0.0, 0.0, 0.0, 0.0, 0.0, 0.0, 0.0, 0.0, 0.0, 0.0, 0.0, 0.0, 0.0, 0.0, 0.0, 0.0, 0.0, 0.0, 0.0, 0.0, 0.0, 0.0, 0.0]
2022-12-18 12:56:12,857 Train INFO: mean test reward: 93.8836,0.0000,0.0000,0.0000
2022-12-18 12:56:12,857 Train INFO: test seed: 13************************************
2022-12-18 12:56:19,545 Train INFO: mean test reward1: [96.1570475853859, 98.06784564425128, 94.5365861718393, 94.63639995264074, 95.95334830084069, 94.96914715915342, 92.95987607723863, 95.43348020333866, 92.0463820711264, 96.66625706269733, 96.13771440872833, 97.41604090578896, 97.55832496547585, 92.82681652683739, 95.42435375020668, 91.54490145425603, 95.98354133729399, 97.40084727278627, 94.11178275563867, 96.17943242097266, 88.2788812686677, 97.92970112821926, 88.49301217985527, 96.52418708969834, 97.27779927498088, 97.94479764644589, 92.29429944103504, 96.32406225218682, 97.49465858381892, 91.49684760615963, 96.54719801150615, 100.31673413204079, 98.46112876440095, 96.70258313249131, 94.18637589468298, 91.88711640687373, 90.85289755358683, 93.12134172307836, 90.93552179176844, 92.26386646027734, 89.62910261128503, 93.1156265162924, 94.27791425129043, 96.91973385924635, 98.43498514856374, 98.08686761944489, 94.09258409084157, 92.51516576271344, 97.03370776847379, 91.43173172353501]
2022-12-18 12:56:19,545 Train INFO: mean test reward2: [0.0, 0.0, 0.0, 0.0, 0.0, 0.0, 0.0, 0.0, 0.0, 0.0, 0.0, 0.0, 0.0, 0.0, 0.0, 0.0, 0.0, 0.0, 0.0, 0.0, 0.0, 0.0, 0.0, 0.0, 0.0, 0.0, 0.0, 0.0, 0.0, 0.0, 0.0, 0.0, 0.0, 0.0, 0.0, 0.0, 0.0, 0.0, 0.0, 0.0, 0.0, 0.0, 0.0, 0.0, 0.0, 0.0, 0.0, 0.0, 0.0, 0.0]
2022-12-18 12:56:19,545 Train INFO: mean test reward3: [0.0, 0.0, 0.0, 0.0, 0.0, 0.0, 0.0, 0.0, 0.0, 0.0, 0.0, 0.0, 0.0, 0.0, 0.0, 0.0, 0.0, 0.0, 0.0, 0.0, 0.0, 0.0, 0.0, 0.0, 0.0, 0.0, 0.0, 0.0, 0.0, 0.0, 0.0, 0.0, 0.0, 0.0, 0.0, 0.0, 0.0, 0.0, 0.0, 0.0, 0.0, 0.0, 0.0, 0.0, 0.0, 0.0, 0.0, 0.0, 0.0, 0.0]
2022-12-18 12:56:19,545 Train INFO: mean test reward4: [0.0, 0.0, 0.0, 0.0, 0.0, 0.0, 0.0, 0.0, 0.0, 0.0, 0.0, 0.0, 0.0, 0.0, 0.0, 0.0, 0.0, 0.0, 0.0, 0.0, 0.0, 0.0, 0.0, 0.0, 0.0, 0.0, 0.0, 0.0, 0.0, 0.0, 0.0, 0.0, 0.0, 0.0, 0.0, 0.0, 0.0, 0.0, 0.0, 0.0, 0.0, 0.0, 0.0, 0.0, 0.0, 0.0, 0.0, 0.0, 0.0, 0.0]
2022-12-18 12:56:19,545 Train INFO: mean test reward: 94.8176,0.0000,0.0000,0.0000
2022-12-18 12:56:19,546 Train INFO: test seed: 14************************************
2022-12-18 12:56:26,014 Train INFO: mean test reward1: [94.16944666752684, 90.3652065730687, 95.24595770741377, 91.60109842797205, 93.60235919163928, 96.96187927141895, 93.88864699631932, 93.2867193045682, 92.64276925199536, 92.74848701197993, 95.77057490441585, 95.33628666346588, 101.32526708111213, 97.14566725666232, 95.46460527696757, 94.12524913500552, 95.14727337616799, 95.58183144289629, 95.27436497264928, 97.1718522845058, 92.0688166183497, 97.77222343552964, 91.78833393434215, 97.34835195238902, 93.62111333475424, 96.15102515573719, 92.89820596375898, 98.25437035364627, 95.24595770741377, 91.57947184434126, 92.30271239243301, 96.64723508750373, 91.75030548695044, 94.4956672808888, 94.7517277764171, 92.44721538959551, 95.99543034904143, 97.29882573927814, 93.69990353479976, 97.17185228450583, 92.85779348221499, 94.60200765484093, 94.36182124781634, 92.80771212798159, 94.45972359515403, 92.95840913906648, 90.59546493220608, 94.18169036997209, 95.69212396900927, 90.85289755358683]
2022-12-18 12:56:26,021 Train INFO: mean test reward2: [0.0, 0.0, 0.0, 0.0, 0.0, 0.0, 0.0, 0.0, 0.0, 0.0, 0.0, 0.0, 0.0, 0.0, 0.0, 0.0, 0.0, 0.0, 0.0, 0.0, 0.0, 0.0, 0.0, 0.0, 0.0, 0.0, 0.0, 0.0, 0.0, 0.0, 0.0, 0.0, 0.0, 0.0, 0.0, 0.0, 0.0, 0.0, 0.0, 0.0, 0.0, 0.0, 0.0, 0.0, 0.0, 0.0, 0.0, 0.0, 0.0, 0.0]
2022-12-18 12:56:26,021 Train INFO: mean test reward3: [0.0, 0.0, 0.0, 0.0, 0.0, 0.0, 0.0, 0.0, 0.0, 0.0, 0.0, 0.0, 0.0, 0.0, 0.0, 0.0, 0.0, 0.0, 0.0, 0.0, 0.0, 0.0, 0.0, 0.0, 0.0, 0.0, 0.0, 0.0, 0.0, 0.0, 0.0, 0.0, 0.0, 0.0, 0.0, 0.0, 0.0, 0.0, 0.0, 0.0, 0.0, 0.0, 0.0, 0.0, 0.0, 0.0, 0.0, 0.0, 0.0, 0.0]
2022-12-18 12:56:26,021 Train INFO: mean test reward4: [0.0, 0.0, 0.0, 0.0, 0.0, 0.0, 0.0, 0.0, 0.0, 0.0, 0.0, 0.0, 0.0, 0.0, 0.0, 0.0, 0.0, 0.0, 0.0, 0.0, 0.0, 0.0, 0.0, 0.0, 0.0, 0.0, 0.0, 0.0, 0.0, 0.0, 0.0, 0.0, 0.0, 0.0, 0.0, 0.0, 0.0, 0.0, 0.0, 0.0, 0.0, 0.0, 0.0, 0.0, 0.0, 0.0, 0.0, 0.0, 0.0, 0.0]
2022-12-18 12:56:26,022 Train INFO: mean test reward: 94.4703,0.0000,0.0000,0.0000
2022-12-18 12:56:26,022 Train INFO: test seed: 15************************************
2022-12-18 12:56:32,673 Train INFO: mean test reward1: [97.5432284472492, 94.55953737595547, 97.19511091813034, 94.03638711712557, 97.17993854333213, 97.21020743635697, 98.16158109871238, 97.50075816836376, 93.17501651201934, 95.7264744866706, 98.33675294766572, 93.72055205912474, 97.70463159690577, 96.89428743279508, 94.53259704889214, 88.44088877884926, 95.26687605751711, 97.70070613993883, 96.3668065117848, 97.7581604218797, 94.3784239774578, 98.95819167832711, 93.57699623219538, 96.64723508750373, 99.67094558374652, 94.9281438184401, 93.46929964123804, 96.66233160573039, 92.89847578953734, 94.00007996308983, 96.52790223193298, 93.39842209711706, 97.17577774147277, 98.157420296853, 97.41594379101291, 92.87144552219688, 96.66242872050644, 97.01437459181624, 95.0856215111297, 96.96187927141897, 94.85020829870886, 93.61183644805898, 97.17577774147276, 93.9864648675036, 98.54389297782305, 95.218681061531, 93.60235919163928, 94.91493018620731, 97.72975315664418, 93.54215601633182]
2022-12-18 12:56:32,673 Train INFO: mean test reward2: [0.0, 0.0, 0.0, 0.0, 0.0, 0.0, 0.0, 0.0, 0.0, 0.0, 0.0, 0.0, 0.0, 0.0, 0.0, 0.0, 0.0, 0.0, 0.0, 0.0, 0.0, 0.0, 0.0, 0.0, 0.0, 0.0, 0.0, 0.0, 0.0, 0.0, 0.0, 0.0, 0.0, 0.0, 0.0, 0.0, 0.0, 0.0, 0.0, 0.0, 0.0, 0.0, 0.0, 0.0, 0.0, 0.0, 0.0, 0.0, 0.0, 0.0]
2022-12-18 12:56:32,679 Train INFO: mean test reward3: [0.0, 0.0, 0.0, 0.0, 0.0, 0.0, 0.0, 0.0, 0.0, 0.0, 0.0, 0.0, 0.0, 0.0, 0.0, 0.0, 0.0, 0.0, 0.0, 0.0, 0.0, 0.0, 0.0, 0.0, 0.0, 0.0, 0.0, 0.0, 0.0, 0.0, 0.0, 0.0, 0.0, 0.0, 0.0, 0.0, 0.0, 0.0, 0.0, 0.0, 0.0, 0.0, 0.0, 0.0, 0.0, 0.0, 0.0, 0.0, 0.0, 0.0]
2022-12-18 12:56:32,679 Train INFO: mean test reward4: [0.0, 0.0, 0.0, 0.0, 0.0, 0.0, 0.0, 0.0, 0.0, 0.0, 0.0, 0.0, 0.0, 0.0, 0.0, 0.0, 0.0, 0.0, 0.0, 0.0, 0.0, 0.0, 0.0, 0.0, 0.0, 0.0, 0.0, 0.0, 0.0, 0.0, 0.0, 0.0, 0.0, 0.0, 0.0, 0.0, 0.0, 0.0, 0.0, 0.0, 0.0, 0.0, 0.0, 0.0, 0.0, 0.0, 0.0, 0.0, 0.0, 0.0]
2022-12-18 12:56:32,680 Train INFO: mean test reward: 95.7730,0.0000,0.0000,0.0000
2022-12-18 12:56:32,681 Train INFO: test seed: 16************************************
2022-12-18 12:56:38,998 Train INFO: mean test reward1: [99.46083694529426, 91.96978932021946, 89.21652763748084, 90.73855060453623, 95.24595770741377, 94.60200765484095, 92.92356892320291, 96.6375643646427, 94.63639995264076, 97.27779927498088, 98.31193715075838, 94.25578650063179, 97.47139995019437, 92.82681652683739, 92.64276925199538, 90.37703365989188, 94.2249354077154, 94.76919918757835, 92.39855026284742, 94.35958940438042, 95.13244668371972, 95.20348742852829, 93.95805760226811, 97.04691926637922, 94.16944666752681, 96.71589387950013, 93.46929964123801, 97.49073312685196, 96.48975739481415, 93.60235919163927, 97.10426044588192, 98.46112876440094, 93.52696355312621, 97.55832496547586, 93.34438321645634, 94.73663125819043, 95.07250499367298, 98.09058276167951, 94.53259704889213, 98.06784564425129, 92.98087887710477, 93.26561529384983, 95.00912886013596, 96.80440157872938, 92.3927886013511, 94.56100431412764, 93.08695059507563, 91.40323998214609, 95.94897094720876, 96.16631473371883]
2022-12-18 12:56:38,998 Train INFO: mean test reward2: [0.0, 0.0, 0.0, 0.0, 0.0, 0.0, 0.0, 0.0, 0.0, 0.0, 0.0, 0.0, 0.0, 0.0, 0.0, 0.0, 0.0, 0.0, 0.0, 0.0, 0.0, 0.0, 0.0, 0.0, 0.0, 0.0, 0.0, 0.0, 0.0, 0.0, 0.0, 0.0, 0.0, 0.0, 0.0, 0.0, 0.0, 0.0, 0.0, 0.0, 0.0, 0.0, 0.0, 0.0, 0.0, 0.0, 0.0, 0.0, 0.0, 0.0]
2022-12-18 12:56:38,998 Train INFO: mean test reward3: [0.0, 0.0, 0.0, 0.0, 0.0, 0.0, 0.0, 0.0, 0.0, 0.0, 0.0, 0.0, 0.0, 0.0, 0.0, 0.0, 0.0, 0.0, 0.0, 0.0, 0.0, 0.0, 0.0, 0.0, 0.0, 0.0, 0.0, 0.0, 0.0, 0.0, 0.0, 0.0, 0.0, 0.0, 0.0, 0.0, 0.0, 0.0, 0.0, 0.0, 0.0, 0.0, 0.0, 0.0, 0.0, 0.0, 0.0, 0.0, 0.0, 0.0]
2022-12-18 12:56:38,998 Train INFO: mean test reward4: [0.0, 0.0, 0.0, 0.0, 0.0, 0.0, 0.0, 0.0, 0.0, 0.0, 0.0, 0.0, 0.0, 0.0, 0.0, 0.0, 0.0, 0.0, 0.0, 0.0, 0.0, 0.0, 0.0, 0.0, 0.0, 0.0, 0.0, 0.0, 0.0, 0.0, 0.0, 0.0, 0.0, 0.0, 0.0, 0.0, 0.0, 0.0, 0.0, 0.0, 0.0, 0.0, 0.0, 0.0, 0.0, 0.0, 0.0, 0.0, 0.0, 0.0]
2022-12-18 12:56:38,999 Train INFO: mean test reward: 94.7948,0.0000,0.0000,0.0000
2022-12-18 12:56:38,999 Train INFO: test seed: 17************************************
2022-12-18 12:56:46,073 Train INFO: mean test reward1: [95.47866783792888, 96.32181359543561, 99.93983423370739, 99.83036070564664, 98.61148481644696, 98.95547706837817, 92.9235689232029, 95.3779914631501, 94.02317348489275, 94.97460322027278, 97.29309002275963, 94.43391271764635, 103.20539372703894, 97.9114349049342, 93.54215601633183, 95.98023671603872, 95.2034874285283, 97.70039493847486, 94.22094628476822, 96.13781152350437, 99.28112194128937, 100.26601573862973, 91.57260668658311, 100.04033371873348, 98.88107479057464, 101.25147619471575, 95.26679158136369, 100.24989659686733, 96.26499906496461, 97.03370776847379, 100.4397821298462, 101.90791400612402, 93.53871024718681, 98.61148481644696, 97.20606789270211, 92.30244256665466, 97.7873199537563, 96.5090905714717, 94.56100431412766, 100.39724971478843, 98.65864401263855, 96.8913265940108, 101.22978854838351, 99.93983423370737, 98.10812942863456, 97.9447976464459, 96.12261789050167, 101.09135974864876, 99.73281117546186, 95.12662485184303]
2022-12-18 12:56:46,074 Train INFO: mean test reward2: [0.0, 0.0, 0.0, 0.0, 0.0, 0.0, 0.0, 0.0, 0.0, 0.0, 0.0, 0.0, 0.0, 0.0, 0.0, 0.0, 0.0, 0.0, 0.0, 0.0, 0.0, 0.0, 0.0, 0.0, 0.0, 0.0, 0.0, 0.0, 0.0, 0.0, 0.0, 0.0, 0.0, 0.0, 0.0, 0.0, 0.0, 0.0, 0.0, 0.0, 0.0, 0.0, 0.0, 0.0, 0.0, 0.0, 0.0, 0.0, 0.0, 0.0]
2022-12-18 12:56:46,074 Train INFO: mean test reward3: [0.0, 0.0, 0.0, 0.0, 0.0, 0.0, 0.0, 0.0, 0.0, 0.0, 0.0, 0.0, 0.0, 0.0, 0.0, 0.0, 0.0, 0.0, 0.0, 0.0, 0.0, 0.0, 0.0, 0.0, 0.0, 0.0, 0.0, 0.0, 0.0, 0.0, 0.0, 0.0, 0.0, 0.0, 0.0, 0.0, 0.0, 0.0, 0.0, 0.0, 0.0, 0.0, 0.0, 0.0, 0.0, 0.0, 0.0, 0.0, 0.0, 0.0]
2022-12-18 12:56:46,074 Train INFO: mean test reward4: [0.0, 0.0, 0.0, 0.0, 0.0, 0.0, 0.0, 0.0, 0.0, 0.0, 0.0, 0.0, 0.0, 0.0, 0.0, 0.0, 0.0, 0.0, 0.0, 0.0, 0.0, 0.0, 0.0, 0.0, 0.0, 0.0, 0.0, 0.0, 0.0, 0.0, 0.0, 0.0, 0.0, 0.0, 0.0, 0.0, 0.0, 0.0, 0.0, 0.0, 0.0, 0.0, 0.0, 0.0, 0.0, 0.0, 0.0, 0.0, 0.0, 0.0]
2022-12-18 12:56:46,074 Train INFO: mean test reward: 97.4056,0.0000,0.0000,0.0000
2022-12-18 12:56:46,074 Train INFO: test seed: 18************************************
2022-12-18 12:56:52,374 Train INFO: mean test reward1: [91.05683464810907, 91.76205218101106, 85.84511949921387, 87.95577297914811, 94.00007996308982, 91.34381563016301, 90.39533158461545, 89.71273756924742, 87.87934181384384, 94.59425008372749, 91.09167486397264, 85.78755334954381, 96.26499906496461, 86.36978868998516, 92.11198893014357, 85.73542994853779, 95.82606364460439, 92.75447204454423, 84.73393386209933, 90.12917094204863, 90.02984439449071, 90.83127096995605, 92.7905093728016, 95.61309721172624, 93.95805760226811, 97.54322844724922, 88.96808114266537, 91.65876233986019, 91.78833393434216, 86.1089563687194, 93.14044612193412, 93.29306777904287, 88.78775152746535, 92.49065397790248, 91.95292546687224, 86.80973781141823, 89.81676724044561, 90.2435178910992, 93.40950311888133, 92.26386646027731, 91.44472420515362, 89.66475157756888, 98.04851246759371, 91.61404223442649, 94.2209462847682, 89.66468372115104, 89.89531790591727, 87.91396685599449, 88.6755925165251, 95.42435375020668]
2022-12-18 12:56:52,374 Train INFO: mean test reward2: [0.0, 0.0, 0.0, 0.0, 0.0, 0.0, 0.0, 0.0, 0.0, 0.0, 0.0, 0.0, 0.0, 0.0, 0.0, 0.0, 0.0, 0.0, 0.0, 0.0, 0.0, 0.0, 0.0, 0.0, 0.0, 0.0, 0.0, 0.0, 0.0, 0.0, 0.0, 0.0, 0.0, 0.0, 0.0, 0.0, 0.0, 0.0, 0.0, 0.0, 0.0, 0.0, 0.0, 0.0, 0.0, 0.0, 0.0, 0.0, 0.0, 0.0]
2022-12-18 12:56:52,374 Train INFO: mean test reward3: [0.0, 0.0, 0.0, 0.0, 0.0, 0.0, 0.0, 0.0, 0.0, 0.0, 0.0, 0.0, 0.0, 0.0, 0.0, 0.0, 0.0, 0.0, 0.0, 0.0, 0.0, 0.0, 0.0, 0.0, 0.0, 0.0, 0.0, 0.0, 0.0, 0.0, 0.0, 0.0, 0.0, 0.0, 0.0, 0.0, 0.0, 0.0, 0.0, 0.0, 0.0, 0.0, 0.0, 0.0, 0.0, 0.0, 0.0, 0.0, 0.0, 0.0]
2022-12-18 12:56:52,374 Train INFO: mean test reward4: [0.0, 0.0, 0.0, 0.0, 0.0, 0.0, 0.0, 0.0, 0.0, 0.0, 0.0, 0.0, 0.0, 0.0, 0.0, 0.0, 0.0, 0.0, 0.0, 0.0, 0.0, 0.0, 0.0, 0.0, 0.0, 0.0, 0.0, 0.0, 0.0, 0.0, 0.0, 0.0, 0.0, 0.0, 0.0, 0.0, 0.0, 0.0, 0.0, 0.0, 0.0, 0.0, 0.0, 0.0, 0.0, 0.0, 0.0, 0.0, 0.0, 0.0]
2022-12-18 12:56:52,374 Train INFO: mean test reward: 91.0683,0.0000,0.0000,0.0000
2022-12-18 12:56:52,375 Train INFO: test seed: 19************************************
2022-12-18 12:56:58,483 Train INFO: mean test reward1: [93.46783270306585, 91.4795644210172, 94.60200765484095, 89.85133763053085, 95.00031523926981, 93.95805760226814, 94.6419404635229, 92.4964960693613, 90.1913944900932, 93.95030003115468, 95.45689842476969, 90.2435178910992, 95.27436497264925, 95.38188347132122, 93.14044612193412, 91.28545854090093, 94.22094628476822, 94.58572641116258, 96.2441149266702, 95.14592063141616, 92.60993932810617, 96.50485391304079, 93.76931414074858, 95.47866783792882, 95.94330694803537, 95.78388565142467, 87.1090913421712, 97.54322844724922, 96.89556325244173, 91.89425053467978, 97.19118546116339, 94.05556870327838, 94.85337426614801, 94.66285881362622, 94.02317348489277, 80.86640325800457, 91.58935173391141, 98.04851246759371, 96.89142370878689, 97.03370776847377, 96.45849162598418, 90.22216113324677, 98.9139824369769, 90.22216113324681, 95.44353650615656, 94.54779068189485, 94.09258409084154, 95.10367364772686, 93.37895360654157, 91.52455283848674]
2022-12-18 12:56:58,492 Train INFO: mean test reward2: [0.0, 0.0, 0.0, 0.0, 0.0, 0.0, 0.0, 0.0, 0.0, 0.0, 0.0, 0.0, 0.0, 0.0, 0.0, 0.0, 0.0, 0.0, 0.0, 0.0, 0.0, 0.0, 0.0, 0.0, 0.0, 0.0, 0.0, 0.0, 0.0, 0.0, 0.0, 0.0, 0.0, 0.0, 0.0, 0.0, 0.0, 0.0, 0.0, 0.0, 0.0, 0.0, 0.0, 0.0, 0.0, 0.0, 0.0, 0.0, 0.0, 0.0]
2022-12-18 12:56:58,492 Train INFO: mean test reward3: [0.0, 0.0, 0.0, 0.0, 0.0, 0.0, 0.0, 0.0, 0.0, 0.0, 0.0, 0.0, 0.0, 0.0, 0.0, 0.0, 0.0, 0.0, 0.0, 0.0, 0.0, 0.0, 0.0, 0.0, 0.0, 0.0, 0.0, 0.0, 0.0, 0.0, 0.0, 0.0, 0.0, 0.0, 0.0, 0.0, 0.0, 0.0, 0.0, 0.0, 0.0, 0.0, 0.0, 0.0, 0.0, 0.0, 0.0, 0.0, 0.0, 0.0]
2022-12-18 12:56:58,498 Train INFO: mean test reward4: [0.0, 0.0, 0.0, 0.0, 0.0, 0.0, 0.0, 0.0, 0.0, 0.0, 0.0, 0.0, 0.0, 0.0, 0.0, 0.0, 0.0, 0.0, 0.0, 0.0, 0.0, 0.0, 0.0, 0.0, 0.0, 0.0, 0.0, 0.0, 0.0, 0.0, 0.0, 0.0, 0.0, 0.0, 0.0, 0.0, 0.0, 0.0, 0.0, 0.0, 0.0, 0.0, 0.0, 0.0, 0.0, 0.0, 0.0, 0.0, 0.0, 0.0]
2022-12-18 12:56:58,499 Train INFO: mean test reward: 93.8655,0.0000,0.0000,0.0000
