2022-12-18 12:59:39,602 Train INFO: Namespace(logger=<Logger Train (INFO)>, name='A2C2022-12-18-12-59-39', gpu='0', device=device(type='cuda', index=0), gamma=1, epoch_num=3000, test_episode=50, val_episode=50, test_size=0.1, val_size=0.5, batch_size=50, train_batch_size=50, num_steps=5, h=2, w=[120, 80, 50], nn_out=40, share_lr=0.01, actor_lr=0.001, critic_lr=0.1, step=50, lr_min=0.0001, e_rate=0.001, a_rate=1, c_rate=1, lr_decay_lambda=0.99, load=False, duse_T=True, est_T=False, use_pref=False, same_price=False, use_price=True, only_test=True, test_benchmark=False, change_T=True, num='108', print_grad=False, max_norm=10, seed_range=20, net_seed=10, seed=0, info=True, selling_length=180, cardinality=4, ini_inv=2, num_products=100, number_samples=10000, num_cus_types=4, seg_prob=None, num_cus_features=4, MNLdata=10000, p_file='../Gene_databeta/simul/p10_random.npy', c_file='../Gene_databeta/simul/c4_random.npy')
2022-12-18 12:59:39,603 Train INFO: log/A2C2022-12-18-12-59-39
2022-12-18 12:59:43,760 Train INFO: products price: [1649.73814547 1127.61563842  931.02871698 1360.34237971  725.13091995
  923.26577906 1048.06358099 1335.59336555 1195.40725861 1064.01482778
  911.06874296 1048.7285084   862.45852977  562.0352617  1338.46425903
  990.15321765  520.29278707 1208.23053483 1211.78612974 1415.52984074
  793.16221683 1876.27989159 1532.58284504  955.82118943 1761.86348334
  839.64872328  552.35384058 1249.34487063  512.10224121 1264.40811504
  800.71457455 1724.21396565 1820.46937714 1053.61927862 1303.52226404
  687.23532693  553.41199285 1166.92080199  888.36091138 1555.51175855
  945.60906956  904.8232257   185.11950973  956.00340393  921.97706365
  777.00211129 1233.85864419 1855.13122698 1247.19421357  809.85084994
  477.38637086 1180.64638022  688.85646935 1821.84964101 1336.34462326
 1180.51360642  846.06710047  671.01312444  972.26852132  920.40072648
 1206.16552071 1416.03566126 1211.55189823  896.40685864 1067.94770214
 1577.1507714  1254.63336377 1273.60053127  109.15494726 1404.48282551
 1341.31287433  440.47487253 1148.9827406  1464.57599267 1204.3751098
  570.81428852  460.8940235  1490.06233971 1354.33031959  984.32869752
 1393.98066869  796.41108887 1427.58864888 1277.02973902 1164.10629816
 1159.15216995 1300.53489406 1407.42098991  808.96765814  987.27313092
  169.27919123  946.08274828 1174.39447852  944.25927782 1517.41984827
 1615.68280386  142.22238131  657.0012701  1487.17636032 1170.3680706 ]
2022-12-18 12:59:43,761 Train INFO: seg_prob [0.21154331 0.33382619 0.24539256 0.20923794]
2022-12-18 12:59:43,761 Train INFO: Load Factor 0.9
2022-12-18 12:59:43,766 Train INFO: test seed: 0************************************
2022-12-18 12:59:52,069 Train INFO: mean test reward1: [96.00994729855354, 92.26769210349374, 93.08495567337765, 89.93447112305637, 91.11860440717015, 90.58305441186505, 98.73284048420294, 94.28161920781372, 91.15621418195599, 90.60908372839474, 95.340406305889, 93.32466001158159, 97.31841806764173, 91.26944056797264, 96.3214552558148, 92.60719813695744, 98.43567006647977, 96.6504395708013, 95.671855507559, 97.17613400795481, 93.38829910289708, 97.83688987529746, 92.68834460486775, 84.99023183528435, 92.83490832926229, 99.04319789671611, 88.83282861605866, 93.8131838517314, 94.44526701098489, 93.80337178245502, 96.99908710619677, 98.76589769784995, 93.08495567337765, 92.66151504793511, 93.77558799106913, 91.12433823299568, 90.0995630496193, 85.5484558020147, 95.53318757196327, 88.23543776210666, 88.54105181325247, 97.47648904279242, 94.54393006789748, 93.81318385173141, 89.55211582030692, 94.37890226190592, 97.80713639455848, 93.08495567337764, 93.05319253102242, 94.24208401566742]
2022-12-18 12:59:52,074 Train INFO: mean test reward2: [0.0, 0.0, 0.0, 0.0, 0.0, 0.0, 0.0, 0.0, 0.0, 0.0, 0.0, 0.0, 0.0, 0.0, 0.0, 0.0, 0.0, 0.0, 0.0, 0.0, 0.0, 0.0, 0.0, 0.0, 0.0, 0.0, 0.0, 0.0, 0.0, 0.0, 0.0, 0.0, 0.0, 0.0, 0.0, 0.0, 0.0, 0.0, 0.0, 0.0, 0.0, 0.0, 0.0, 0.0, 0.0, 0.0, 0.0, 0.0, 0.0, 0.0]
2022-12-18 12:59:52,074 Train INFO: mean test reward3: [0.0, 0.0, 0.0, 0.0, 0.0, 0.0, 0.0, 0.0, 0.0, 0.0, 0.0, 0.0, 0.0, 0.0, 0.0, 0.0, 0.0, 0.0, 0.0, 0.0, 0.0, 0.0, 0.0, 0.0, 0.0, 0.0, 0.0, 0.0, 0.0, 0.0, 0.0, 0.0, 0.0, 0.0, 0.0, 0.0, 0.0, 0.0, 0.0, 0.0, 0.0, 0.0, 0.0, 0.0, 0.0, 0.0, 0.0, 0.0, 0.0, 0.0]
2022-12-18 12:59:52,074 Train INFO: mean test reward4: [0.0, 0.0, 0.0, 0.0, 0.0, 0.0, 0.0, 0.0, 0.0, 0.0, 0.0, 0.0, 0.0, 0.0, 0.0, 0.0, 0.0, 0.0, 0.0, 0.0, 0.0, 0.0, 0.0, 0.0, 0.0, 0.0, 0.0, 0.0, 0.0, 0.0, 0.0, 0.0, 0.0, 0.0, 0.0, 0.0, 0.0, 0.0, 0.0, 0.0, 0.0, 0.0, 0.0, 0.0, 0.0, 0.0, 0.0, 0.0, 0.0, 0.0]
2022-12-18 12:59:52,074 Train INFO: mean test reward: 93.5178,0.0000,0.0000,0.0000
2022-12-18 12:59:52,075 Train INFO: test seed: 1************************************
2022-12-18 12:59:59,295 Train INFO: mean test reward1: [83.91312668018921, 85.62680201218632, 91.18224349848568, 92.27342268903156, 90.02987335672714, 90.38130694496955, 90.98115824474189, 92.62650029474554, 92.87946585791953, 90.12720881375394, 93.93574633220945, 89.99811021437188, 91.59636194359035, 94.73093854569196, 89.68544460451463, 87.350036526928, 96.49353911545023, 89.04259514153149, 91.6797267754953, 92.93832535786272, 92.23823283258218, 90.16320214093481, 88.2993733015102, 89.46994425321627, 95.2340030569253, 96.11711940755528, 87.82702857472565, 94.74445152602287, 85.18438065870586, 90.88987338929174, 86.87954453098301, 92.68685694062609, 83.66089310674191, 95.45079538820481, 88.40069991300159, 89.048328967357, 91.78500098165094, 90.16893596676036, 90.19496528329003, 93.5659203580778, 89.8754456011246, 86.40144760861264, 85.07095410583959, 87.67663311738104, 91.02893599932496, 91.11860440717018, 92.65332985167818, 91.6653582031298, 94.72256720985108, 94.5901259031896]
2022-12-18 12:59:59,298 Train INFO: mean test reward2: [0.0, 0.0, 0.0, 0.0, 0.0, 0.0, 0.0, 0.0, 0.0, 0.0, 0.0, 0.0, 0.0, 0.0, 0.0, 0.0, 0.0, 0.0, 0.0, 0.0, 0.0, 0.0, 0.0, 0.0, 0.0, 0.0, 0.0, 0.0, 0.0, 0.0, 0.0, 0.0, 0.0, 0.0, 0.0, 0.0, 0.0, 0.0, 0.0, 0.0, 0.0, 0.0, 0.0, 0.0, 0.0, 0.0, 0.0, 0.0, 0.0, 0.0]
2022-12-18 12:59:59,298 Train INFO: mean test reward3: [0.0, 0.0, 0.0, 0.0, 0.0, 0.0, 0.0, 0.0, 0.0, 0.0, 0.0, 0.0, 0.0, 0.0, 0.0, 0.0, 0.0, 0.0, 0.0, 0.0, 0.0, 0.0, 0.0, 0.0, 0.0, 0.0, 0.0, 0.0, 0.0, 0.0, 0.0, 0.0, 0.0, 0.0, 0.0, 0.0, 0.0, 0.0, 0.0, 0.0, 0.0, 0.0, 0.0, 0.0, 0.0, 0.0, 0.0, 0.0, 0.0, 0.0]
2022-12-18 12:59:59,298 Train INFO: mean test reward4: [0.0, 0.0, 0.0, 0.0, 0.0, 0.0, 0.0, 0.0, 0.0, 0.0, 0.0, 0.0, 0.0, 0.0, 0.0, 0.0, 0.0, 0.0, 0.0, 0.0, 0.0, 0.0, 0.0, 0.0, 0.0, 0.0, 0.0, 0.0, 0.0, 0.0, 0.0, 0.0, 0.0, 0.0, 0.0, 0.0, 0.0, 0.0, 0.0, 0.0, 0.0, 0.0, 0.0, 0.0, 0.0, 0.0, 0.0, 0.0, 0.0, 0.0]
2022-12-18 12:59:59,298 Train INFO: mean test reward: 90.6857,0.0000,0.0000,0.0000
2022-12-18 12:59:59,299 Train INFO: test seed: 2************************************
2022-12-18 13:00:05,922 Train INFO: mean test reward1: [85.40944893004843, 83.02610963952968, 88.03191467274158, 91.05660305310161, 85.14870508981592, 82.79000527274498, 86.77000719520191, 86.90618869601576, 83.8480382391529, 85.54367621064243, 85.28220168695606, 87.06483159266101, 90.62231439497485, 91.28380914033814, 83.55861071962495, 90.48837077222325, 86.93723663427883, 91.00466969772427, 87.75880468447173, 87.30593940821457, 93.14859476469316, 92.9656448037339, 83.90059020164608, 84.91088404137456, 89.53182032960277, 88.38249910305412, 85.31713102660233, 87.63598931746186, 86.42293636413109, 88.05414942829304, 92.39235330861636, 94.02112504758009, 87.22281360667067, 88.6843233184693, 84.79716642505018, 83.74172344760427, 92.01373199952938, 85.31713102660231, 88.26832536324711, 85.32562946645876, 89.14047654029736, 85.79060031834581, 88.61159443893479, 83.97908837256308, 92.93737112340949, 92.62470551355223, 90.90354852830451, 89.53391501035942, 81.55315447836401, 92.65332985167818]
2022-12-18 13:00:05,928 Train INFO: mean test reward2: [0.0, 0.0, 0.0, 0.0, 0.0, 0.0, 0.0, 0.0, 0.0, 0.0, 0.0, 0.0, 0.0, 0.0, 0.0, 0.0, 0.0, 0.0, 0.0, 0.0, 0.0, 0.0, 0.0, 0.0, 0.0, 0.0, 0.0, 0.0, 0.0, 0.0, 0.0, 0.0, 0.0, 0.0, 0.0, 0.0, 0.0, 0.0, 0.0, 0.0, 0.0, 0.0, 0.0, 0.0, 0.0, 0.0, 0.0, 0.0, 0.0, 0.0]
2022-12-18 13:00:05,928 Train INFO: mean test reward3: [0.0, 0.0, 0.0, 0.0, 0.0, 0.0, 0.0, 0.0, 0.0, 0.0, 0.0, 0.0, 0.0, 0.0, 0.0, 0.0, 0.0, 0.0, 0.0, 0.0, 0.0, 0.0, 0.0, 0.0, 0.0, 0.0, 0.0, 0.0, 0.0, 0.0, 0.0, 0.0, 0.0, 0.0, 0.0, 0.0, 0.0, 0.0, 0.0, 0.0, 0.0, 0.0, 0.0, 0.0, 0.0, 0.0, 0.0, 0.0, 0.0, 0.0]
2022-12-18 13:00:05,928 Train INFO: mean test reward4: [0.0, 0.0, 0.0, 0.0, 0.0, 0.0, 0.0, 0.0, 0.0, 0.0, 0.0, 0.0, 0.0, 0.0, 0.0, 0.0, 0.0, 0.0, 0.0, 0.0, 0.0, 0.0, 0.0, 0.0, 0.0, 0.0, 0.0, 0.0, 0.0, 0.0, 0.0, 0.0, 0.0, 0.0, 0.0, 0.0, 0.0, 0.0, 0.0, 0.0, 0.0, 0.0, 0.0, 0.0, 0.0, 0.0, 0.0, 0.0, 0.0, 0.0]
2022-12-18 13:00:05,928 Train INFO: mean test reward: 87.7924,0.0000,0.0000,0.0000
2022-12-18 13:00:05,929 Train INFO: test seed: 3************************************
2022-12-18 13:00:12,721 Train INFO: mean test reward1: [86.1855714391723, 84.90656057348481, 84.54248543017596, 86.48457341015654, 85.3075718438577, 88.91022059177705, 83.89307313940215, 88.16333498804279, 87.67591151372335, 85.67164698716655, 84.54726502154827, 87.97197786120242, 91.3264353664003, 83.05020741167714, 90.00001868327836, 85.82410155353713, 97.1620899472168, 87.3452569355557, 90.83781474627315, 89.22603672195616, 91.96434867397436, 95.08044557544373, 77.6836774233363, 84.04736578771194, 87.93110143048767, 95.4914327968196, 85.87372611988968, 90.95446671506046, 93.07069990761721, 88.82709479023315, 92.62650029474557, 94.18621697414302, 89.68544460451461, 93.14859476469316, 89.04259514153149, 85.30323192879757, 91.60566415600138, 86.62741368794944, 88.10207376015936, 89.24121323533782, 87.2060804004139, 87.06983504142988, 83.74172344760427, 85.19817769542307, 92.07411948001058, 85.59867559456254, 89.88406269832095, 90.81961393632562, 85.50361082703444, 94.47081503354583]
2022-12-18 13:00:12,722 Train INFO: mean test reward2: [0.0, 0.0, 0.0, 0.0, 0.0, 0.0, 0.0, 0.0, 0.0, 0.0, 0.0, 0.0, 0.0, 0.0, 0.0, 0.0, 0.0, 0.0, 0.0, 0.0, 0.0, 0.0, 0.0, 0.0, 0.0, 0.0, 0.0, 0.0, 0.0, 0.0, 0.0, 0.0, 0.0, 0.0, 0.0, 0.0, 0.0, 0.0, 0.0, 0.0, 0.0, 0.0, 0.0, 0.0, 0.0, 0.0, 0.0, 0.0, 0.0, 0.0]
2022-12-18 13:00:12,722 Train INFO: mean test reward3: [0.0, 0.0, 0.0, 0.0, 0.0, 0.0, 0.0, 0.0, 0.0, 0.0, 0.0, 0.0, 0.0, 0.0, 0.0, 0.0, 0.0, 0.0, 0.0, 0.0, 0.0, 0.0, 0.0, 0.0, 0.0, 0.0, 0.0, 0.0, 0.0, 0.0, 0.0, 0.0, 0.0, 0.0, 0.0, 0.0, 0.0, 0.0, 0.0, 0.0, 0.0, 0.0, 0.0, 0.0, 0.0, 0.0, 0.0, 0.0, 0.0, 0.0]
2022-12-18 13:00:12,722 Train INFO: mean test reward4: [0.0, 0.0, 0.0, 0.0, 0.0, 0.0, 0.0, 0.0, 0.0, 0.0, 0.0, 0.0, 0.0, 0.0, 0.0, 0.0, 0.0, 0.0, 0.0, 0.0, 0.0, 0.0, 0.0, 0.0, 0.0, 0.0, 0.0, 0.0, 0.0, 0.0, 0.0, 0.0, 0.0, 0.0, 0.0, 0.0, 0.0, 0.0, 0.0, 0.0, 0.0, 0.0, 0.0, 0.0, 0.0, 0.0, 0.0, 0.0, 0.0, 0.0]
2022-12-18 13:00:12,722 Train INFO: mean test reward: 88.4218,0.0000,0.0000,0.0000
2022-12-18 13:00:12,722 Train INFO: test seed: 4************************************
2022-12-18 13:00:19,722 Train INFO: mean test reward1: [83.99236640379185, 88.55092503984046, 88.4054795043739, 90.0625907335356, 89.05735073875351, 93.58022058639264, 80.63876045728576, 90.67272281971022, 90.49326232078182, 89.6260937578758, 95.7499799032428, 93.31612415752312, 94.07971774686796, 85.28482253016517, 91.5336770867281, 93.60196021044774, 93.35148956851418, 88.91022059177702, 85.54845580201473, 88.23540254436706, 90.78916934642594, 89.55211582030691, 87.14795739420488, 87.57643914343303, 90.921749338252, 97.65721126440488, 94.3303330809182, 90.8134356480266, 94.44526701098488, 88.80618445102593, 92.25671878316828, 97.01492059209735, 88.5739508934708, 95.57994273591908, 87.57165955206071, 88.82709479023312, 89.55211582030694, 90.64669350318054, 89.46994425321625, 89.73220143833812, 87.24064237849338, 90.84576295008252, 89.60327303742396, 85.54367621064242, 92.87373203209403, 86.51562134841957, 95.39771498066781, 91.46805866177897, 82.3889940023721, 95.83237208700127]
2022-12-18 13:00:19,729 Train INFO: mean test reward2: [0.0, 0.0, 0.0, 0.0, 0.0, 0.0, 0.0, 0.0, 0.0, 0.0, 0.0, 0.0, 0.0, 0.0, 0.0, 0.0, 0.0, 0.0, 0.0, 0.0, 0.0, 0.0, 0.0, 0.0, 0.0, 0.0, 0.0, 0.0, 0.0, 0.0, 0.0, 0.0, 0.0, 0.0, 0.0, 0.0, 0.0, 0.0, 0.0, 0.0, 0.0, 0.0, 0.0, 0.0, 0.0, 0.0, 0.0, 0.0, 0.0, 0.0]
2022-12-18 13:00:19,729 Train INFO: mean test reward3: [0.0, 0.0, 0.0, 0.0, 0.0, 0.0, 0.0, 0.0, 0.0, 0.0, 0.0, 0.0, 0.0, 0.0, 0.0, 0.0, 0.0, 0.0, 0.0, 0.0, 0.0, 0.0, 0.0, 0.0, 0.0, 0.0, 0.0, 0.0, 0.0, 0.0, 0.0, 0.0, 0.0, 0.0, 0.0, 0.0, 0.0, 0.0, 0.0, 0.0, 0.0, 0.0, 0.0, 0.0, 0.0, 0.0, 0.0, 0.0, 0.0, 0.0]
2022-12-18 13:00:19,730 Train INFO: mean test reward4: [0.0, 0.0, 0.0, 0.0, 0.0, 0.0, 0.0, 0.0, 0.0, 0.0, 0.0, 0.0, 0.0, 0.0, 0.0, 0.0, 0.0, 0.0, 0.0, 0.0, 0.0, 0.0, 0.0, 0.0, 0.0, 0.0, 0.0, 0.0, 0.0, 0.0, 0.0, 0.0, 0.0, 0.0, 0.0, 0.0, 0.0, 0.0, 0.0, 0.0, 0.0, 0.0, 0.0, 0.0, 0.0, 0.0, 0.0, 0.0, 0.0, 0.0]
2022-12-18 13:00:19,730 Train INFO: mean test reward: 90.2733,0.0000,0.0000,0.0000
2022-12-18 13:00:19,731 Train INFO: test seed: 5************************************
2022-12-18 13:00:26,546 Train INFO: mean test reward1: [89.16564313933685, 87.57643914343302, 90.89082762374497, 91.7869094505574, 93.07249468881055, 90.10529687544485, 85.20448036570822, 92.33244821096335, 91.96434867397431, 93.76211855158806, 93.12176520776052, 90.90738076588653, 96.30817091427284, 93.43686828388483, 86.06364081219456, 93.1811006924779, 94.99492216795643, 93.7207025390203, 94.33033308091818, 95.09853046562979, 89.75073391411327, 93.03882395865692, 87.98715216408559, 81.13670414223553, 90.67272281971022, 97.81353938482978, 93.15258916095698, 95.21630194070856, 96.90404143646371, 94.28161920781373, 94.99179094422759, 93.58022058639264, 89.37454201954554, 96.50009239776838, 92.20405301217824, 87.55286351591795, 88.23540254436706, 90.77593867984586, 95.19719352254239, 96.21966097517333, 96.2227921989022, 90.32829406749772, 93.46270449794223, 91.61386932018516, 95.7499799032428, 94.63790875789793, 93.47446414454707, 85.89521487540816, 94.23493084724748, 94.40717594223034]
2022-12-18 13:00:26,564 Train INFO: mean test reward2: [0.0, 0.0, 0.0, 0.0, 0.0, 0.0, 0.0, 0.0, 0.0, 0.0, 0.0, 0.0, 0.0, 0.0, 0.0, 0.0, 0.0, 0.0, 0.0, 0.0, 0.0, 0.0, 0.0, 0.0, 0.0, 0.0, 0.0, 0.0, 0.0, 0.0, 0.0, 0.0, 0.0, 0.0, 0.0, 0.0, 0.0, 0.0, 0.0, 0.0, 0.0, 0.0, 0.0, 0.0, 0.0, 0.0, 0.0, 0.0, 0.0, 0.0]
2022-12-18 13:00:26,565 Train INFO: mean test reward3: [0.0, 0.0, 0.0, 0.0, 0.0, 0.0, 0.0, 0.0, 0.0, 0.0, 0.0, 0.0, 0.0, 0.0, 0.0, 0.0, 0.0, 0.0, 0.0, 0.0, 0.0, 0.0, 0.0, 0.0, 0.0, 0.0, 0.0, 0.0, 0.0, 0.0, 0.0, 0.0, 0.0, 0.0, 0.0, 0.0, 0.0, 0.0, 0.0, 0.0, 0.0, 0.0, 0.0, 0.0, 0.0, 0.0, 0.0, 0.0, 0.0, 0.0]
2022-12-18 13:00:26,565 Train INFO: mean test reward4: [0.0, 0.0, 0.0, 0.0, 0.0, 0.0, 0.0, 0.0, 0.0, 0.0, 0.0, 0.0, 0.0, 0.0, 0.0, 0.0, 0.0, 0.0, 0.0, 0.0, 0.0, 0.0, 0.0, 0.0, 0.0, 0.0, 0.0, 0.0, 0.0, 0.0, 0.0, 0.0, 0.0, 0.0, 0.0, 0.0, 0.0, 0.0, 0.0, 0.0, 0.0, 0.0, 0.0, 0.0, 0.0, 0.0, 0.0, 0.0, 0.0, 0.0]
2022-12-18 13:00:26,566 Train INFO: mean test reward: 92.2328,0.0000,0.0000,0.0000
2022-12-18 13:00:26,567 Train INFO: test seed: 6************************************
