2022-12-13 12:10:05,306 Train INFO: Namespace(logger=<Logger Train (INFO)>, name='A2C2022-12-13-12-10-05', gpu='0', device=device(type='cuda', index=0), gamma=1, epoch_num=3000, test_episode=50, val_episode=50, test_size=0.1, val_size=0.5, batch_size=50, train_batch_size=50, num_steps=10, h=1, w=[120, 50], nn_out=40, share_lr=0.0001, actor_lr=1e-05, critic_lr=0.01, step=10, lr_min=1e-05, e_rate=0.001, a_rate=1, c_rate=1, lr_decay_lambda=0.999, load=False, duse_T=True, est_T=False, use_pref=False, same_price=False, use_price=True, only_test=True, test_benchmark=False, change_T=True, num='112', print_grad=False, max_norm=10, seed_range=20, net_seed=10, seed=0, info=True, selling_length=150, cardinality=4, ini_inv=2, num_products=100, number_samples=10000, num_cus_types=4, seg_prob=None, num_cus_features=4, MNLdata=10000, p_file='../Gene_databeta/simul/p10_random.npy', c_file='../Gene_databeta/simul/c4_random.npy')
2022-12-13 12:10:05,306 Train INFO: log/A2C2022-12-13-12-10-05
2022-12-13 12:10:08,660 Train INFO: products price: [1649.73814547 1127.61563842  931.02871698 1360.34237971  725.13091995
  923.26577906 1048.06358099 1335.59336555 1195.40725861 1064.01482778
  911.06874296 1048.7285084   862.45852977  562.0352617  1338.46425903
  990.15321765  520.29278707 1208.23053483 1211.78612974 1415.52984074
  793.16221683 1876.27989159 1532.58284504  955.82118943 1761.86348334
  839.64872328  552.35384058 1249.34487063  512.10224121 1264.40811504
  800.71457455 1724.21396565 1820.46937714 1053.61927862 1303.52226404
  687.23532693  553.41199285 1166.92080199  888.36091138 1555.51175855
  945.60906956  904.8232257   185.11950973  956.00340393  921.97706365
  777.00211129 1233.85864419 1855.13122698 1247.19421357  809.85084994
  477.38637086 1180.64638022  688.85646935 1821.84964101 1336.34462326
 1180.51360642  846.06710047  671.01312444  972.26852132  920.40072648
 1206.16552071 1416.03566126 1211.55189823  896.40685864 1067.94770214
 1577.1507714  1254.63336377 1273.60053127  109.15494726 1404.48282551
 1341.31287433  440.47487253 1148.9827406  1464.57599267 1204.3751098
  570.81428852  460.8940235  1490.06233971 1354.33031959  984.32869752
 1393.98066869  796.41108887 1427.58864888 1277.02973902 1164.10629816
 1159.15216995 1300.53489406 1407.42098991  808.96765814  987.27313092
  169.27919123  946.08274828 1174.39447852  944.25927782 1517.41984827
 1615.68280386  142.22238131  657.0012701  1487.17636032 1170.3680706 ]
2022-12-13 12:10:08,660 Train INFO: seg_prob [0.21154331 0.33382619 0.24539256 0.20923794]
2022-12-13 12:10:08,660 Train INFO: Load Factor 0.75
2022-12-13 12:10:08,665 Train INFO: test seed: 0************************************
2022-12-13 12:10:11,658 Train INFO: mean test reward1: [80.81914450555482, 84.59533055263417, 89.52120468680481, 83.37232573415308, 88.77728476090617, 82.34528188645254, 88.61514186020774, 84.389913012101, 84.62551613420244, 84.64135188454651, 84.12225471672782, 85.9812047556542, 88.53299597805717, 83.48539901032747, 80.84464838660924, 80.98353136101012, 88.0596399434753, 85.41924547165397, 83.26086033122478, 87.5914258017101, 84.43624183736065, 83.48539901032748, 86.16220414186242, 86.85326890236045, 82.17175096945861, 86.9577376607857, 82.8098759736431, 84.25991469695963, 81.59406552843296, 84.49850062113316, 82.02471768549552, 83.15038651541353, 85.30686958277059, 83.60074478874914, 82.62400462482445, 82.07403038095966, 85.5720707165589, 84.7724641344544, 85.58172859433385, 85.40003182083461, 83.41086074328136, 83.02630101892942, 79.76770107709369, 86.99044103207184, 90.44577430423695, 81.5879652121717, 80.48123342414755, 83.79645758639741, 81.48289375119295, 86.102916627876]
2022-12-13 12:10:11,658 Train INFO: mean test reward2: [0.0, 0.0, 0.0, 0.0, 0.0, 0.0, 0.0, 0.0, 0.0, 0.0, 0.0, 0.0, 0.0, 0.0, 0.0, 0.0, 0.0, 0.0, 0.0, 0.0, 0.0, 0.0, 0.0, 0.0, 0.0, 0.0, 0.0, 0.0, 0.0, 0.0, 0.0, 0.0, 0.0, 0.0, 0.0, 0.0, 0.0, 0.0, 0.0, 0.0, 0.0, 0.0, 0.0, 0.0, 0.0, 0.0, 0.0, 0.0, 0.0, 0.0]
2022-12-13 12:10:11,658 Train INFO: mean test reward3: [0.0, 0.0, 0.0, 0.0, 0.0, 0.0, 0.0, 0.0, 0.0, 0.0, 0.0, 0.0, 0.0, 0.0, 0.0, 0.0, 0.0, 0.0, 0.0, 0.0, 0.0, 0.0, 0.0, 0.0, 0.0, 0.0, 0.0, 0.0, 0.0, 0.0, 0.0, 0.0, 0.0, 0.0, 0.0, 0.0, 0.0, 0.0, 0.0, 0.0, 0.0, 0.0, 0.0, 0.0, 0.0, 0.0, 0.0, 0.0, 0.0, 0.0]
2022-12-13 12:10:11,658 Train INFO: mean test reward4: [0.0, 0.0, 0.0, 0.0, 0.0, 0.0, 0.0, 0.0, 0.0, 0.0, 0.0, 0.0, 0.0, 0.0, 0.0, 0.0, 0.0, 0.0, 0.0, 0.0, 0.0, 0.0, 0.0, 0.0, 0.0, 0.0, 0.0, 0.0, 0.0, 0.0, 0.0, 0.0, 0.0, 0.0, 0.0, 0.0, 0.0, 0.0, 0.0, 0.0, 0.0, 0.0, 0.0, 0.0, 0.0, 0.0, 0.0, 0.0, 0.0, 0.0]
2022-12-13 12:10:11,658 Train INFO: mean test reward: 84.4082,0.0000,0.0000,0.0000
2022-12-13 12:10:11,659 Train INFO: test seed: 1************************************
2022-12-13 12:10:13,640 Train INFO: mean test reward1: [78.2115476892067, 78.25006586833877, 83.4853990103275, 85.73544767650912, 80.8201883153609, 80.17700680472124, 86.06157343458412, 81.14887500603555, 83.17329093610478, 79.56186916259993, 86.22179228376501, 81.90536197186957, 85.1827485122822, 81.30548522237038, 81.62663254245575, 79.89145054182143, 83.45305748428272, 84.12422140180297, 84.1732557877947, 86.13600053758196, 86.23573718025833, 83.48539901032747, 79.28733382194585, 82.59850743481195, 80.34567521381132, 83.9275081633562, 81.67277779666074, 83.12726604229906, 80.46001778776987, 81.4609509882395, 81.84202046897794, 81.62663254245575, 78.7023467325113, 88.42266960593886, 80.86100151508315, 79.39444838564764, 80.16785605214072, 79.86362943271443, 80.75723223321086, 80.62926046008704, 86.91690799367598, 81.62135054802249, 82.05338900780907, 83.89121104902279, 83.47751755553108, 86.41364657620137, 81.09411668353924, 85.62845087543064, 82.34528188645254, 84.77544693652648]
2022-12-13 12:10:13,641 Train INFO: mean test reward2: [0.0, 0.0, 0.0, 0.0, 0.0, 0.0, 0.0, 0.0, 0.0, 0.0, 0.0, 0.0, 0.0, 0.0, 0.0, 0.0, 0.0, 0.0, 0.0, 0.0, 0.0, 0.0, 0.0, 0.0, 0.0, 0.0, 0.0, 0.0, 0.0, 0.0, 0.0, 0.0, 0.0, 0.0, 0.0, 0.0, 0.0, 0.0, 0.0, 0.0, 0.0, 0.0, 0.0, 0.0, 0.0, 0.0, 0.0, 0.0, 0.0, 0.0]
2022-12-13 12:10:13,642 Train INFO: mean test reward3: [0.0, 0.0, 0.0, 0.0, 0.0, 0.0, 0.0, 0.0, 0.0, 0.0, 0.0, 0.0, 0.0, 0.0, 0.0, 0.0, 0.0, 0.0, 0.0, 0.0, 0.0, 0.0, 0.0, 0.0, 0.0, 0.0, 0.0, 0.0, 0.0, 0.0, 0.0, 0.0, 0.0, 0.0, 0.0, 0.0, 0.0, 0.0, 0.0, 0.0, 0.0, 0.0, 0.0, 0.0, 0.0, 0.0, 0.0, 0.0, 0.0, 0.0]
2022-12-13 12:10:13,642 Train INFO: mean test reward4: [0.0, 0.0, 0.0, 0.0, 0.0, 0.0, 0.0, 0.0, 0.0, 0.0, 0.0, 0.0, 0.0, 0.0, 0.0, 0.0, 0.0, 0.0, 0.0, 0.0, 0.0, 0.0, 0.0, 0.0, 0.0, 0.0, 0.0, 0.0, 0.0, 0.0, 0.0, 0.0, 0.0, 0.0, 0.0, 0.0, 0.0, 0.0, 0.0, 0.0, 0.0, 0.0, 0.0, 0.0, 0.0, 0.0, 0.0, 0.0, 0.0, 0.0]
2022-12-13 12:10:13,643 Train INFO: mean test reward: 82.4746,0.0000,0.0000,0.0000
2022-12-13 12:10:13,646 Train INFO: test seed: 2************************************
2022-12-13 12:10:15,651 Train INFO: mean test reward1: [79.17477221444874, 77.14071671436447, 79.89342155844552, 73.01130279667981, 77.7023903280118, 77.622513069255, 80.18129504939795, 77.16810240883916, 80.34138696913463, 80.3424307789407, 82.58088500855396, 76.7711379039542, 78.61588357203969, 76.39827428690182, 75.25582923059709, 78.91420198481806, 82.12503814306847, 75.72446883832725, 78.638883864896, 82.57729179843426, 78.16929318930559, 74.51741825584044, 78.22354538628501, 80.73553702017463, 77.80734169525314, 82.86389599160258, 80.00459333568553, 73.80738316216012, 76.93628049513349, 76.61350201110679, 78.91669084922744, 76.89080220997299, 80.30926682252178, 82.12074320734985, 80.87015226766363, 73.1802380930068, 79.95246812561855, 78.5763645415629, 79.47471058919834, 69.34009050637836, 79.17048396977205, 78.1990853150367, 77.86337354576798, 77.6958238975621, 76.95645928866828, 75.16986844059491, 71.5254562954727, 79.68232187660006, 80.39668297592014, 79.57260265700339]
2022-12-13 12:10:15,651 Train INFO: mean test reward2: [0.0, 0.0, 0.0, 0.0, 0.0, 0.0, 0.0, 0.0, 0.0, 0.0, 0.0, 0.0, 0.0, 0.0, 0.0, 0.0, 0.0, 0.0, 0.0, 0.0, 0.0, 0.0, 0.0, 0.0, 0.0, 0.0, 0.0, 0.0, 0.0, 0.0, 0.0, 0.0, 0.0, 0.0, 0.0, 0.0, 0.0, 0.0, 0.0, 0.0, 0.0, 0.0, 0.0, 0.0, 0.0, 0.0, 0.0, 0.0, 0.0, 0.0]
2022-12-13 12:10:15,651 Train INFO: mean test reward3: [0.0, 0.0, 0.0, 0.0, 0.0, 0.0, 0.0, 0.0, 0.0, 0.0, 0.0, 0.0, 0.0, 0.0, 0.0, 0.0, 0.0, 0.0, 0.0, 0.0, 0.0, 0.0, 0.0, 0.0, 0.0, 0.0, 0.0, 0.0, 0.0, 0.0, 0.0, 0.0, 0.0, 0.0, 0.0, 0.0, 0.0, 0.0, 0.0, 0.0, 0.0, 0.0, 0.0, 0.0, 0.0, 0.0, 0.0, 0.0, 0.0, 0.0]
2022-12-13 12:10:15,651 Train INFO: mean test reward4: [0.0, 0.0, 0.0, 0.0, 0.0, 0.0, 0.0, 0.0, 0.0, 0.0, 0.0, 0.0, 0.0, 0.0, 0.0, 0.0, 0.0, 0.0, 0.0, 0.0, 0.0, 0.0, 0.0, 0.0, 0.0, 0.0, 0.0, 0.0, 0.0, 0.0, 0.0, 0.0, 0.0, 0.0, 0.0, 0.0, 0.0, 0.0, 0.0, 0.0, 0.0, 0.0, 0.0, 0.0, 0.0, 0.0, 0.0, 0.0, 0.0, 0.0]
2022-12-13 12:10:15,651 Train INFO: mean test reward: 78.1145,0.0000,0.0000,0.0000
2022-12-13 12:10:15,651 Train INFO: test seed: 3************************************
2022-12-13 12:10:17,672 Train INFO: mean test reward1: [81.94762961424587, 81.56329773060602, 79.86362943271442, 84.74104548367873, 82.67002951863017, 80.50785475316015, 83.31186809333359, 82.82303942287274, 84.7178603985612, 75.72446883832724, 83.67724974087042, 85.17011049203356, 88.42591542828247, 78.862438652248, 80.64102662868468, 81.38574742592105, 84.21638209510712, 78.33471716352506, 83.07626497123216, 86.65170685988767, 83.26515526694341, 83.77200320349577, 80.25777948375442, 83.0252639001653, 80.34243077894071, 80.34567521381133, 84.82165510942207, 83.08055321590886, 81.15316325071225, 80.59285206879746, 83.07177930408994, 87.96157250647582, 79.8846476466266, 86.60946982932545, 82.34528188645255, 80.29142301683189, 82.04105526702622, 75.7961862225013, 85.39284775332924, 84.0856863926747, 81.99005419595935, 80.25669474504485, 85.33646759445746, 80.3424307789407, 84.84039024448823, 84.98074382469561, 82.60708392416535, 78.88063946219549, 84.01366603956328, 86.47255954183846]
2022-12-13 12:10:17,673 Train INFO: mean test reward2: [0.0, 0.0, 0.0, 0.0, 0.0, 0.0, 0.0, 0.0, 0.0, 0.0, 0.0, 0.0, 0.0, 0.0, 0.0, 0.0, 0.0, 0.0, 0.0, 0.0, 0.0, 0.0, 0.0, 0.0, 0.0, 0.0, 0.0, 0.0, 0.0, 0.0, 0.0, 0.0, 0.0, 0.0, 0.0, 0.0, 0.0, 0.0, 0.0, 0.0, 0.0, 0.0, 0.0, 0.0, 0.0, 0.0, 0.0, 0.0, 0.0, 0.0]
2022-12-13 12:10:17,673 Train INFO: mean test reward3: [0.0, 0.0, 0.0, 0.0, 0.0, 0.0, 0.0, 0.0, 0.0, 0.0, 0.0, 0.0, 0.0, 0.0, 0.0, 0.0, 0.0, 0.0, 0.0, 0.0, 0.0, 0.0, 0.0, 0.0, 0.0, 0.0, 0.0, 0.0, 0.0, 0.0, 0.0, 0.0, 0.0, 0.0, 0.0, 0.0, 0.0, 0.0, 0.0, 0.0, 0.0, 0.0, 0.0, 0.0, 0.0, 0.0, 0.0, 0.0, 0.0, 0.0]
2022-12-13 12:10:17,674 Train INFO: mean test reward4: [0.0, 0.0, 0.0, 0.0, 0.0, 0.0, 0.0, 0.0, 0.0, 0.0, 0.0, 0.0, 0.0, 0.0, 0.0, 0.0, 0.0, 0.0, 0.0, 0.0, 0.0, 0.0, 0.0, 0.0, 0.0, 0.0, 0.0, 0.0, 0.0, 0.0, 0.0, 0.0, 0.0, 0.0, 0.0, 0.0, 0.0, 0.0, 0.0, 0.0, 0.0, 0.0, 0.0, 0.0, 0.0, 0.0, 0.0, 0.0, 0.0, 0.0]
2022-12-13 12:10:17,674 Train INFO: mean test reward: 82.5234,0.0000,0.0000,0.0000
2022-12-13 12:10:17,674 Train INFO: test seed: 4************************************
2022-12-13 12:10:19,636 Train INFO: mean test reward1: [80.99210785036354, 80.81914450555485, 82.81675698764101, 82.74653447075146, 78.44240792321524, 74.35255265198941, 86.75073336056515, 80.12599904261246, 82.01555138597182, 78.92642472093627, 81.14887500603554, 77.89981326812118, 85.75058603956212, 79.4111783548831, 82.15053533308092, 76.00112922719758, 84.5443294815673, 83.79645758639742, 79.70353751297775, 85.50843162524339, 80.34138696913463, 84.26738316617399, 82.43412057935663, 82.21777586326438, 81.06432455780813, 87.40551687443087, 82.88511162798027, 83.79391387443049, 81.17866713176666, 80.78273611426526, 82.57300355375757, 86.80542594206293, 81.48718199586965, 84.267383166174, 79.64507406493308, 80.34567521381132, 82.64950850587883, 80.02905340693388, 86.33549796399056, 83.84062670082066, 81.77895451411385, 80.75995616251943, 84.21638209510714, 78.67640620262618, 80.75723223321086, 86.03390365703042, 79.22623820718843, 86.025218209195, 82.75870417022458, 86.53933097100429]
2022-12-13 12:10:19,636 Train INFO: mean test reward2: [0.0, 0.0, 0.0, 0.0, 0.0, 0.0, 0.0, 0.0, 0.0, 0.0, 0.0, 0.0, 0.0, 0.0, 0.0, 0.0, 0.0, 0.0, 0.0, 0.0, 0.0, 0.0, 0.0, 0.0, 0.0, 0.0, 0.0, 0.0, 0.0, 0.0, 0.0, 0.0, 0.0, 0.0, 0.0, 0.0, 0.0, 0.0, 0.0, 0.0, 0.0, 0.0, 0.0, 0.0, 0.0, 0.0, 0.0, 0.0, 0.0, 0.0]
2022-12-13 12:10:19,636 Train INFO: mean test reward3: [0.0, 0.0, 0.0, 0.0, 0.0, 0.0, 0.0, 0.0, 0.0, 0.0, 0.0, 0.0, 0.0, 0.0, 0.0, 0.0, 0.0, 0.0, 0.0, 0.0, 0.0, 0.0, 0.0, 0.0, 0.0, 0.0, 0.0, 0.0, 0.0, 0.0, 0.0, 0.0, 0.0, 0.0, 0.0, 0.0, 0.0, 0.0, 0.0, 0.0, 0.0, 0.0, 0.0, 0.0, 0.0, 0.0, 0.0, 0.0, 0.0, 0.0]
2022-12-13 12:10:19,636 Train INFO: mean test reward4: [0.0, 0.0, 0.0, 0.0, 0.0, 0.0, 0.0, 0.0, 0.0, 0.0, 0.0, 0.0, 0.0, 0.0, 0.0, 0.0, 0.0, 0.0, 0.0, 0.0, 0.0, 0.0, 0.0, 0.0, 0.0, 0.0, 0.0, 0.0, 0.0, 0.0, 0.0, 0.0, 0.0, 0.0, 0.0, 0.0, 0.0, 0.0, 0.0, 0.0, 0.0, 0.0, 0.0, 0.0, 0.0, 0.0, 0.0, 0.0, 0.0, 0.0]
2022-12-13 12:10:19,636 Train INFO: mean test reward: 82.1005,0.0000,0.0000,0.0000
2022-12-13 12:10:19,637 Train INFO: test seed: 5************************************
2022-12-13 12:10:21,539 Train INFO: mean test reward1: [76.36515451759435, 76.19377813087745, 79.41995226670203, 79.67803363192333, 76.72565961879366, 78.6609632909966, 82.65379675055554, 75.11209605441802, 78.41971447916237, 78.15023455797795, 80.89883913692036, 77.22536800955075, 82.52303960145481, 80.31700389149778, 80.86528975975983, 75.73285736025639, 83.84062670082066, 75.20449901759217, 81.36426293255774, 84.2017295583874, 81.09411668353924, 83.45989512927308, 76.13952593389803, 80.15150292366684, 74.55749565668566, 83.65174585981603, 77.46081876569939, 77.98907196545426, 81.66447016429295, 80.78702435894195, 80.40155433972518, 80.37546733954242, 81.77409869725199, 73.93706247751135, 82.88209544475235, 77.20480678218074, 82.94164972374315, 80.35196026122088, 79.62378143494388, 77.67827607392421, 79.14602389852371, 73.28389333731036, 84.21638209510711, 80.65476434114146, 80.86100151508315, 81.7155515645539, 76.19793813007077, 78.08893013879604, 81.00513621477275, 80.84464838660925]
2022-12-13 12:10:21,539 Train INFO: mean test reward2: [0.0, 0.0, 0.0, 0.0, 0.0, 0.0, 0.0, 0.0, 0.0, 0.0, 0.0, 0.0, 0.0, 0.0, 0.0, 0.0, 0.0, 0.0, 0.0, 0.0, 0.0, 0.0, 0.0, 0.0, 0.0, 0.0, 0.0, 0.0, 0.0, 0.0, 0.0, 0.0, 0.0, 0.0, 0.0, 0.0, 0.0, 0.0, 0.0, 0.0, 0.0, 0.0, 0.0, 0.0, 0.0, 0.0, 0.0, 0.0, 0.0, 0.0]
2022-12-13 12:10:21,539 Train INFO: mean test reward3: [0.0, 0.0, 0.0, 0.0, 0.0, 0.0, 0.0, 0.0, 0.0, 0.0, 0.0, 0.0, 0.0, 0.0, 0.0, 0.0, 0.0, 0.0, 0.0, 0.0, 0.0, 0.0, 0.0, 0.0, 0.0, 0.0, 0.0, 0.0, 0.0, 0.0, 0.0, 0.0, 0.0, 0.0, 0.0, 0.0, 0.0, 0.0, 0.0, 0.0, 0.0, 0.0, 0.0, 0.0, 0.0, 0.0, 0.0, 0.0, 0.0, 0.0]
2022-12-13 12:10:21,539 Train INFO: mean test reward4: [0.0, 0.0, 0.0, 0.0, 0.0, 0.0, 0.0, 0.0, 0.0, 0.0, 0.0, 0.0, 0.0, 0.0, 0.0, 0.0, 0.0, 0.0, 0.0, 0.0, 0.0, 0.0, 0.0, 0.0, 0.0, 0.0, 0.0, 0.0, 0.0, 0.0, 0.0, 0.0, 0.0, 0.0, 0.0, 0.0, 0.0, 0.0, 0.0, 0.0, 0.0, 0.0, 0.0, 0.0, 0.0, 0.0, 0.0, 0.0, 0.0, 0.0]
2022-12-13 12:10:21,539 Train INFO: mean test reward: 79.4739,0.0000,0.0000,0.0000
2022-12-13 12:10:21,544 Train INFO: test seed: 6************************************
2022-12-13 12:10:23,282 Train INFO: mean test reward1: [80.37117909486574, 77.68704998574314, 78.38019544868555, 77.92869736378098, 78.84426362840918, 71.24895884642721, 78.16929318930559, 75.24962361892203, 78.4486671845161, 79.09605994622095, 81.25113217843206, 80.67111746961534, 81.33980286130938, 78.69748291168148, 79.59827755388949, 76.94571140303653, 76.73764696042922, 79.47471058919835, 81.03453243207703, 82.58088500855399, 82.78202140638301, 80.55275550796574, 79.56463402081202, 81.09891105373278, 77.17017620518347, 77.30664747404921, 78.88063946219552, 74.67652548603739, 77.6958238975621, 77.91019380038692, 77.6327977887637, 80.16785605214073, 79.58632923384826, 82.52303960145483, 81.26433502795224, 73.71203907891248, 78.16541457315249, 81.60233267352464, 78.03038969713988, 71.70088909873525, 78.59279852874634, 72.69265298107312, 82.41681066131268, 81.08152080649478, 82.19196616503788, 79.67803363192336, 74.3316469071541, 78.1144340198504, 80.70090959534646, 81.99935819026147]
2022-12-13 12:10:23,282 Train INFO: mean test reward2: [0.0, 0.0, 0.0, 0.0, 0.0, 0.0, 0.0, 0.0, 0.0, 0.0, 0.0, 0.0, 0.0, 0.0, 0.0, 0.0, 0.0, 0.0, 0.0, 0.0, 0.0, 0.0, 0.0, 0.0, 0.0, 0.0, 0.0, 0.0, 0.0, 0.0, 0.0, 0.0, 0.0, 0.0, 0.0, 0.0, 0.0, 0.0, 0.0, 0.0, 0.0, 0.0, 0.0, 0.0, 0.0, 0.0, 0.0, 0.0, 0.0, 0.0]
2022-12-13 12:10:23,282 Train INFO: mean test reward3: [0.0, 0.0, 0.0, 0.0, 0.0, 0.0, 0.0, 0.0, 0.0, 0.0, 0.0, 0.0, 0.0, 0.0, 0.0, 0.0, 0.0, 0.0, 0.0, 0.0, 0.0, 0.0, 0.0, 0.0, 0.0, 0.0, 0.0, 0.0, 0.0, 0.0, 0.0, 0.0, 0.0, 0.0, 0.0, 0.0, 0.0, 0.0, 0.0, 0.0, 0.0, 0.0, 0.0, 0.0, 0.0, 0.0, 0.0, 0.0, 0.0, 0.0]
2022-12-13 12:10:23,282 Train INFO: mean test reward4: [0.0, 0.0, 0.0, 0.0, 0.0, 0.0, 0.0, 0.0, 0.0, 0.0, 0.0, 0.0, 0.0, 0.0, 0.0, 0.0, 0.0, 0.0, 0.0, 0.0, 0.0, 0.0, 0.0, 0.0, 0.0, 0.0, 0.0, 0.0, 0.0, 0.0, 0.0, 0.0, 0.0, 0.0, 0.0, 0.0, 0.0, 0.0, 0.0, 0.0, 0.0, 0.0, 0.0, 0.0, 0.0, 0.0, 0.0, 0.0, 0.0, 0.0]
2022-12-13 12:10:23,283 Train INFO: mean test reward: 78.7516,0.0000,0.0000,0.0000
2022-12-13 12:10:23,283 Train INFO: test seed: 7************************************
2022-12-13 12:10:25,153 Train INFO: mean test reward1: [77.97519789277258, 79.39644518838048, 80.5621069501396, 78.22354538628502, 81.56329773060604, 76.67708529345778, 78.6726316003917, 76.62132228878858, 82.08995733186218, 78.59279852874636, 78.91669084922742, 80.36240518304679, 82.31977800539812, 77.41880508173605, 77.4570622320546, 77.69582389756208, 79.11664140131619, 76.91098100350777, 76.36163432839693, 83.42751168630492, 78.8880195269139, 79.89342155844554, 78.55811118586281, 82.05338900780906, 78.16051927748664, 80.76424440719614, 80.79468443430645, 77.3066474740492, 75.51653523996255, 80.06837501494516, 79.64824150619225, 82.89456819773288, 79.64507406493308, 81.66848955198407, 84.00099416858491, 76.34402208992238, 78.16051927748666, 78.89318377090586, 79.28104877453633, 78.13605920623833, 82.65240709237216, 77.55692040539638, 82.3789549618147, 82.4880269279588, 82.04528206503464, 80.50785475316016, 76.118964706528, 79.39444838564764, 80.87015226766364, 82.58088500855396]
2022-12-13 12:10:25,153 Train INFO: mean test reward2: [0.0, 0.0, 0.0, 0.0, 0.0, 0.0, 0.0, 0.0, 0.0, 0.0, 0.0, 0.0, 0.0, 0.0, 0.0, 0.0, 0.0, 0.0, 0.0, 0.0, 0.0, 0.0, 0.0, 0.0, 0.0, 0.0, 0.0, 0.0, 0.0, 0.0, 0.0, 0.0, 0.0, 0.0, 0.0, 0.0, 0.0, 0.0, 0.0, 0.0, 0.0, 0.0, 0.0, 0.0, 0.0, 0.0, 0.0, 0.0, 0.0, 0.0]
2022-12-13 12:10:25,156 Train INFO: mean test reward3: [0.0, 0.0, 0.0, 0.0, 0.0, 0.0, 0.0, 0.0, 0.0, 0.0, 0.0, 0.0, 0.0, 0.0, 0.0, 0.0, 0.0, 0.0, 0.0, 0.0, 0.0, 0.0, 0.0, 0.0, 0.0, 0.0, 0.0, 0.0, 0.0, 0.0, 0.0, 0.0, 0.0, 0.0, 0.0, 0.0, 0.0, 0.0, 0.0, 0.0, 0.0, 0.0, 0.0, 0.0, 0.0, 0.0, 0.0, 0.0, 0.0, 0.0]
2022-12-13 12:10:25,156 Train INFO: mean test reward4: [0.0, 0.0, 0.0, 0.0, 0.0, 0.0, 0.0, 0.0, 0.0, 0.0, 0.0, 0.0, 0.0, 0.0, 0.0, 0.0, 0.0, 0.0, 0.0, 0.0, 0.0, 0.0, 0.0, 0.0, 0.0, 0.0, 0.0, 0.0, 0.0, 0.0, 0.0, 0.0, 0.0, 0.0, 0.0, 0.0, 0.0, 0.0, 0.0, 0.0, 0.0, 0.0, 0.0, 0.0, 0.0, 0.0, 0.0, 0.0, 0.0, 0.0]
2022-12-13 12:10:25,156 Train INFO: mean test reward: 79.5526,0.0000,0.0000,0.0000
2022-12-13 12:10:25,156 Train INFO: test seed: 8************************************
2022-12-13 12:10:26,881 Train INFO: mean test reward1: [74.79172786103818, 75.6857885870174, 81.04311561247235, 77.6958238975621, 77.20480678218073, 75.12760358525098, 80.00776413240405, 75.48570717281974, 76.41023423655126, 78.32594325170614, 81.18671262787277, 80.95899096056775, 80.31692689788628, 78.47845931024717, 72.99678380648038, 77.73252827090367, 75.69456249883633, 82.31977800539813, 78.668343355715, 80.41732434907074, 79.58537624092149, 80.96327920524446, 77.67797332047768, 82.75870417022456, 76.94454762148715, 82.57729179843426, 78.6725546067802, 80.53166692302926, 77.97553052768471, 77.39946506736827, 78.44866718451608, 80.69175884276595, 80.5352280411302, 75.18381343859208, 76.07102197954055, 75.95526850820184, 80.10432381782553, 78.89914302558958, 81.71555156455392, 76.28624970374553, 79.95675637029525, 75.30639158710275, 80.55333303832064, 81.29690873301696, 82.64421982040366, 79.10031563339442, 74.57099380601099, 76.59213124482496, 79.17906045912545, 80.31708710020351]
2022-12-13 12:10:26,882 Train INFO: mean test reward2: [0.0, 0.0, 0.0, 0.0, 0.0, 0.0, 0.0, 0.0, 0.0, 0.0, 0.0, 0.0, 0.0, 0.0, 0.0, 0.0, 0.0, 0.0, 0.0, 0.0, 0.0, 0.0, 0.0, 0.0, 0.0, 0.0, 0.0, 0.0, 0.0, 0.0, 0.0, 0.0, 0.0, 0.0, 0.0, 0.0, 0.0, 0.0, 0.0, 0.0, 0.0, 0.0, 0.0, 0.0, 0.0, 0.0, 0.0, 0.0, 0.0, 0.0]
2022-12-13 12:10:26,882 Train INFO: mean test reward3: [0.0, 0.0, 0.0, 0.0, 0.0, 0.0, 0.0, 0.0, 0.0, 0.0, 0.0, 0.0, 0.0, 0.0, 0.0, 0.0, 0.0, 0.0, 0.0, 0.0, 0.0, 0.0, 0.0, 0.0, 0.0, 0.0, 0.0, 0.0, 0.0, 0.0, 0.0, 0.0, 0.0, 0.0, 0.0, 0.0, 0.0, 0.0, 0.0, 0.0, 0.0, 0.0, 0.0, 0.0, 0.0, 0.0, 0.0, 0.0, 0.0, 0.0]
2022-12-13 12:10:26,882 Train INFO: mean test reward4: [0.0, 0.0, 0.0, 0.0, 0.0, 0.0, 0.0, 0.0, 0.0, 0.0, 0.0, 0.0, 0.0, 0.0, 0.0, 0.0, 0.0, 0.0, 0.0, 0.0, 0.0, 0.0, 0.0, 0.0, 0.0, 0.0, 0.0, 0.0, 0.0, 0.0, 0.0, 0.0, 0.0, 0.0, 0.0, 0.0, 0.0, 0.0, 0.0, 0.0, 0.0, 0.0, 0.0, 0.0, 0.0, 0.0, 0.0, 0.0, 0.0, 0.0]
2022-12-13 12:10:26,882 Train INFO: mean test reward: 78.5809,0.0000,0.0000,0.0000
2022-12-13 12:10:26,882 Train INFO: test seed: 9************************************
2022-12-13 12:10:28,938 Train INFO: mean test reward1: [84.20803354549355, 82.59448804712088, 80.88201972899532, 80.52782915726624, 87.3833639922317, 83.04976734042121, 81.34734223189866, 83.05076109017776, 84.20776133609625, 83.45305748428275, 85.16653265124793, 85.1145283757179, 89.31338990796903, 83.98077897300567, 83.55402250765238, 79.86791767739112, 87.69776199762842, 85.64328698320499, 82.43412057935663, 87.17730735660541, 82.35761562723535, 88.96806287746409, 83.03313866391976, 82.97425613805648, 82.30661455616847, 83.12298725232893, 79.17048396977204, 81.53779384955162, 88.08954136349001, 82.38740775296647, 81.56329773060605, 85.49775517299824, 84.94059409796343, 85.89610917080384, 83.73862455868692, 87.06493146772206, 83.88196989411256, 84.56483870367697, 81.49536926783816, 86.87806514318846, 84.21638209510712, 79.95246812561855, 82.06255530733273, 80.3467190236174, 82.52200248269068, 87.38090683064681, 83.0040482637876, 87.645408241209, 85.6758258464314, 87.84025518711965]
2022-12-13 12:10:28,938 Train INFO: mean test reward2: [0.0, 0.0, 0.0, 0.0, 0.0, 0.0, 0.0, 0.0, 0.0, 0.0, 0.0, 0.0, 0.0, 0.0, 0.0, 0.0, 0.0, 0.0, 0.0, 0.0, 0.0, 0.0, 0.0, 0.0, 0.0, 0.0, 0.0, 0.0, 0.0, 0.0, 0.0, 0.0, 0.0, 0.0, 0.0, 0.0, 0.0, 0.0, 0.0, 0.0, 0.0, 0.0, 0.0, 0.0, 0.0, 0.0, 0.0, 0.0, 0.0, 0.0]
2022-12-13 12:10:28,938 Train INFO: mean test reward3: [0.0, 0.0, 0.0, 0.0, 0.0, 0.0, 0.0, 0.0, 0.0, 0.0, 0.0, 0.0, 0.0, 0.0, 0.0, 0.0, 0.0, 0.0, 0.0, 0.0, 0.0, 0.0, 0.0, 0.0, 0.0, 0.0, 0.0, 0.0, 0.0, 0.0, 0.0, 0.0, 0.0, 0.0, 0.0, 0.0, 0.0, 0.0, 0.0, 0.0, 0.0, 0.0, 0.0, 0.0, 0.0, 0.0, 0.0, 0.0, 0.0, 0.0]
2022-12-13 12:10:28,938 Train INFO: mean test reward4: [0.0, 0.0, 0.0, 0.0, 0.0, 0.0, 0.0, 0.0, 0.0, 0.0, 0.0, 0.0, 0.0, 0.0, 0.0, 0.0, 0.0, 0.0, 0.0, 0.0, 0.0, 0.0, 0.0, 0.0, 0.0, 0.0, 0.0, 0.0, 0.0, 0.0, 0.0, 0.0, 0.0, 0.0, 0.0, 0.0, 0.0, 0.0, 0.0, 0.0, 0.0, 0.0, 0.0, 0.0, 0.0, 0.0, 0.0, 0.0, 0.0, 0.0]
2022-12-13 12:10:28,938 Train INFO: mean test reward: 84.0154,0.0000,0.0000,0.0000
2022-12-13 12:10:28,939 Train INFO: test seed: 10************************************
2022-12-13 12:10:30,967 Train INFO: mean test reward1: [83.34884705023472, 78.59295873106358, 86.41699757505656, 85.4312210570828, 81.12337112498113, 81.36426293255774, 81.99005419595936, 82.24756798899548, 86.65081302261733, 82.7831027948046, 88.01168372601616, 82.54819429854933, 87.80398220434199, 79.85597632431305, 87.58492603470445, 82.57729179843427, 85.7737757748561, 84.71991748596604, 86.42260350479187, 86.72797449875854, 83.78854424133219, 86.57095417982724, 85.44884348334081, 87.06493146772203, 85.38520439202532, 84.49332841050041, 82.57300355375757, 87.53708307440692, 83.7587521156011, 84.60197893822317, 81.45310162546185, 81.74916238838277, 81.60113535244325, 88.76000106798566, 84.58176374264396, 83.28528282385761, 85.44884348334081, 79.81229045245666, 82.86346981403119, 80.10153897136409, 82.11673051070069, 82.54749967270314, 84.6765172052693, 81.35219804876054, 85.33646759445747, 81.81756039772958, 79.47471058919834, 84.79186298369096, 80.95088401779331, 88.14289158061132]
2022-12-13 12:10:30,972 Train INFO: mean test reward2: [0.0, 0.0, 0.0, 0.0, 0.0, 0.0, 0.0, 0.0, 0.0, 0.0, 0.0, 0.0, 0.0, 0.0, 0.0, 0.0, 0.0, 0.0, 0.0, 0.0, 0.0, 0.0, 0.0, 0.0, 0.0, 0.0, 0.0, 0.0, 0.0, 0.0, 0.0, 0.0, 0.0, 0.0, 0.0, 0.0, 0.0, 0.0, 0.0, 0.0, 0.0, 0.0, 0.0, 0.0, 0.0, 0.0, 0.0, 0.0, 0.0, 0.0]
2022-12-13 12:10:30,973 Train INFO: mean test reward3: [0.0, 0.0, 0.0, 0.0, 0.0, 0.0, 0.0, 0.0, 0.0, 0.0, 0.0, 0.0, 0.0, 0.0, 0.0, 0.0, 0.0, 0.0, 0.0, 0.0, 0.0, 0.0, 0.0, 0.0, 0.0, 0.0, 0.0, 0.0, 0.0, 0.0, 0.0, 0.0, 0.0, 0.0, 0.0, 0.0, 0.0, 0.0, 0.0, 0.0, 0.0, 0.0, 0.0, 0.0, 0.0, 0.0, 0.0, 0.0, 0.0, 0.0]
2022-12-13 12:10:30,973 Train INFO: mean test reward4: [0.0, 0.0, 0.0, 0.0, 0.0, 0.0, 0.0, 0.0, 0.0, 0.0, 0.0, 0.0, 0.0, 0.0, 0.0, 0.0, 0.0, 0.0, 0.0, 0.0, 0.0, 0.0, 0.0, 0.0, 0.0, 0.0, 0.0, 0.0, 0.0, 0.0, 0.0, 0.0, 0.0, 0.0, 0.0, 0.0, 0.0, 0.0, 0.0, 0.0, 0.0, 0.0, 0.0, 0.0, 0.0, 0.0, 0.0, 0.0, 0.0, 0.0]
2022-12-13 12:10:30,973 Train INFO: mean test reward: 83.8812,0.0000,0.0000,0.0000
2022-12-13 12:10:30,974 Train INFO: test seed: 11************************************
2022-12-13 12:10:32,892 Train INFO: mean test reward1: [77.08345111365286, 74.92310742922662, 77.68704998574317, 78.16929318930558, 75.81542540864827, 71.11300292147581, 82.04105526702625, 77.96642398095366, 76.39410722294807, 78.862438652248, 79.86791767739113, 78.64276248104909, 80.08959065132287, 73.462879669214, 75.99406178419393, 71.04723085973755, 76.759718995489, 73.32513995859766, 78.30431806531823, 79.86791767739113, 78.42420711326776, 79.65252975086892, 74.73929685220232, 76.12248489572545, 65.23125619030642, 81.97657823851567, 79.50562016288764, 77.61117260237583, 77.6958238975621, 78.61139790489747, 79.88464764662662, 75.38875644328836, 79.39016014097093, 78.58513845338183, 75.91186401938563, 75.99235531537867, 75.79618622250132, 75.91186401938562, 78.90791693740849, 74.25406305497145, 77.96642398095364, 78.82638726521604, 80.8201883153609, 80.15150292366685, 80.70861718226172, 79.75880631095653, 77.67136382631375, 77.58250128006226, 79.65252975086895, 82.86280505537763]
2022-12-13 12:10:32,893 Train INFO: mean test reward2: [0.0, 0.0, 0.0, 0.0, 0.0, 0.0, 0.0, 0.0, 0.0, 0.0, 0.0, 0.0, 0.0, 0.0, 0.0, 0.0, 0.0, 0.0, 0.0, 0.0, 0.0, 0.0, 0.0, 0.0, 0.0, 0.0, 0.0, 0.0, 0.0, 0.0, 0.0, 0.0, 0.0, 0.0, 0.0, 0.0, 0.0, 0.0, 0.0, 0.0, 0.0, 0.0, 0.0, 0.0, 0.0, 0.0, 0.0, 0.0, 0.0, 0.0]
2022-12-13 12:10:32,893 Train INFO: mean test reward3: [0.0, 0.0, 0.0, 0.0, 0.0, 0.0, 0.0, 0.0, 0.0, 0.0, 0.0, 0.0, 0.0, 0.0, 0.0, 0.0, 0.0, 0.0, 0.0, 0.0, 0.0, 0.0, 0.0, 0.0, 0.0, 0.0, 0.0, 0.0, 0.0, 0.0, 0.0, 0.0, 0.0, 0.0, 0.0, 0.0, 0.0, 0.0, 0.0, 0.0, 0.0, 0.0, 0.0, 0.0, 0.0, 0.0, 0.0, 0.0, 0.0, 0.0]
2022-12-13 12:10:32,893 Train INFO: mean test reward4: [0.0, 0.0, 0.0, 0.0, 0.0, 0.0, 0.0, 0.0, 0.0, 0.0, 0.0, 0.0, 0.0, 0.0, 0.0, 0.0, 0.0, 0.0, 0.0, 0.0, 0.0, 0.0, 0.0, 0.0, 0.0, 0.0, 0.0, 0.0, 0.0, 0.0, 0.0, 0.0, 0.0, 0.0, 0.0, 0.0, 0.0, 0.0, 0.0, 0.0, 0.0, 0.0, 0.0, 0.0, 0.0, 0.0, 0.0, 0.0, 0.0, 0.0]
2022-12-13 12:10:32,893 Train INFO: mean test reward: 77.4602,0.0000,0.0000,0.0000
2022-12-13 12:10:32,893 Train INFO: test seed: 12************************************
2022-12-13 12:10:34,806 Train INFO: mean test reward1: [81.80318909738415, 77.36282510886336, 84.20803354549354, 78.64276248104908, 77.115924008204, 79.61957018387866, 84.10829445090043, 77.32853102616863, 84.6794870948076, 80.64990183323766, 85.98689011084804, 84.92974275362873, 82.72245982024468, 82.27306517900794, 79.95246812561852, 81.37283942191112, 82.69024471420941, 82.35761562723538, 83.0076414739073, 87.95770128651725, 83.97851592546503, 78.6427624810491, 81.55012759033445, 87.59353887845919, 79.67374538724663, 85.25586182066179, 81.16951637918613, 79.20027609550314, 75.98123061988709, 79.81366548041167, 78.6427624810491, 82.57300355375757, 79.23006822123426, 83.4853990103275, 79.4296861384109, 82.70770309915768, 85.60892824270856, 80.55677489565683, 82.29856906006236, 83.12726604229901, 78.75684747501083, 79.17048396977205, 82.38311950828978, 81.68997404534741, 81.4102878263635, 85.4000318208346, 79.19150218368422, 79.89770980312223, 82.01555138597185, 82.17175096945863]
2022-12-13 12:10:34,806 Train INFO: mean test reward2: [0.0, 0.0, 0.0, 0.0, 0.0, 0.0, 0.0, 0.0, 0.0, 0.0, 0.0, 0.0, 0.0, 0.0, 0.0, 0.0, 0.0, 0.0, 0.0, 0.0, 0.0, 0.0, 0.0, 0.0, 0.0, 0.0, 0.0, 0.0, 0.0, 0.0, 0.0, 0.0, 0.0, 0.0, 0.0, 0.0, 0.0, 0.0, 0.0, 0.0, 0.0, 0.0, 0.0, 0.0, 0.0, 0.0, 0.0, 0.0, 0.0, 0.0]
2022-12-13 12:10:34,806 Train INFO: mean test reward3: [0.0, 0.0, 0.0, 0.0, 0.0, 0.0, 0.0, 0.0, 0.0, 0.0, 0.0, 0.0, 0.0, 0.0, 0.0, 0.0, 0.0, 0.0, 0.0, 0.0, 0.0, 0.0, 0.0, 0.0, 0.0, 0.0, 0.0, 0.0, 0.0, 0.0, 0.0, 0.0, 0.0, 0.0, 0.0, 0.0, 0.0, 0.0, 0.0, 0.0, 0.0, 0.0, 0.0, 0.0, 0.0, 0.0, 0.0, 0.0, 0.0, 0.0]
2022-12-13 12:10:34,806 Train INFO: mean test reward4: [0.0, 0.0, 0.0, 0.0, 0.0, 0.0, 0.0, 0.0, 0.0, 0.0, 0.0, 0.0, 0.0, 0.0, 0.0, 0.0, 0.0, 0.0, 0.0, 0.0, 0.0, 0.0, 0.0, 0.0, 0.0, 0.0, 0.0, 0.0, 0.0, 0.0, 0.0, 0.0, 0.0, 0.0, 0.0, 0.0, 0.0, 0.0, 0.0, 0.0, 0.0, 0.0, 0.0, 0.0, 0.0, 0.0, 0.0, 0.0, 0.0, 0.0]
2022-12-13 12:10:34,806 Train INFO: mean test reward: 81.6275,0.0000,0.0000,0.0000
2022-12-13 12:10:34,807 Train INFO: test seed: 13************************************
2022-12-13 12:10:36,323 Train INFO: mean test reward1: [79.87220592206783, 77.22536800955073, 67.51980858719654, 80.32750018997254, 80.33861208084295, 74.78594454288766, 76.91975491532669, 75.92063793120458, 77.89406678678372, 79.33590794399149, 78.20460793568031, 76.4483594199275, 78.16541457315249, 71.27967710210413, 74.87923576451293, 72.08562210553515, 78.47326222873511, 79.41995226670204, 76.67708529345778, 82.66972370145807, 75.38875644328836, 77.6958238975621, 77.33983165819333, 78.23578968837829, 74.46199665333616, 82.64950850587886, 80.76107361047765, 76.27842942606378, 77.6958238975621, 73.58766787221977, 78.1948740639715, 78.91669084922744, 71.36117343177334, 74.92719881872598, 81.82566734050405, 72.56786530909757, 81.93904643385055, 79.58632923384828, 75.25101673267203, 76.15143760107917, 76.29860821959855, 73.77491589158444, 78.42420711326776, 73.4206148138701, 81.17437888708994, 80.45572954309316, 70.77936156877443, 77.08345111365286, 79.1659983026298, 78.88066524830423]
2022-12-13 12:10:36,323 Train INFO: mean test reward2: [0.0, 0.0, 0.0, 0.0, 0.0, 0.0, 0.0, 0.0, 0.0, 0.0, 0.0, 0.0, 0.0, 0.0, 0.0, 0.0, 0.0, 0.0, 0.0, 0.0, 0.0, 0.0, 0.0, 0.0, 0.0, 0.0, 0.0, 0.0, 0.0, 0.0, 0.0, 0.0, 0.0, 0.0, 0.0, 0.0, 0.0, 0.0, 0.0, 0.0, 0.0, 0.0, 0.0, 0.0, 0.0, 0.0, 0.0, 0.0, 0.0, 0.0]
2022-12-13 12:10:36,325 Train INFO: mean test reward3: [0.0, 0.0, 0.0, 0.0, 0.0, 0.0, 0.0, 0.0, 0.0, 0.0, 0.0, 0.0, 0.0, 0.0, 0.0, 0.0, 0.0, 0.0, 0.0, 0.0, 0.0, 0.0, 0.0, 0.0, 0.0, 0.0, 0.0, 0.0, 0.0, 0.0, 0.0, 0.0, 0.0, 0.0, 0.0, 0.0, 0.0, 0.0, 0.0, 0.0, 0.0, 0.0, 0.0, 0.0, 0.0, 0.0, 0.0, 0.0, 0.0, 0.0]
2022-12-13 12:10:36,325 Train INFO: mean test reward4: [0.0, 0.0, 0.0, 0.0, 0.0, 0.0, 0.0, 0.0, 0.0, 0.0, 0.0, 0.0, 0.0, 0.0, 0.0, 0.0, 0.0, 0.0, 0.0, 0.0, 0.0, 0.0, 0.0, 0.0, 0.0, 0.0, 0.0, 0.0, 0.0, 0.0, 0.0, 0.0, 0.0, 0.0, 0.0, 0.0, 0.0, 0.0, 0.0, 0.0, 0.0, 0.0, 0.0, 0.0, 0.0, 0.0, 0.0, 0.0, 0.0, 0.0]
2022-12-13 12:10:36,325 Train INFO: mean test reward: 77.0543,0.0000,0.0000,0.0000
2022-12-13 12:10:36,326 Train INFO: test seed: 14************************************
2022-12-13 12:10:38,082 Train INFO: mean test reward1: [66.43487282396062, 77.20480678218073, 80.39668297592013, 75.90127105385581, 78.8645124485923, 74.53636322901373, 80.12599904261243, 77.3932242070702, 79.65252975086894, 76.91098100350777, 80.62926046008707, 75.09096362674606, 81.84344300848366, 67.41701303667398, 76.73502296288419, 68.9000643904749, 75.68674222115459, 80.56734818774306, 77.14071671436447, 79.41995226670205, 78.58513845338182, 78.16051927748664, 75.92550626393627, 77.09479158053207, 75.87055279817888, 78.22354538628504, 77.44747640404965, 76.2865688612156, 77.21358069399969, 79.09364110845988, 78.85366474042907, 79.9741942374787, 69.15487354505895, 78.53088625640238, 75.93022375920953, 72.26840550840058, 79.80600540504716, 76.83862380933785, 76.60640332942859, 77.61497417461341, 74.31247525114415, 73.1771982030784, 76.41023423655128, 75.40944202228843, 78.86872369965754, 77.89795224512312, 72.73353405211839, 77.36282510886336, 79.17477221444875, 78.24129195651983]
2022-12-13 12:10:38,083 Train INFO: mean test reward2: [0.0, 0.0, 0.0, 0.0, 0.0, 0.0, 0.0, 0.0, 0.0, 0.0, 0.0, 0.0, 0.0, 0.0, 0.0, 0.0, 0.0, 0.0, 0.0, 0.0, 0.0, 0.0, 0.0, 0.0, 0.0, 0.0, 0.0, 0.0, 0.0, 0.0, 0.0, 0.0, 0.0, 0.0, 0.0, 0.0, 0.0, 0.0, 0.0, 0.0, 0.0, 0.0, 0.0, 0.0, 0.0, 0.0, 0.0, 0.0, 0.0, 0.0]
2022-12-13 12:10:38,083 Train INFO: mean test reward3: [0.0, 0.0, 0.0, 0.0, 0.0, 0.0, 0.0, 0.0, 0.0, 0.0, 0.0, 0.0, 0.0, 0.0, 0.0, 0.0, 0.0, 0.0, 0.0, 0.0, 0.0, 0.0, 0.0, 0.0, 0.0, 0.0, 0.0, 0.0, 0.0, 0.0, 0.0, 0.0, 0.0, 0.0, 0.0, 0.0, 0.0, 0.0, 0.0, 0.0, 0.0, 0.0, 0.0, 0.0, 0.0, 0.0, 0.0, 0.0, 0.0, 0.0]
2022-12-13 12:10:38,083 Train INFO: mean test reward4: [0.0, 0.0, 0.0, 0.0, 0.0, 0.0, 0.0, 0.0, 0.0, 0.0, 0.0, 0.0, 0.0, 0.0, 0.0, 0.0, 0.0, 0.0, 0.0, 0.0, 0.0, 0.0, 0.0, 0.0, 0.0, 0.0, 0.0, 0.0, 0.0, 0.0, 0.0, 0.0, 0.0, 0.0, 0.0, 0.0, 0.0, 0.0, 0.0, 0.0, 0.0, 0.0, 0.0, 0.0, 0.0, 0.0, 0.0, 0.0, 0.0, 0.0]
2022-12-13 12:10:38,083 Train INFO: mean test reward: 76.6784,0.0000,0.0000,0.0000
2022-12-13 12:10:38,083 Train INFO: test seed: 15************************************
2022-12-13 12:10:39,945 Train INFO: mean test reward1: [67.15992341530986, 75.51653523996252, 81.53779384955162, 72.1013425341266, 78.38896936050448, 75.92063793120457, 81.53779384955163, 68.74879426921278, 74.83479585555186, 80.16785605214075, 80.36689085018905, 80.30926682252176, 78.25358605753621, 78.86243865224797, 68.86845136487749, 67.30387337020022, 77.89406678678374, 71.7495076668277, 73.10162357315758, 82.931136521786, 79.17581602425481, 79.3359079439915, 72.99022229365654, 78.14483311805725, 75.07436943724537, 80.08330560391335, 74.31482603481676, 75.99000453170606, 76.40855900641057, 77.0869713028503, 75.91186401938563, 77.97519789277258, 80.03762989628729, 73.86731885475857, 80.4057655907904, 71.10552185732104, 79.381386229152, 78.68824076620959, 76.0300819325513, 72.45922444692064, 72.12646071195175, 76.00112922719758, 75.19583055228019, 74.34801441381816, 76.9197549153267, 79.91443977235772, 74.38728867549364, 75.96404242002076, 79.87220592206783, 77.65099859871124]
2022-12-13 12:10:39,946 Train INFO: mean test reward2: [0.0, 0.0, 0.0, 0.0, 0.0, 0.0, 0.0, 0.0, 0.0, 0.0, 0.0, 0.0, 0.0, 0.0, 0.0, 0.0, 0.0, 0.0, 0.0, 0.0, 0.0, 0.0, 0.0, 0.0, 0.0, 0.0, 0.0, 0.0, 0.0, 0.0, 0.0, 0.0, 0.0, 0.0, 0.0, 0.0, 0.0, 0.0, 0.0, 0.0, 0.0, 0.0, 0.0, 0.0, 0.0, 0.0, 0.0, 0.0, 0.0, 0.0]
2022-12-13 12:10:39,946 Train INFO: mean test reward3: [0.0, 0.0, 0.0, 0.0, 0.0, 0.0, 0.0, 0.0, 0.0, 0.0, 0.0, 0.0, 0.0, 0.0, 0.0, 0.0, 0.0, 0.0, 0.0, 0.0, 0.0, 0.0, 0.0, 0.0, 0.0, 0.0, 0.0, 0.0, 0.0, 0.0, 0.0, 0.0, 0.0, 0.0, 0.0, 0.0, 0.0, 0.0, 0.0, 0.0, 0.0, 0.0, 0.0, 0.0, 0.0, 0.0, 0.0, 0.0, 0.0, 0.0]
2022-12-13 12:10:39,946 Train INFO: mean test reward4: [0.0, 0.0, 0.0, 0.0, 0.0, 0.0, 0.0, 0.0, 0.0, 0.0, 0.0, 0.0, 0.0, 0.0, 0.0, 0.0, 0.0, 0.0, 0.0, 0.0, 0.0, 0.0, 0.0, 0.0, 0.0, 0.0, 0.0, 0.0, 0.0, 0.0, 0.0, 0.0, 0.0, 0.0, 0.0, 0.0, 0.0, 0.0, 0.0, 0.0, 0.0, 0.0, 0.0, 0.0, 0.0, 0.0, 0.0, 0.0, 0.0, 0.0]
2022-12-13 12:10:39,946 Train INFO: mean test reward: 76.2480,0.0000,0.0000,0.0000
2022-12-13 12:10:39,946 Train INFO: test seed: 16************************************
2022-12-13 12:10:42,037 Train INFO: mean test reward1: [81.99863068531276, 76.69670691343995, 81.79699601819048, 79.6237814349439, 78.2357896883783, 80.02905340693388, 84.47211277412273, 80.14701725652459, 82.07889288886346, 77.036673597333, 82.10382250669075, 81.19100087254945, 82.07078594608903, 79.7855197235165, 78.55439333472394, 77.64157170058265, 83.02955214484197, 85.70924284627026, 80.03438546141666, 83.08055321590886, 79.92321368417666, 84.0338052412086, 79.94440211174758, 79.65465989293806, 79.17048396977204, 83.0040482637876, 82.31977800539813, 79.41995226670205, 77.37209177939825, 76.85475082294104, 80.46001778776986, 82.17603921413536, 84.0040131154775, 79.83916936146612, 76.48298999692477, 77.85247395996261, 79.25125664880521, 78.34100221093456, 77.97553052768471, 76.4745985189411, 78.14483311805725, 79.3657000697226, 82.46781173237957, 82.36549708203178, 83.18539918890956, 78.80481462458074, 77.08345111365288, 76.72149961960041, 80.90798988950088, 82.58088500855398]
2022-12-13 12:10:42,038 Train INFO: mean test reward2: [0.0, 0.0, 0.0, 0.0, 0.0, 0.0, 0.0, 0.0, 0.0, 0.0, 0.0, 0.0, 0.0, 0.0, 0.0, 0.0, 0.0, 0.0, 0.0, 0.0, 0.0, 0.0, 0.0, 0.0, 0.0, 0.0, 0.0, 0.0, 0.0, 0.0, 0.0, 0.0, 0.0, 0.0, 0.0, 0.0, 0.0, 0.0, 0.0, 0.0, 0.0, 0.0, 0.0, 0.0, 0.0, 0.0, 0.0, 0.0, 0.0, 0.0]
2022-12-13 12:10:42,038 Train INFO: mean test reward3: [0.0, 0.0, 0.0, 0.0, 0.0, 0.0, 0.0, 0.0, 0.0, 0.0, 0.0, 0.0, 0.0, 0.0, 0.0, 0.0, 0.0, 0.0, 0.0, 0.0, 0.0, 0.0, 0.0, 0.0, 0.0, 0.0, 0.0, 0.0, 0.0, 0.0, 0.0, 0.0, 0.0, 0.0, 0.0, 0.0, 0.0, 0.0, 0.0, 0.0, 0.0, 0.0, 0.0, 0.0, 0.0, 0.0, 0.0, 0.0, 0.0, 0.0]
2022-12-13 12:10:42,038 Train INFO: mean test reward4: [0.0, 0.0, 0.0, 0.0, 0.0, 0.0, 0.0, 0.0, 0.0, 0.0, 0.0, 0.0, 0.0, 0.0, 0.0, 0.0, 0.0, 0.0, 0.0, 0.0, 0.0, 0.0, 0.0, 0.0, 0.0, 0.0, 0.0, 0.0, 0.0, 0.0, 0.0, 0.0, 0.0, 0.0, 0.0, 0.0, 0.0, 0.0, 0.0, 0.0, 0.0, 0.0, 0.0, 0.0, 0.0, 0.0, 0.0, 0.0, 0.0, 0.0]
2022-12-13 12:10:42,038 Train INFO: mean test reward: 80.2300,0.0000,0.0000,0.0000
2022-12-13 12:10:42,038 Train INFO: test seed: 17************************************
2022-12-13 12:10:44,155 Train INFO: mean test reward1: [81.99863068531273, 78.647210928043, 85.22650090384069, 84.60197893822317, 82.29531793414978, 80.84464838660924, 82.60279567948865, 80.93348707951334, 80.53231482440849, 81.6432612189572, 85.23218625903452, 81.63897297428049, 84.39489741811036, 79.64507406493307, 79.36570006972259, 77.69582389756208, 81.90119073435257, 80.65476434114144, 84.69773560531168, 88.73335359263298, 83.84062670082066, 87.36417368113898, 79.92321368417664, 84.00449974003956, 80.06865639798534, 81.36855117723444, 81.57187421995944, 78.70130292270525, 80.48065916092047, 83.070976285757, 82.54749967270315, 81.14887500603554, 83.91644372035753, 83.37372050873518, 82.23995774391875, 80.56535138501025, 83.00404826378758, 83.55402250765238, 80.81914450555482, 81.07060960521767, 82.94556926879977, 77.89199299043943, 82.38311950828978, 82.55665042528365, 84.27823451050867, 86.42260350479187, 80.56210695013961, 78.72680680375963, 82.81416421831979, 83.04450182887692]
2022-12-13 12:10:44,156 Train INFO: mean test reward2: [0.0, 0.0, 0.0, 0.0, 0.0, 0.0, 0.0, 0.0, 0.0, 0.0, 0.0, 0.0, 0.0, 0.0, 0.0, 0.0, 0.0, 0.0, 0.0, 0.0, 0.0, 0.0, 0.0, 0.0, 0.0, 0.0, 0.0, 0.0, 0.0, 0.0, 0.0, 0.0, 0.0, 0.0, 0.0, 0.0, 0.0, 0.0, 0.0, 0.0, 0.0, 0.0, 0.0, 0.0, 0.0, 0.0, 0.0, 0.0, 0.0, 0.0]
2022-12-13 12:10:44,156 Train INFO: mean test reward3: [0.0, 0.0, 0.0, 0.0, 0.0, 0.0, 0.0, 0.0, 0.0, 0.0, 0.0, 0.0, 0.0, 0.0, 0.0, 0.0, 0.0, 0.0, 0.0, 0.0, 0.0, 0.0, 0.0, 0.0, 0.0, 0.0, 0.0, 0.0, 0.0, 0.0, 0.0, 0.0, 0.0, 0.0, 0.0, 0.0, 0.0, 0.0, 0.0, 0.0, 0.0, 0.0, 0.0, 0.0, 0.0, 0.0, 0.0, 0.0, 0.0, 0.0]
2022-12-13 12:10:44,156 Train INFO: mean test reward4: [0.0, 0.0, 0.0, 0.0, 0.0, 0.0, 0.0, 0.0, 0.0, 0.0, 0.0, 0.0, 0.0, 0.0, 0.0, 0.0, 0.0, 0.0, 0.0, 0.0, 0.0, 0.0, 0.0, 0.0, 0.0, 0.0, 0.0, 0.0, 0.0, 0.0, 0.0, 0.0, 0.0, 0.0, 0.0, 0.0, 0.0, 0.0, 0.0, 0.0, 0.0, 0.0, 0.0, 0.0, 0.0, 0.0, 0.0, 0.0, 0.0, 0.0]
2022-12-13 12:10:44,156 Train INFO: mean test reward: 82.1509,0.0000,0.0000,0.0000
2022-12-13 12:10:44,157 Train INFO: test seed: 18************************************
