2022-12-11 17:19:18,070 Train INFO: Namespace(logger=<Logger Train (INFO)>, name='A2C2022-12-11-17-19-18', gpu='0', device=device(type='cuda', index=0), gamma=1, epoch_num=3000, test_episode=50, val_episode=50, test_size=0.1, val_size=0.5, batch_size=50, train_batch_size=50, num_steps=10, h=1, w=[120, 50], nn_out=40, share_lr=0.0001, actor_lr=1e-05, critic_lr=0.01, step=10, lr_min=1e-05, e_rate=0.001, a_rate=1, c_rate=1, lr_decay_lambda=0.999, duse_T=True, est_T=False, use_pref=False, same_price=False, use_price=True, only_test=True, test_benchmark=True, change_T=True, num='106', print_grad=False, max_norm=10, seed_range=20, net_seed=10, seed=0, info=True, selling_length=200, cardinality=4, ini_inv=2, num_products=100, number_samples=10000, num_cus_types=8, seg_prob=None, num_cus_features=4, MNLdata=10000, p_file='../Gene_databeta/simul/p10_random.npy', c_file='../Gene_databeta/simul/c4_random.npy')
2022-12-11 17:19:18,070 Train INFO: log/A2C2022-12-11-17-19-18
2022-12-11 17:19:21,528 Train INFO: products price: [1649.73814547 1127.61563842  931.02871698 1360.34237971  725.13091995
  923.26577906 1048.06358099 1335.59336555 1195.40725861 1064.01482778
  911.06874296 1048.7285084   862.45852977  562.0352617  1338.46425903
  990.15321765  520.29278707 1208.23053483 1211.78612974 1415.52984074
  793.16221683 1876.27989159 1532.58284504  955.82118943 1761.86348334
  839.64872328  552.35384058 1249.34487063  512.10224121 1264.40811504
  800.71457455 1724.21396565 1820.46937714 1053.61927862 1303.52226404
  687.23532693  553.41199285 1166.92080199  888.36091138 1555.51175855
  945.60906956  904.8232257   185.11950973  956.00340393  921.97706365
  777.00211129 1233.85864419 1855.13122698 1247.19421357  809.85084994
  477.38637086 1180.64638022  688.85646935 1821.84964101 1336.34462326
 1180.51360642  846.06710047  671.01312444  972.26852132  920.40072648
 1206.16552071 1416.03566126 1211.55189823  896.40685864 1067.94770214
 1577.1507714  1254.63336377 1273.60053127  109.15494726 1404.48282551
 1341.31287433  440.47487253 1148.9827406  1464.57599267 1204.3751098
  570.81428852  460.8940235  1490.06233971 1354.33031959  984.32869752
 1393.98066869  796.41108887 1427.58864888 1277.02973902 1164.10629816
 1159.15216995 1300.53489406 1407.42098991  808.96765814  987.27313092
  169.27919123  946.08274828 1174.39447852  944.25927782 1517.41984827
 1615.68280386  142.22238131  657.0012701  1487.17636032 1170.3680706 ]
2022-12-11 17:19:21,529 Train INFO: seg_prob [0.09764755 0.15409284 0.11327223 0.0965834  0.06760932 0.12737399
 0.07061169 0.27280898]
2022-12-11 17:19:21,529 Train INFO: Load Factor 1.0
2022-12-11 17:19:21,534 Train INFO: test seed: 0************************************
2022-12-11 18:13:12,507 Train INFO: mean test reward1: [0.0, 0.0, 0.0, 0.0, 0.0, 0.0, 0.0, 0.0, 0.0, 0.0, 0.0, 0.0, 0.0, 0.0, 0.0, 0.0, 0.0, 0.0, 0.0, 0.0, 0.0, 0.0, 0.0, 0.0, 0.0, 0.0, 0.0, 0.0, 0.0, 0.0, 0.0, 0.0, 0.0, 0.0, 0.0, 0.0, 0.0, 0.0, 0.0, 0.0, 0.0, 0.0, 0.0, 0.0, 0.0, 0.0, 0.0, 0.0, 0.0, 0.0]
2022-12-11 18:13:12,507 Train INFO: mean test reward2: [79.50761451535641, 82.6069923818356, 88.97704086538633, 83.59381515064108, 78.66987961108424, 77.1507553770145, 79.27363303605301, 83.81557559943681, 88.64928061858853, 83.92670065970728, 81.7965728168816, 74.78773145957582, 87.33587825101056, 78.61938053949102, 79.01855038429484, 79.22784752831572, 78.66653059688242, 79.99596755575489, 78.84151396732734, 83.4309983342551, 82.18097833411642, 84.83264640379582, 82.30369056979515, 85.55509000815142, 85.69568447243064, 84.09440103477392, 81.30431672962203, 85.40468399538521, 80.50197267130557, 78.84862431180028, 83.14354754507828, 81.82599235643717, 83.3488743329709, 82.76344341801205, 79.78717920694866, 78.45560889953052, 77.41444079809739, 87.37848730242001, 81.14647460698987, 86.02952747422819, 79.04200457445307, 81.90530707151775, 81.90724651075136, 83.58280722399135, 79.37479115190469, 83.03263294275558, 81.6019119588733, 78.84965249221557, 85.66208704075771, 87.0009076058153]
2022-12-11 18:13:12,507 Train INFO: mean test reward3: [94.79921698471459, 97.63028441033808, 99.9182169158369, 105.51865599156906, 104.64554764971562, 104.25734341896268, 102.11394775948617, 106.27226817685158, 98.98555422665478, 100.79637207499474, 104.93795748873046, 101.6432538887516, 98.99105120445495, 104.14895071506389, 103.38356086210241, 100.38844705311259, 105.9051286725391, 104.64499672322208, 100.30064890835278, 102.94310056466573, 101.18056459280382, 103.81134802723166, 102.53841059812846, 102.07267744635122, 106.24375839321162, 102.50147307698549, 102.08085150169111, 101.65694604173012, 102.13582564690938, 102.1376485593035, 102.51058737303559, 105.41374299613591, 101.6827926521036, 105.85814973174688, 105.35218089420592, 100.3351701123011, 105.44613877579036, 99.862097551488, 100.77647556909301, 103.36975568211447, 102.55682538598589, 102.987044950905, 108.05314799213782, 98.60792880669669, 93.82958242589493, 103.40383048825603, 95.7904895210562, 104.17207835797213, 104.67319341385027, 106.96856053857654]
2022-12-11 18:13:12,507 Train INFO: mean test reward4: [100.99899371923955, 103.85835409742555, 104.30958555924919, 98.52025143507409, 101.4744004301832, 101.81426800314833, 100.52369662301383, 101.8178913825802, 103.08211874198915, 102.10109978809434, 100.80452693044784, 101.49993477547584, 101.32636040455137, 102.09456658774995, 101.80845420066466, 103.08993307948847, 105.0599131525216, 102.87862018034872, 102.29983987706785, 104.60453728544275, 104.78361881390396, 101.31930891884335, 103.67927256896435, 104.33611163384573, 103.35292961176337, 105.77312741776394, 99.51270470285176, 108.06300253262924, 104.01751587152025, 97.00261378408123, 102.7903854137999, 109.07118122099916, 101.32135534103811, 105.78814133087536, 104.47026596822744, 101.00111557121289, 102.57611340800912, 104.04115990765217, 99.04486863207615, 101.25380068391301, 104.29098232855361, 101.508514398015, 103.64221694292239, 105.96714579268937, 102.08943923716852, 103.56340237123197, 103.84416199453128, 95.62163766899685, 102.88947407561851, 100.50770515761243]
2022-12-11 18:13:12,508 Train INFO: mean test reward: 0.0000,82.0373,102.4047,102.6218
2022-12-11 18:13:12,508 Train INFO: test seed: 1************************************
2022-12-11 19:07:08,756 Train INFO: mean test reward1: [0.0, 0.0, 0.0, 0.0, 0.0, 0.0, 0.0, 0.0, 0.0, 0.0, 0.0, 0.0, 0.0, 0.0, 0.0, 0.0, 0.0, 0.0, 0.0, 0.0, 0.0, 0.0, 0.0, 0.0, 0.0, 0.0, 0.0, 0.0, 0.0, 0.0, 0.0, 0.0, 0.0, 0.0, 0.0, 0.0, 0.0, 0.0, 0.0, 0.0, 0.0, 0.0, 0.0, 0.0, 0.0, 0.0, 0.0, 0.0, 0.0, 0.0]
2022-12-11 19:07:08,757 Train INFO: mean test reward2: [81.40943644842122, 80.21891370519889, 84.75233787067027, 85.30750907989905, 83.73574324411435, 75.2747487149832, 83.01414747362912, 80.94953817240449, 88.95721923836311, 83.60632367140917, 80.79013438717843, 79.80812632171423, 76.61004591603431, 80.91189083605086, 81.99994514869462, 84.51679607793955, 80.98020781076563, 81.63173352566335, 81.3318974075706, 84.28039520948873, 84.14928585174569, 82.2213162313181, 84.5189587825135, 82.42896852338608, 83.80114926792395, 90.7919848980669, 83.44859393539046, 86.16515967235489, 78.60047449447008, 81.95361053164532, 86.35826310171653, 83.00211961320161, 80.07780448067332, 82.1155997812122, 80.42148071998369, 77.46159385006331, 83.61037091134125, 83.52040637082412, 80.30278818907749, 84.870192468947, 85.59237874647599, 84.30095297430692, 83.27425538426907, 86.69365358305977, 79.94742663198869, 80.78745436092724, 83.1152001888955, 78.15033434073375, 81.23268789605488, 84.95092839098494]
2022-12-11 19:07:08,757 Train INFO: mean test reward3: [100.34984273753639, 101.25169869651153, 106.97717338233127, 104.25734341896268, 104.23361448794458, 103.38195260083279, 106.18610521759958, 105.34550266356894, 102.89160903318748, 104.25907496874558, 102.08314512840212, 102.52967446586048, 106.91117452346526, 105.07689178232971, 104.22740402811701, 96.70994043505094, 105.48066583389681, 105.72776176591711, 103.83919979736406, 102.51863772602344, 108.72308575070409, 104.1862760638815, 101.6542836477306, 101.23192582440652, 105.44546456078353, 105.87748290840446, 104.2308782781174, 106.18610521759958, 97.15468492823942, 97.22299997846272, 96.21883594927368, 104.52383904362578, 102.56258211226272, 102.96082957324302, 105.01325211862489, 102.08543875511313, 104.25907496874558, 106.96019553196481, 98.0999209139145, 103.84322497385799, 100.36087947737343, 102.04385752700446, 107.35380275220993, 105.78059961624959, 94.260311929215, 101.68719129413284, 98.12230258325583, 101.59864607767965, 105.02273327192415, 102.93860057473194]
2022-12-11 19:07:08,757 Train INFO: mean test reward4: [99.5213840239386, 98.53462855544, 102.59452234942495, 103.18788689256114, 101.50437698868751, 101.8077673546288, 100.79995892119128, 101.0143629015563, 100.82237958921603, 105.51084113200916, 99.02517409217202, 100.84063912318271, 100.76777445706479, 105.06091901277011, 103.56769061590869, 101.51834371689165, 105.51084113200918, 102.58667166201387, 101.7752226800658, 102.10038039023361, 100.52369662301383, 97.5057780867798, 101.32636040455137, 101.2802635957608, 104.58746104045422, 106.24659670950743, 103.55880643173695, 103.06634320023686, 104.78361881390396, 102.56015598008014, 100.03867558628279, 103.07714507917665, 101.30944704814183, 106.02285095096624, 105.0642013971983, 103.38488480568203, 105.21090275725957, 100.01187177204396, 104.33554767093447, 93.36617341015119, 104.76924967100476, 100.83911213747565, 102.88867487391546, 100.83428788211229, 100.32754838683145, 104.15703010538454, 103.35790327457588, 104.76051353873676, 104.87754923963222, 103.05816993713326]
2022-12-11 19:07:08,757 Train INFO: mean test reward: 0.0000,82.5590,103.0370,102.3037
2022-12-11 19:07:08,757 Train INFO: test seed: 2************************************
2022-12-11 20:03:03,426 Train INFO: mean test reward1: [0.0, 0.0, 0.0, 0.0, 0.0, 0.0, 0.0, 0.0, 0.0, 0.0, 0.0, 0.0, 0.0, 0.0, 0.0, 0.0, 0.0, 0.0, 0.0, 0.0, 0.0, 0.0, 0.0, 0.0, 0.0, 0.0, 0.0, 0.0, 0.0, 0.0, 0.0, 0.0, 0.0, 0.0, 0.0, 0.0, 0.0, 0.0, 0.0, 0.0, 0.0, 0.0, 0.0, 0.0, 0.0, 0.0, 0.0, 0.0, 0.0, 0.0]
2022-12-11 20:03:03,427 Train INFO: mean test reward2: [80.75421946363619, 85.81845241387445, 88.59385206778991, 83.74976568926523, 84.1771951338974, 78.77128410841028, 84.18038653682777, 83.77683214687984, 86.95059281059466, 82.53970013092956, 87.43122360223424, 80.04704519068288, 89.12569830266348, 84.50893577567271, 86.3125075593918, 89.79898139674172, 84.08354738387479, 89.1226762582046, 84.38123744181725, 87.60021438951514, 84.29659317890258, 81.91604576657629, 82.38253257886889, 85.23209915947855, 83.4768751136893, 92.1613749413811, 82.53200181027643, 87.93044700045195, 85.76043476639721, 83.48780720276385, 85.96811484567924, 89.05202875153788, 83.70841964284766, 89.53302838454304, 84.93524868381148, 82.0823372042206, 87.85186354344043, 80.14264756970027, 84.80959848854987, 89.6267804194597, 82.38373201223006, 81.74689869756584, 87.1387467704697, 80.99536393862968, 81.07698161257943, 82.97341960603295, 86.78726807959642, 81.95515126033867, 81.84689315716311, 86.81392744917174]
2022-12-11 20:03:03,427 Train INFO: mean test reward3: [100.80510820726273, 100.34370784747743, 102.10725549074591, 105.46220018751683, 106.56305493722658, 103.81675983301271, 105.02799515419174, 109.71970613571952, 103.40785566474995, 103.37513704357927, 100.7644242247801, 105.43455442338218, 108.41560854271258, 105.7955666235512, 105.42191640313355, 105.45377636899367, 106.18816660866469, 108.40330964608384, 102.9809147590929, 104.98417737038814, 104.99162593835989, 106.90345879499273, 106.55593246457276, 107.92498657267754, 105.46306420702211, 103.78214257743628, 106.9132165911726, 108.4397347215667, 102.06933994841421, 105.05755860567216, 103.41473695872175, 107.72007823701706, 106.11256665318645, 109.17401373019166, 106.55530611297716, 105.05966609482032, 109.12061080434236, 103.34483364821395, 103.84322497385797, 108.64373152591295, 104.61790188558098, 102.98264630887577, 108.10859298569447, 104.60924933373832, 106.51201667806484, 105.79394510344528, 104.67146186406737, 104.2590749687456, 105.46336446329977, 107.39129182743595]
2022-12-11 20:03:03,427 Train INFO: mean test reward4: [101.80874890973945, 106.91777905803005, 102.40219077926994, 104.33611163384573, 101.79529286110494, 103.38432084277078, 106.95068670443227, 104.30031066601644, 104.12677974902256, 108.20389082986063, 98.03665454508268, 103.38488480568205, 102.59938754275645, 103.08211874198913, 107.6516484285525, 104.60024904076604, 104.15703010538455, 106.40257296280146, 107.54654172889082, 97.4727811904788, 106.26589886729555, 102.58667166201388, 102.28244504258757, 108.03725786928419, 101.01411044523351, 105.06420139719829, 104.31745424626982, 111.40655466083405, 104.60453728544275, 102.5978605570494, 104.30586127748374, 105.52893455667382, 106.943994435692, 108.20209598503138, 105.02863348521122, 107.17588551009797, 107.12867979637757, 101.78527376585771, 106.26589886729556, 101.8127410174413, 106.19775031392355, 100.02546195404999, 103.0847731770822, 107.52682040293371, 106.26589886729555, 105.78814133087535, 102.75862227144466, 105.35530677605243, 109.56211281255075, 105.51184699225767]
2022-12-11 20:03:03,427 Train INFO: mean test reward: 0.0000,84.8466,105.3994,104.6718
2022-12-11 20:03:03,428 Train INFO: test seed: 3************************************
2022-12-11 20:58:06,196 Train INFO: mean test reward1: [0.0, 0.0, 0.0, 0.0, 0.0, 0.0, 0.0, 0.0, 0.0, 0.0, 0.0, 0.0, 0.0, 0.0, 0.0, 0.0, 0.0, 0.0, 0.0, 0.0, 0.0, 0.0, 0.0, 0.0, 0.0, 0.0, 0.0, 0.0, 0.0, 0.0, 0.0, 0.0, 0.0, 0.0, 0.0, 0.0, 0.0, 0.0, 0.0, 0.0, 0.0, 0.0, 0.0, 0.0, 0.0, 0.0, 0.0, 0.0, 0.0, 0.0]
2022-12-11 20:58:06,197 Train INFO: mean test reward2: [84.76971214099082, 81.54207543782876, 81.24284208524543, 80.25261081945833, 85.11743435011535, 79.58350229353984, 81.9045209282437, 81.12547668915403, 86.0748178686377, 90.62093780076633, 91.313489219159, 81.96757801771936, 83.82181080593331, 80.15247154168688, 86.07464035249579, 79.53567890924946, 84.40682114478732, 87.12035152342727, 88.19863556149058, 87.0719401685661, 84.2169147960043, 86.1638761128757, 86.21580275330821, 87.44919706273194, 83.4896742821258, 85.76846581108752, 78.58505768658311, 87.36422144780833, 89.35320776378748, 83.16087910821972, 87.60616805953926, 89.98984233611098, 85.75670136100658, 84.75255709299323, 86.78983382550646, 84.42132430243805, 85.39832540328518, 82.2889779643879, 82.49546759594307, 78.19185880316034, 86.83311570654334, 86.54626260132254, 82.47860513935642, 88.95896366634344, 81.54366922943505, 86.75937871399226, 84.42641922809848, 83.18017974072009, 82.24913378611997, 87.88950240087419]
2022-12-11 20:58:06,197 Train INFO: mean test reward3: [105.4910102274344, 103.38387317584724, 101.68489766742181, 103.39229699437041, 103.39000336765939, 104.21123200844804, 106.60055350398649, 102.53611697141744, 103.36133186359132, 104.22300538608778, 105.06827893857502, 103.34662803920627, 107.39129182743595, 104.26595626271735, 106.24375839321162, 105.4057443834646, 106.16357014736899, 106.56457840410432, 101.6804990253926, 104.62535045355273, 104.63657290469892, 104.26768781250028, 103.78590509958615, 102.48170490312725, 109.42483742376868, 107.62933970122909, 104.61387670908705, 101.66072615328756, 105.49101022743443, 106.61089789752408, 102.13811927362042, 102.95451077003808, 101.69158993616207, 104.26768781250028, 108.09043708712598, 103.38368415061571, 103.83461213010328, 108.37300690244813, 102.98264630887579, 102.56698075429195, 104.22740402811701, 104.64554764971562, 105.43455442338218, 102.56927438100296, 96.27606139497571, 105.48239738367971, 104.98417737038814, 102.98971204315136, 99.0142914438034, 101.7113628082671]
2022-12-11 20:58:06,197 Train INFO: mean test reward4: [106.96329659348011, 104.33554767093447, 104.30958555924919, 98.54088781674082, 97.50674994096332, 104.78305485099268, 97.6790249998071, 105.21196770158465, 103.65653192894126, 107.36028321899447, 104.12677974902253, 103.07714507917663, 101.62174314639783, 108.67556527677486, 102.1064748806462, 100.51815296978972, 107.55603954641364, 101.77369569435874, 107.76497318553174, 102.09528598561066, 108.66522088323727, 102.79038541379991, 103.56309467641367, 106.07202441699151, 105.94784363490126, 102.60768987592606, 103.08065818625573, 109.34411610854144, 107.36641341080659, 98.00853917994515, 100.5229772251531, 108.91965326989914, 102.58488631714381, 108.7529088427213, 103.2681429502201, 102.88867487391548, 105.24271896274826, 97.5272309810833, 102.11228868312989, 101.81274101744128, 107.12428115434835, 100.5108490277589, 107.7915616148903, 99.52201308134781, 106.50317952437405, 108.23846441788395, 106.02522359086221, 100.02536483927395, 107.64762325205857, 104.78305485099268]
2022-12-11 20:58:06,197 Train INFO: mean test reward: 0.0000,84.6444,104.1450,103.9783
2022-12-11 20:58:06,197 Train INFO: test seed: 4************************************
2022-12-11 21:51:19,044 Train INFO: mean test reward1: [0.0, 0.0, 0.0, 0.0, 0.0, 0.0, 0.0, 0.0, 0.0, 0.0, 0.0, 0.0, 0.0, 0.0, 0.0, 0.0, 0.0, 0.0, 0.0, 0.0, 0.0, 0.0, 0.0, 0.0, 0.0, 0.0, 0.0, 0.0, 0.0, 0.0, 0.0, 0.0, 0.0, 0.0, 0.0, 0.0, 0.0, 0.0, 0.0, 0.0, 0.0, 0.0, 0.0, 0.0, 0.0, 0.0, 0.0, 0.0, 0.0, 0.0]
2022-12-11 21:51:19,044 Train INFO: mean test reward2: [80.76503141038236, 82.83960603076618, 81.64933478517904, 85.886967660855, 85.48338087827791, 80.60401036115941, 82.08865445225763, 82.90840623620578, 89.60752099631229, 83.69245225584542, 86.52400152075641, 75.44509365005231, 87.01253853890844, 79.08602738974339, 81.64302115298882, 79.72464187307969, 77.12194502667123, 79.8502679534, 85.10639110524657, 83.74529478675103, 83.53704040872675, 80.51382910497779, 84.82340905920879, 84.71446597202774, 86.60786789915646, 81.77800621208371, 82.34342399438447, 83.63485600135216, 84.10334067347694, 75.11739299728077, 84.74615547564086, 82.16285505834598, 80.57406110656703, 78.38889995997177, 78.91603952668002, 82.6661659163026, 79.87190039811253, 80.96821739549782, 84.43661852549873, 80.7859185060904, 80.63534828835752, 82.30582012514523, 80.59249293032056, 89.99671289857976, 80.35404879602444, 81.50471771879675, 83.10056357620498, 82.1237126685361, 85.41700845587802, 84.94214475540213]
2022-12-11 21:51:19,046 Train INFO: mean test reward3: [103.40804468998151, 97.64883329151235, 100.80950684929192, 104.24699902542507, 101.62690181607594, 102.96956570551102, 105.03946889865743, 105.80082990818934, 96.26174640895685, 101.26043482877954, 101.64994615749185, 104.65416049347031, 98.1084974032679, 102.90896510338722, 105.83881655508932, 101.24730005448231, 103.38560472563016, 105.46336446329977, 100.79369439833118, 102.54510286686872, 100.28494946136858, 101.70372911089301, 103.83203681430689, 102.11834640151541, 107.99870116001607, 105.07689178232971, 102.50817004397254, 104.61271243330411, 103.77152648010667, 103.76595774255946, 96.69230524101718, 105.4910102274344, 99.03955462839617, 101.19901817800428, 99.95729194573005, 100.32735067084252, 100.77430557617869, 104.67319341385027, 99.46896838378971, 104.65416049347031, 99.43219396146564, 102.53878406366377, 103.80629215096181, 101.2566926451517, 93.3440105519754, 98.97802682751026, 103.82829332689835, 103.37953568560852, 102.10558509275349, 103.32074922901329]
2022-12-11 21:51:19,046 Train INFO: mean test reward4: [98.5209408205139, 103.56340237123196, 102.58079236174686, 102.29831289136084, 103.08993307948847, 96.47633017903429, 102.89931293176251, 99.02517409217202, 100.80740760258384, 103.82723208333397, 102.5682192666675, 101.80806206370356, 103.3803991385398, 99.52764328523942, 106.67550785034375, 99.48008963879623, 105.34150159606449, 102.57907251466013, 101.81274101744131, 101.61813718667118, 100.53572565772052, 97.00251666930518, 97.3193533868242, 103.0899330794885, 102.48615879437358, 103.0847731770822, 101.96154159737152, 101.78888932736146, 103.06634320023684, 99.90521699715356, 97.49149291276842, 103.86264234210225, 99.17681276934907, 106.05986748529418, 105.51512937668589, 103.86264234210223, 105.23344406951549, 101.61885658453191, 105.970947141102, 97.45671281806864, 103.8122218121711, 102.40736329244805, 106.68829002132497, 101.80845420066466, 98.53544506807678, 100.31678523750612, 100.75217176297652, 100.82792324244014, 106.91945850547043, 101.81675653383427]
2022-12-11 21:51:19,046 Train INFO: mean test reward: 0.0000,82.4490,102.1122,101.9651
2022-12-11 21:51:19,046 Train INFO: test seed: 5************************************
2022-12-11 22:47:46,752 Train INFO: mean test reward1: [0.0, 0.0, 0.0, 0.0, 0.0, 0.0, 0.0, 0.0, 0.0, 0.0, 0.0, 0.0, 0.0, 0.0, 0.0, 0.0, 0.0, 0.0, 0.0, 0.0, 0.0, 0.0, 0.0, 0.0, 0.0, 0.0, 0.0, 0.0, 0.0, 0.0, 0.0, 0.0, 0.0, 0.0, 0.0, 0.0, 0.0, 0.0, 0.0, 0.0, 0.0, 0.0, 0.0, 0.0, 0.0, 0.0, 0.0, 0.0, 0.0, 0.0]
2022-12-11 22:47:46,752 Train INFO: mean test reward2: [87.7824182235473, 76.7037960466238, 85.93136363672362, 85.1500117207243, 90.39444148771572, 83.27643407428086, 86.41196219935246, 88.38410476681437, 91.34119287565962, 82.54452196932708, 85.71839915298335, 86.70827735480722, 82.26309721664119, 87.9329187522691, 84.4033769069374, 82.72199211943632, 79.50813937810726, 90.33461439309123, 85.73442712744973, 84.86013000049779, 84.85283187589214, 77.99807331341584, 82.08242929383485, 86.4574899106768, 86.24141747854456, 86.07707467231369, 87.056928162829, 87.51145446426852, 88.29862065367804, 86.9206924643143, 84.54463618594184, 87.27480276999937, 77.09452057993359, 90.35263850057166, 88.9961815233873, 89.31616685919356, 86.95243358690104, 82.25034791342269, 81.91857779173057, 91.52948987584628, 83.60016624982757, 87.66493848191587, 89.6233809819477, 84.38296208379676, 80.33389682614806, 87.25352054804023, 89.01759119081954, 85.8171551836566, 87.49543537898091, 88.61197056768523]
2022-12-11 22:47:46,752 Train INFO: mean test reward3: [98.1323833365824, 105.02043597827748, 108.7000683741806, 109.04583263412817, 104.96732973334183, 105.79909835840643, 108.94804115958196, 105.40951826663903, 104.60892714056426, 105.80027898169583, 105.42247848006167, 106.61089789752411, 109.11593185060464, 106.24462241271694, 108.35737461156414, 106.52885139935071, 108.75433531953522, 109.94167105507877, 104.25504979225165, 104.64554764971561, 107.68582860105819, 108.38633179571742, 107.74027543317996, 102.96629423620013, 109.71454623331326, 108.01579305884135, 108.09908302665755, 107.32733503627729, 108.10655091798711, 108.82942038012928, 104.64554764971564, 108.04450205260626, 104.68007470782206, 108.76093919135945, 105.422970070974, 109.1233997419342, 107.66684177876128, 106.18726949338252, 103.83461213010327, 102.52967446586048, 104.65416049347033, 106.58521529571465, 110.95381422548114, 104.24297384893114, 106.18761568217117, 105.49101022743442, 101.21372200238935, 103.80802370074474, 103.83250752862381, 104.66916823735635]
2022-12-11 22:47:46,752 Train INFO: mean test reward4: [104.78361881390396, 104.8775492396322, 108.23433148703506, 100.49480182164227, 102.56196000536669, 109.13764997390845, 105.96929651064127, 106.8513795975114, 106.85137959751138, 106.23349526591556, 106.22514383376742, 104.04115990765217, 102.59326461755438, 108.23846441788395, 108.50553482479444, 105.1504841271745, 104.3095855592492, 102.89224832033172, 106.04130334631262, 105.07800657718624, 105.1547723718512, 104.12677974902255, 102.30013458614265, 108.2160244535326, 106.66901568462201, 107.82837114927317, 105.22563139833213, 109.12007492000556, 108.22823462592828, 105.3113669375778, 105.0642013971983, 109.16529573804308, 105.6282416635947, 107.09781601350309, 109.7112556128539, 108.638755742392, 106.69752468899502, 105.19038552476121, 103.82734235568677, 107.39721604189062, 105.79351801206795, 104.58593405474717, 109.18120467665604, 102.59372314772192, 108.44588305919038, 104.78361881390394, 105.7869325977519, 105.2432829256595, 106.9704595765373, 108.38999236898397]
2022-12-11 22:47:46,753 Train INFO: mean test reward: 0.0000,85.7127,106.3143,106.0289
2022-12-11 22:47:46,753 Train INFO: test seed: 6************************************
2022-12-11 23:44:37,272 Train INFO: mean test reward1: [0.0, 0.0, 0.0, 0.0, 0.0, 0.0, 0.0, 0.0, 0.0, 0.0, 0.0, 0.0, 0.0, 0.0, 0.0, 0.0, 0.0, 0.0, 0.0, 0.0, 0.0, 0.0, 0.0, 0.0, 0.0, 0.0, 0.0, 0.0, 0.0, 0.0, 0.0, 0.0, 0.0, 0.0, 0.0, 0.0, 0.0, 0.0, 0.0, 0.0, 0.0, 0.0, 0.0, 0.0, 0.0, 0.0, 0.0, 0.0, 0.0, 0.0]
2022-12-11 23:44:37,272 Train INFO: mean test reward2: [84.01552555164655, 84.5735479764072, 86.40676999028902, 84.370002546113, 81.21114420150809, 79.88063505542151, 89.2889860704096, 86.19752517635551, 89.03671623763806, 83.66352638460913, 89.21747389390644, 84.58423244071102, 84.5877808597305, 83.32139544974007, 80.14249130860541, 78.95193332111063, 83.29779684243738, 86.60431123608168, 81.70973158130035, 87.54088082860306, 81.22857453986812, 91.2455097141394, 88.56031723747927, 85.75984969509199, 82.72023779428072, 89.55525376041062, 84.60135193818424, 86.83403220385503, 81.84587392444995, 81.00783296415415, 81.45221357990604, 88.81209969513004, 86.81801148014785, 80.8995362653451, 87.87906997558869, 82.43914366242913, 79.72425694142105, 80.1357429438992, 84.37849096531508, 88.78549592227844, 88.76258403413534, 86.35652968733234, 81.19792247581955, 85.99601661447485, 88.83620597500583, 81.26118204606097, 88.6877847683062, 82.39675501504318, 84.40618243687554, 87.92935446097606]
2022-12-11 23:44:37,272 Train INFO: mean test reward3: [104.63396329730745, 100.82927972139694, 107.2068305333781, 105.00253607576127, 108.43973472156672, 107.67539581060457, 108.31280623361046, 107.67749669022332, 101.68285380389409, 101.5981306331639, 102.56927438100297, 105.47397356515656, 99.48706180845434, 108.4736904222996, 108.4736904222996, 107.62847568172377, 104.56268993622852, 107.6785405964958, 102.9259406138746, 106.20781287833405, 108.43973472156671, 106.21494835329402, 105.04405656591821, 102.99373721964525, 109.07467576982265, 105.87748290840446, 107.74231750088728, 101.70293898974394, 101.66741842202782, 107.02501634262879, 102.13409409712649, 107.23829206404494, 104.98071427082232, 104.6083276146978, 99.45902351839828, 104.19461967022805, 107.31546975094928, 108.74396134099301, 104.6536095669768, 105.77318414405471, 106.64923089878472, 103.34954567074378, 107.74145348138198, 105.4581750110229, 95.7665407162003, 105.46220018751683, 106.61003387801878, 102.56085056247981, 104.17503582335458, 108.04654412031358]
2022-12-11 23:44:37,273 Train INFO: mean test reward4: [102.7903854137999, 98.53544506807677, 105.52400392395504, 100.04020257198982, 101.7846548032579, 105.32006003975205, 97.16431402869043, 106.66901568462201, 104.77720075718932, 108.97924470717948, 106.94628806240304, 106.96998886222039, 107.11991584302444, 106.23786057723949, 104.30586127748374, 104.60366984019542, 105.07800657718624, 107.09781601350305, 104.60453728544275, 101.31653108567471, 102.13998622201778, 99.50700690357269, 103.79667710581155, 105.69421090514707, 103.81960398542842, 107.80584347189884, 105.09016350888358, 108.86780786042945, 103.67927256896434, 101.49635364879596, 104.30586127748374, 105.23812302325322, 107.12198752763733, 108.23030631054115, 106.69036170593785, 107.11762221631342, 105.05546526493032, 105.96714579268935, 105.76547972201188, 102.11228868312988, 104.78361881390394, 104.47939219447764, 101.33049781387888, 102.8929351663676, 106.69752468899502, 103.86264234210223, 99.53469477094748, 104.61240597246339, 109.54191561638785, 105.52001916161441]
2022-12-11 23:44:37,273 Train INFO: mean test reward: 0.0000,84.7823,105.1449,104.5724
2022-12-11 23:44:37,273 Train INFO: test seed: 7************************************
2022-12-12 00:41:34,950 Train INFO: mean test reward1: [0.0, 0.0, 0.0, 0.0, 0.0, 0.0, 0.0, 0.0, 0.0, 0.0, 0.0, 0.0, 0.0, 0.0, 0.0, 0.0, 0.0, 0.0, 0.0, 0.0, 0.0, 0.0, 0.0, 0.0, 0.0, 0.0, 0.0, 0.0, 0.0, 0.0, 0.0, 0.0, 0.0, 0.0, 0.0, 0.0, 0.0, 0.0, 0.0, 0.0, 0.0, 0.0, 0.0, 0.0, 0.0, 0.0, 0.0, 0.0, 0.0, 0.0]
2022-12-12 00:41:34,950 Train INFO: mean test reward2: [81.39146812199331, 84.293402487028, 84.67847813015744, 85.9395031503821, 82.77723700240864, 83.78400651469065, 83.43091068450401, 81.83601228414813, 85.05231322401745, 88.53206090046807, 88.04649062133582, 84.44460749299999, 85.06280856137968, 90.01276435007347, 89.43448721872352, 83.52972538557552, 85.82423037605626, 92.29262645700055, 85.17413720101263, 81.12885166013463, 84.2979600089142, 84.01845286995, 85.4061603859165, 85.78941939595484, 86.08641555690924, 84.67556301948524, 83.83972223083948, 84.47300360656223, 84.07138530561451, 84.66535647737737, 88.52602717092304, 89.73777431924613, 83.29644455852095, 87.30937241913537, 90.95719239802258, 81.72176576927829, 86.56957290430444, 82.8878951370381, 89.97334113381908, 82.367236823381, 84.1422048095791, 86.4202783950806, 85.41160467377367, 85.66487923237636, 85.4663672551441, 89.10829548907269, 82.3568756377912, 88.08773924393012, 85.03475311070001, 87.80975051598817]
2022-12-12 00:41:34,950 Train INFO: mean test reward3: [101.2560361867503, 95.30491764713666, 107.38178186839905, 107.31662770568057, 106.96019553196483, 105.80944275194405, 106.06806866707768, 106.93798585309919, 100.31464146442312, 106.96019553196481, 105.4143572272193, 102.56927438100297, 107.69327716902995, 108.3637985966212, 109.41547951629323, 107.72958819605395, 107.69332958816462, 107.33480292760684, 99.9694488774274, 105.74523812364241, 108.28681394858123, 104.66476959532712, 105.02799515419174, 104.68180625760495, 107.74978539221684, 103.7924869709739, 104.9801521938942, 106.61003387801877, 105.82091587330616, 105.0665473887921, 100.78766446412855, 107.73941141367463, 106.97684003027676, 105.09592470270965, 106.96766342329437, 100.72891188026449, 107.68381962912773, 102.51797430119075, 102.93436443239776, 108.45671257193314, 106.64176300745518, 106.60142103426409, 109.12061080434238, 104.20269006454785, 108.28769496039527, 103.83250752862381, 99.03289467449896, 105.40690865924753, 106.29160135350915, 106.21494835329402]
2022-12-12 00:41:34,950 Train INFO: mean test reward4: [103.56340237123197, 104.76036548683302, 106.06536446309434, 105.61785728303613, 105.33385390031238, 105.96929651064129, 104.32627277770173, 103.56769061590869, 107.39319086539669, 106.87434088836753, 101.60749912882416, 103.56340237123199, 102.8922483203317, 105.01989735294323, 103.0847731770822, 102.26576821679784, 108.22154235718801, 102.29831289136082, 107.09738806449356, 102.8929351663676, 104.60453728544275, 102.60252997351978, 100.151732863338, 107.97989910037319, 104.57770772851012, 106.20203855860022, 103.831828022829, 106.96998886222039, 105.3278461505053, 102.8922483203317, 103.55880643173695, 104.59877783248041, 102.5978605570494, 109.54191561638785, 101.51834371689165, 107.95002240611002, 106.04262382307125, 105.94268373249497, 105.3587275754818, 102.88765238083668, 104.47486190772246, 104.12677974902256, 107.05253406122408, 103.66135618430464, 108.24441016939231, 106.64756280888199, 106.4584225617725, 105.81497088780797, 108.49692198103975, 104.63049939712803]
2022-12-12 00:41:34,951 Train INFO: mean test reward: 0.0000,85.5368,105.3688,104.9432
2022-12-12 00:41:34,951 Train INFO: test seed: 8************************************
2022-12-12 01:33:21,988 Train INFO: mean test reward1: [0.0, 0.0, 0.0, 0.0, 0.0, 0.0, 0.0, 0.0, 0.0, 0.0, 0.0, 0.0, 0.0, 0.0, 0.0, 0.0, 0.0, 0.0, 0.0, 0.0, 0.0, 0.0, 0.0, 0.0, 0.0, 0.0, 0.0, 0.0, 0.0, 0.0, 0.0, 0.0, 0.0, 0.0, 0.0, 0.0, 0.0, 0.0, 0.0, 0.0, 0.0, 0.0, 0.0, 0.0, 0.0, 0.0, 0.0, 0.0, 0.0, 0.0]
2022-12-12 01:33:21,988 Train INFO: mean test reward2: [82.18757469832363, 80.4959935603923, 84.34217983732879, 79.26181800273106, 84.13289624368454, 77.29019115080973, 78.83845572013679, 79.64431649637069, 83.26273479303899, 81.96383143718494, 76.59760271185131, 80.64807536059246, 77.44278824271976, 82.24536725243124, 71.68038182097969, 74.66181968844951, 82.37537060249909, 78.74254570070896, 78.78774614369111, 80.9222572568837, 82.24754148558429, 82.97280121885122, 84.70911323917042, 86.37494779263636, 79.6297885889462, 82.83298753067515, 76.54233762372158, 79.85247176418906, 81.21635630466623, 82.76816113160568, 84.19304998293575, 86.74832262850157, 82.00332255093078, 84.42912809034313, 83.64312417440593, 76.80999647084815, 80.30140130600803, 83.69225221002957, 79.20608359369903, 78.89187542267302, 77.72927935170378, 77.4301266976593, 84.14144879258878, 82.59321474245381, 80.79516589904543, 76.296158954603, 85.12555125441496, 77.53431987108783, 81.37286217011473, 79.44080714773781]
2022-12-12 01:33:21,988 Train INFO: mean test reward3: [96.23149605259486, 96.73294243740095, 99.47325662846643, 99.01359251671087, 100.31349624529254, 101.66741842202782, 103.82197410985464, 102.99200566986237, 101.61239010587708, 101.20546068356126, 96.7105064185383, 100.82054358912899, 99.86419883128994, 101.63609090569443, 99.8584570611332, 100.38891776742952, 99.9048824501659, 104.23142920461093, 97.20138046097546, 102.11118341845821, 98.99978733672292, 102.14251791564965, 102.987044950905, 96.25745816428012, 106.63854366165873, 105.023045585669, 100.33174931287174, 98.98693999978319, 103.35535947322742, 101.23360527184688, 93.84052993371176, 99.49048260788373, 97.6826640902183, 101.70649345192095, 95.27981376792157, 99.89277986798987, 102.53841059812846, 98.06090656131816, 99.0273976966988, 102.92762006131495, 98.55462733204783, 99.00485638444287, 104.2031816554602, 101.27973698656763, 93.30954558220698, 103.80467273925761, 100.3696156096414, 98.50026929109006, 98.1257233826852, 102.94473076654404]
2022-12-12 01:33:21,989 Train INFO: mean test reward4: [98.01767940303931, 97.91683577561557, 101.81606968779839, 100.01669602740733, 99.97333855304397, 99.97629957056277, 98.54063536041802, 98.00372318405539, 101.33049781387885, 100.81395651423601, 96.49152381203699, 98.53544506807678, 96.96854791882066, 99.53622175665448, 98.51771028762174, 98.48556328672882, 104.12677974902255, 98.52191267469743, 102.29983987706785, 100.18472386410335, 104.60453728544275, 93.79026509260294, 102.30481353988039, 100.8272038445794, 100.0220675696176, 97.00094737603636, 100.04433998131731, 101.79505147388622, 103.56340237123199, 98.03665454508268, 102.57174358884645, 101.50851439801498, 101.76178740146247, 102.59337488990717, 100.99968056527545, 100.33585072000106, 102.75394331770693, 95.6061948170825, 103.07630493950548, 96.37199006426347, 102.59854740308528, 100.53488551804936, 101.82257033631792, 98.5343760991172, 97.99714013614864, 103.08993307948849, 99.6810460410072, 99.48575403383072, 103.08993307948849, 100.32545404937275]
2022-12-12 01:33:21,989 Train INFO: mean test reward: 0.0000,80.7410,100.2458,100.1360
2022-12-12 01:33:21,989 Train INFO: test seed: 9************************************
2022-12-12 02:30:18,618 Train INFO: mean test reward1: [0.0, 0.0, 0.0, 0.0, 0.0, 0.0, 0.0, 0.0, 0.0, 0.0, 0.0, 0.0, 0.0, 0.0, 0.0, 0.0, 0.0, 0.0, 0.0, 0.0, 0.0, 0.0, 0.0, 0.0, 0.0, 0.0, 0.0, 0.0, 0.0, 0.0, 0.0, 0.0, 0.0, 0.0, 0.0, 0.0, 0.0, 0.0, 0.0, 0.0, 0.0, 0.0, 0.0, 0.0, 0.0, 0.0, 0.0, 0.0, 0.0, 0.0]
2022-12-12 02:30:18,619 Train INFO: mean test reward2: [85.43856307172277, 80.47430554317042, 86.97752823105267, 85.2944684394568, 78.41445609392676, 81.57502244179724, 82.31526923646554, 84.05442066159574, 84.0361928959674, 81.27490174634133, 87.32629049365352, 81.33197183066213, 83.31953404500283, 88.66606413663312, 82.41892791285959, 79.13964054137116, 80.2085286446099, 85.59232160655874, 89.13579551108093, 89.51905029547609, 80.57068280166187, 86.07195577015143, 89.51641021462127, 91.43871550212252, 81.62916668980871, 89.77532420230247, 87.98637408202185, 87.61900661253264, 84.65748083214561, 85.8985031453875, 88.76867834228554, 92.92141665581029, 90.8518593256086, 86.53242024417632, 89.43004013330768, 79.10108562010053, 89.02431722965632, 82.07194988042116, 84.02649547216015, 87.1861128708972, 82.36395449289967, 82.05687954907462, 83.94050188610247, 85.43996877598865, 83.38267623333982, 82.92428163597324, 86.49492224121458, 86.72084113603151, 89.57469833146453, 83.90471464286698]
2022-12-12 02:30:18,619 Train INFO: mean test reward3: [104.1948086954596, 101.67405651983563, 103.3940285441533, 106.54921954541814, 109.41499856762468, 106.52624540284368, 107.31872219252259, 106.56415408004646, 102.10244728619023, 105.08750088418651, 103.77176509285538, 105.45475161954506, 106.97717338233124, 105.74728474707317, 106.27140415734627, 106.98548596980834, 109.36834852393959, 108.9573339624466, 104.26768781250028, 104.66476959532712, 109.92603838143883, 107.6782265677991, 108.4060985836757, 101.652646479421, 110.26183161859902, 103.36975568211449, 104.6397909234388, 105.03600579909161, 108.76807818558189, 102.97899418407843, 102.1358256469094, 107.9613919715572, 106.57366403908333, 107.3633127112468, 101.1990181780043, 105.77374790728237, 109.96228395291045, 102.51586928587254, 105.79369443322938, 106.49885030892494, 107.70600647386328, 103.82763817227766, 107.7423175008873, 103.82426773656567, 108.93934530158455, 105.83050396761226, 104.6432651734392, 109.67607909012308, 105.82963994810694, 103.39540666973286]
2022-12-12 02:30:18,619 Train INFO: mean test reward4: [102.59073306558595, 108.02777728837424, 107.65604707058172, 103.08477317708221, 105.06035504985887, 109.12903713015373, 102.09866054314688, 105.07800657718626, 105.35530677605243, 108.25110243813256, 106.24444599155554, 105.6765593778197, 104.30529731457248, 106.67550785034373, 107.52499560455645, 100.01753616707849, 109.29943368212894, 104.30529731457247, 104.90779959599422, 106.96329659348014, 108.2259076685119, 102.58667166201388, 105.05209881502228, 107.81994733075003, 102.9639163307938, 103.03791351650034, 101.80806206370359, 106.8513795975114, 109.56211281255074, 104.12677974902256, 104.31285830677481, 107.11991584302446, 106.91777905803006, 108.03379708283387, 108.62183715399347, 107.930249534005, 108.91296100115889, 103.37221826059475, 105.32066288162048, 104.60453728544273, 108.24248959437784, 102.48615879437358, 109.34411610854143, 104.30382610628683, 105.78421791688871, 108.17594578839889, 107.37075090104537, 106.08790577535025, 107.9738022392664, 105.33721335138777]
2022-12-12 02:30:18,619 Train INFO: mean test reward: 0.0000,85.1679,105.9040,105.8908
2022-12-12 02:30:18,619 Train INFO: test seed: 10************************************
2022-12-12 03:17:29,041 Train INFO: mean test reward1: [0.0, 0.0, 0.0, 0.0, 0.0, 0.0, 0.0, 0.0, 0.0, 0.0, 0.0, 0.0, 0.0, 0.0, 0.0, 0.0, 0.0, 0.0, 0.0, 0.0, 0.0, 0.0, 0.0, 0.0, 0.0, 0.0, 0.0, 0.0, 0.0, 0.0, 0.0, 0.0, 0.0, 0.0, 0.0, 0.0, 0.0, 0.0, 0.0, 0.0, 0.0, 0.0, 0.0, 0.0, 0.0, 0.0, 0.0, 0.0, 0.0, 0.0]
2022-12-12 03:17:29,041 Train INFO: mean test reward2: [72.95027756006458, 78.53135606515788, 80.22169521453115, 81.55494376313106, 81.79231073105319, 78.50029974715238, 75.44948922706959, 79.90718796601853, 81.7070623980537, 81.1689880546554, 76.93041551571886, 81.18651061820573, 80.66030770968436, 83.28170927603826, 78.93031038798787, 77.1966985419784, 79.27711763442903, 78.66235410189081, 79.12725445895342, 75.0170308363122, 74.69955732076038, 74.86684465934104, 79.23113684921732, 85.79077203196164, 81.19131606268084, 82.86659892517847, 83.84895955462757, 80.85389644668926, 77.90781389698263, 76.22727565135935, 81.68656271071288, 80.87978882146645, 78.6842747387681, 82.79369563167634, 80.4644792364578, 79.70413593821817, 80.38616623829016, 77.88539278416854, 81.85848607287004, 79.51064974803717, 81.08880715847135, 79.96831285421676, 82.49368358380855, 84.84693803601427, 79.38941581197619, 77.53889505929313, 81.97168153901724, 78.6312983793069, 78.55645801985843, 81.5428828822749]
2022-12-12 03:17:29,041 Train INFO: mean test reward3: [96.23218289863075, 94.32229958796555, 98.09639482109188, 100.80463749294582, 102.11394775948617, 102.49312864584945, 100.74419079220618, 102.0918812606701, 97.20132611145412, 100.7181862118298, 94.80875116930065, 101.21439240808006, 94.78865493262298, 102.92389675034687, 101.22476284134935, 101.25169869651154, 99.88627921947032, 102.04850593221698, 98.56986411283539, 97.17429722675435, 103.74348051787268, 100.3587605147659, 103.41380141625834, 101.69158993616207, 103.34835958898917, 100.33497171520946, 100.78696553703602, 102.46627650211904, 96.23018236361509, 99.93751907362503, 95.29260319613347, 102.95909802346013, 99.47832567618637, 103.40785566474996, 97.64307383855, 99.46896838378971, 104.65416049347033, 99.47278591414951, 99.91821691583691, 100.37464187312466, 97.1789444421128, 97.64883329151233, 101.22523355566626, 98.53149317855903, 101.70209480989172, 97.63673070933632, 92.38036763484769, 99.02415854223099, 103.36746205540346, 97.55718691321269]
2022-12-12 03:17:29,042 Train INFO: mean test reward4: [96.49152381203699, 95.94093486417925, 100.96288800359649, 100.03162410057476, 99.4800896387962, 102.59786055704939, 102.88652493145067, 97.49263838043268, 97.39822538359154, 99.0234100135813, 100.80618563066723, 100.02608044735067, 101.62090300672669, 101.30944704814182, 98.01248911069806, 97.50701550079857, 100.81326966820014, 101.81274101744131, 102.79038541379991, 97.9482302089842, 103.55325582026967, 95.44871712439287, 97.46218355990379, 101.98217797903825, 99.04414923421541, 99.03046149928933, 101.29795313931588, 105.1504841271745, 101.31653108567473, 96.96558690130188, 101.82257033631794, 104.56784063008253, 103.37972490327577, 103.35866152676691, 104.11320595856087, 97.5132747620994, 101.508514398015, 99.54107856384275, 101.61607875136332, 94.00374650583636, 101.02627119445256, 100.04433998131732, 102.60436120556895, 95.91774423154772, 98.99504219212098, 100.53006126268599, 98.97894647148915, 98.5353479533007, 103.56769061590867, 101.28919796746266]
2022-12-12 03:17:29,042 Train INFO: mean test reward: 0.0000,79.7884,99.7989,100.1824
2022-12-12 03:17:29,042 Train INFO: test seed: 11************************************
2022-12-12 03:49:29,206 Train INFO: mean test reward1: [0.0, 0.0, 0.0, 0.0, 0.0, 0.0, 0.0, 0.0, 0.0, 0.0, 0.0, 0.0, 0.0, 0.0, 0.0, 0.0, 0.0, 0.0, 0.0, 0.0, 0.0, 0.0, 0.0, 0.0, 0.0, 0.0, 0.0, 0.0, 0.0, 0.0, 0.0, 0.0, 0.0, 0.0, 0.0, 0.0, 0.0, 0.0, 0.0, 0.0, 0.0, 0.0, 0.0, 0.0, 0.0, 0.0, 0.0, 0.0, 0.0, 0.0]
2022-12-12 03:49:29,207 Train INFO: mean test reward2: [71.72745328109146, 80.85044717881112, 81.56650634306908, 74.69126510205957, 80.99031183844578, 78.16324258639597, 77.26713218701177, 83.78911056986868, 86.15129823347492, 80.12515009835782, 77.60477311014587, 77.50348493790256, 82.5591914361735, 86.83524159611588, 78.28640753443952, 79.76503192834798, 83.1973126870779, 83.59952203652836, 83.11337061794207, 74.67973230901114, 77.74327571779916, 79.9815551300525, 81.75708309976449, 86.58795548160982, 81.16348741719024, 84.85450727524129, 82.10561656478026, 80.10820419343479, 74.65027611122379, 86.14508199587279, 86.15570349452622, 85.14658407496216, 83.67913783269142, 80.57636030837052, 84.57194981121411, 80.55216752540868, 78.88325942912482, 81.55386079935074, 75.83740198160464, 86.78839418731569, 79.59642540942838, 80.54863766107508, 84.26810030724073, 82.005087891673, 78.35944277354514, 82.14066291857361, 83.98929002315555, 79.41402485784113, 82.13440278728538, 90.33158067225975]
2022-12-12 03:49:29,207 Train INFO: mean test reward3: [102.1376485593035, 102.86117475555321, 95.27440612354484, 102.9871363135162, 102.08416884919356, 100.39765389969749, 105.00023878211458, 105.76562434503684, 101.25169869651153, 97.64883329151236, 102.49540873521066, 100.81520351846594, 104.64554764971562, 102.0203092415888, 99.88737240607898, 101.7113628082671, 100.78696553703602, 101.6450768011457, 102.02552049983733, 101.23349897361732, 98.5175441331605, 100.84811116486816, 98.58880829387013, 99.48333738179295, 109.05784997101765, 103.8046838896922, 98.54191533866856, 98.60792880669668, 102.11605277480437, 104.26595626271738, 101.23192582440652, 104.24873057520797, 104.22685310162348, 99.48382265398656, 102.94702439325508, 101.23186467261606, 100.36961560964141, 106.24375839321162, 96.72356857503392, 102.56258211226272, 102.50928741448482, 101.65566408642563, 103.38356086210243, 102.50817004397256, 94.26168609751117, 98.56405031035169, 102.4940024784303, 98.58538749444077, 102.93209274629544, 102.13095629056325]
2022-12-12 03:49:29,207 Train INFO: mean test reward4: [98.52094082051391, 102.88034002743544, 102.30346325649975, 100.53488551804935, 99.52915490750738, 103.08544741234624, 97.98230186925423, 103.0756180934696, 99.51405838928072, 102.88443398283238, 99.02341001358131, 99.04486863207616, 97.95937679645795, 100.50985063662013, 102.2989997373967, 101.31155742286221, 104.75997477777202, 98.5209408205139, 100.53572565772053, 101.80083272454505, 103.36540991725688, 99.1827296207064, 102.59338750067901, 100.96644904467658, 104.33554767093447, 103.81278577508236, 95.62474196071776, 105.05117702025363, 103.0714806841421, 104.78305485099268, 93.08442558442476, 104.58986466020747, 106.6021325856425, 103.38432084277079, 100.51743736171301, 97.66422763365291, 104.31014952216044, 98.01627061973873, 100.53158824839304, 98.47966903724704, 102.10038039023361, 98.50584430228727, 101.31071728319105, 99.63973229797503, 102.88833922687256, 102.30814221023748, 96.60805447080233, 101.01712872161181, 106.6244571191121, 102.1037090605907]
2022-12-12 03:49:29,207 Train INFO: mean test reward: 0.0000,81.2819,101.4960,101.1830
2022-12-12 03:49:29,207 Train INFO: test seed: 12************************************
2022-12-12 04:21:35,062 Train INFO: mean test reward1: [0.0, 0.0, 0.0, 0.0, 0.0, 0.0, 0.0, 0.0, 0.0, 0.0, 0.0, 0.0, 0.0, 0.0, 0.0, 0.0, 0.0, 0.0, 0.0, 0.0, 0.0, 0.0, 0.0, 0.0, 0.0, 0.0, 0.0, 0.0, 0.0, 0.0, 0.0, 0.0, 0.0, 0.0, 0.0, 0.0, 0.0, 0.0, 0.0, 0.0, 0.0, 0.0, 0.0, 0.0, 0.0, 0.0, 0.0, 0.0, 0.0, 0.0]
2022-12-12 04:21:35,062 Train INFO: mean test reward2: [74.82497669088063, 79.73112662681562, 83.71002501481289, 82.13843356260365, 82.07777492082279, 78.89118594985997, 85.66519388257313, 82.25700675056125, 85.08117583219848, 79.9700883909764, 79.77063544904279, 75.77999749708518, 84.86926164846382, 82.89501479607063, 85.41624986087017, 77.02479986358382, 81.8038518095604, 82.05806178572658, 82.41838129448519, 78.53606411479366, 77.7243133131787, 82.13582268807022, 85.0401459362997, 82.36008932491144, 79.18432804986541, 80.50136749646003, 79.40753893428668, 81.11479852104333, 84.77124233546355, 84.55567150232255, 80.7460228661228, 82.31910740989059, 80.55636448998636, 81.9503665055657, 86.08835161635153, 78.47404314057464, 81.82022629088752, 78.10979323147113, 80.97195114729688, 84.43176518073736, 84.72914687671773, 83.39209072432375, 80.19191460379984, 83.00422899776106, 77.74439078796986, 81.302111650927, 84.00572669281067, 78.86549955276467, 84.00994492403865, 81.69334188521522]
2022-12-12 04:21:35,062 Train INFO: mean test reward3: [99.04669985448693, 95.29393133147488, 99.91868763015383, 100.72674263586984, 101.20269224341035, 102.1093605060641, 101.6827926521036, 105.40593340869614, 101.24453571345435, 103.37148723189739, 96.72356857503394, 102.52967446586047, 102.44005642621025, 102.47296877085928, 103.81452943771211, 99.90710836296545, 101.26043482877952, 105.0875008841865, 98.56112798056738, 101.67726397004773, 102.1183464015154, 102.04794385528889, 104.2676878125003, 99.91868763015383, 103.76247803409386, 102.14251791564965, 101.70696416623787, 98.58196669501137, 102.11394775948617, 103.83919979736405, 96.6782188704033, 102.9785234697615, 99.93798978794196, 102.52920375154356, 95.28478885863412, 98.62008573839402, 102.94136901488284, 105.04063317444037, 93.34958296724037, 101.56312265318304, 100.78719374981162, 98.98761272221996, 104.60892714056429, 100.39718318538057, 98.99931662240601, 101.23192582440652, 104.26768781250028, 101.66904862390615, 96.66468824663417, 102.94473076654404]
2022-12-12 04:21:35,063 Train INFO: mean test reward4: [97.00894437566522, 97.01771030230788, 101.80416139490212, 97.15658828701727, 99.03118089715008, 103.66495758294546, 102.58667166201387, 102.89224832033172, 101.81342786347719, 100.03162410057477, 99.03684529218458, 97.01771030230789, 99.52639243777784, 101.02695804048842, 100.02546195404999, 96.43526190995199, 103.67927256896435, 102.89293516636758, 103.67927256896435, 97.5120373480806, 103.56769061590869, 99.83186990466574, 97.51203734808061, 102.5915732052571, 99.53469477094745, 104.94373525997092, 100.49335166428087, 105.03766568569921, 104.48866708771038, 99.03143335347285, 97.96737379608678, 100.30938083263435, 102.7903854137999, 103.17441204621342, 102.58595226415314, 102.28640459846456, 98.03121179641865, 97.50518064769449, 102.88014716605575, 102.59920130316267, 101.8127410174413, 100.02536483927395, 99.53068189321439, 98.03136713796538, 102.07259953421176, 97.51846505444065, 99.52148113871466, 95.97333432139497, 105.33713628474058, 99.5213840239386]
2022-12-12 04:21:35,063 Train INFO: mean test reward: 0.0000,81.5224,101.0892,100.6069
2022-12-12 04:21:35,063 Train INFO: test seed: 13************************************
2022-12-12 04:53:43,846 Train INFO: mean test reward1: [0.0, 0.0, 0.0, 0.0, 0.0, 0.0, 0.0, 0.0, 0.0, 0.0, 0.0, 0.0, 0.0, 0.0, 0.0, 0.0, 0.0, 0.0, 0.0, 0.0, 0.0, 0.0, 0.0, 0.0, 0.0, 0.0, 0.0, 0.0, 0.0, 0.0, 0.0, 0.0, 0.0, 0.0, 0.0, 0.0, 0.0, 0.0, 0.0, 0.0, 0.0, 0.0, 0.0, 0.0, 0.0, 0.0, 0.0, 0.0, 0.0, 0.0]
2022-12-12 04:53:43,847 Train INFO: mean test reward2: [82.64002290918559, 80.34232616791022, 82.1601906941788, 82.58450479300524, 86.29638409276922, 76.7236768549148, 84.27984837583935, 82.64987214376576, 84.503429121457, 75.832579607336, 82.88508419009732, 82.60895217041676, 80.78304856316949, 79.07043545495065, 76.28684171505171, 71.1793500091024, 83.23545295855064, 82.7633577636722, 79.26235607986945, 79.81808783343926, 73.57848917273154, 86.13823308396302, 84.68793914936447, 83.3397054842104, 78.42532165416243, 84.11842303492432, 78.13096270103031, 84.20785494941921, 77.39223697441547, 79.13647097063335, 84.76688701150904, 81.10019331586089, 82.31735137641606, 84.29294546023708, 86.85013929175506, 81.74992671008152, 85.89419234566455, 77.49494619159167, 83.20046798691351, 82.08995531312547, 81.99918862839735, 76.41396037248548, 85.41436167477609, 81.25931296305248, 82.85194381922017, 74.27798274218036, 84.6535559730831, 78.7657488450085, 80.49694337760188, 83.91378396739348]
2022-12-12 04:53:43,847 Train INFO: mean test reward3: [96.72356857503395, 95.28478885863413, 98.11352867143691, 100.34984273753639, 102.98264630887579, 103.41244333201072, 104.632909629467, 104.26768781250028, 100.33326911739755, 99.02739769669883, 100.33441433652816, 102.53407310788971, 103.41033831669253, 104.2204105960665, 101.71089209395016, 102.5296744658605, 101.27926627225071, 100.77220056086047, 100.82927972139696, 101.66025543897064, 104.25926399397714, 101.63451077562559, 100.7480901985167, 99.48174647561575, 107.72958819605397, 105.09592470270967, 103.4029863084038, 104.25907496874557, 103.41820005828758, 105.46336446329977, 97.64307383855001, 102.12969545509725, 102.55645192045057, 102.49139709606656, 94.80703132221393, 104.5879736451699, 104.5897051949528, 99.46457484571977, 99.00930427203417, 100.75645401344417, 102.50990159375546, 99.03081849612816, 106.25120696118339, 98.13451386447451, 103.41159915215852, 102.10291800050716, 101.98739219869297, 103.8221631350862, 101.63384735079289, 104.99734373952802]
2022-12-12 04:53:43,847 Train INFO: mean test reward4: [97.01771030230788, 104.28689619508953, 97.521943573966, 95.41631766717718, 96.65078572209033, 103.37056981966316, 103.08993307948847, 99.52048609564076, 102.30013458614266, 102.30814221023748, 99.04389677789263, 96.9603966089606, 97.45611537898333, 101.81675653383427, 101.02695804048844, 99.04414923421542, 101.30876020210597, 101.02045739196889, 100.82651699854353, 101.7801963428783, 100.03951572595396, 96.99732637696393, 95.56319772929179, 98.48628268458957, 102.12211800200652, 99.83089805048219, 101.14376589891486, 103.0756180934696, 104.15274186070783, 99.03046149928933, 97.46411237861217, 105.32006003975204, 104.02219482525796, 106.05986748529418, 103.34796176092053, 102.88034002743547, 104.00592290273416, 94.5314679945593, 100.34442919141614, 100.81230832323685, 103.38432084277078, 100.52091878984523, 105.61443648360675, 101.80845420066466, 100.03090470271403, 98.51324386283082, 99.01722467816616, 102.58557316317969, 102.59372314772192, 102.60768987592604]
2022-12-12 04:53:43,847 Train INFO: mean test reward: 0.0000,81.2973,101.8364,100.7535
2022-12-12 04:53:43,847 Train INFO: test seed: 14************************************
2022-12-12 05:26:52,967 Train INFO: mean test reward1: [0.0, 0.0, 0.0, 0.0, 0.0, 0.0, 0.0, 0.0, 0.0, 0.0, 0.0, 0.0, 0.0, 0.0, 0.0, 0.0, 0.0, 0.0, 0.0, 0.0, 0.0, 0.0, 0.0, 0.0, 0.0, 0.0, 0.0, 0.0, 0.0, 0.0, 0.0, 0.0, 0.0, 0.0, 0.0, 0.0, 0.0, 0.0, 0.0, 0.0, 0.0, 0.0, 0.0, 0.0, 0.0, 0.0, 0.0, 0.0, 0.0, 0.0]
2022-12-12 05:26:52,967 Train INFO: mean test reward2: [86.95603289020767, 84.03303383073829, 86.00595297757452, 91.12126408797278, 80.29018911386076, 81.52750919592017, 82.95939826343611, 84.7941597054257, 84.4297982435128, 75.40944306824785, 83.16531908528351, 78.31503166265743, 78.31902379601736, 83.87800895957552, 77.68779575244798, 80.75248607989222, 79.78198853780123, 88.41996414827365, 83.98749294216178, 81.97313505995389, 85.83208512165412, 85.150985381321, 84.66281654785905, 80.01937786129147, 82.5275096238935, 84.14063203825684, 83.03408814449203, 85.53278153374158, 87.08712556239814, 79.8784501173812, 85.74266684074749, 85.25806839695984, 83.51241212263584, 82.32926401339216, 81.93157765034134, 83.65683386744394, 85.50715746583845, 83.98462008373554, 83.79781727227035, 83.36739227442135, 84.10777865585933, 79.59110987103092, 80.4392721475154, 83.38124095535635, 81.79470285391773, 84.15526439368874, 85.73851384768045, 84.18035458192492, 81.20840355452535, 85.7547140493795]
2022-12-12 05:26:52,967 Train INFO: mean test reward3: [98.59577187499934, 96.72356857503391, 100.76556944391072, 105.82674412254109, 104.24891960043952, 103.3940285441533, 108.43973472156671, 106.97717338233123, 103.80833601448956, 102.52026792790176, 100.73203004298715, 104.57750749325521, 98.12143513800851, 103.38387317584726, 106.63767964215344, 102.95240575471988, 105.78248602018644, 105.79283041372405, 97.20937183847974, 103.77995029862983, 104.2506511502224, 105.90512867253909, 105.03660799794645, 102.07211536942313, 105.47081303127152, 104.99223928764933, 104.67146186406737, 102.9655405290171, 100.78487160169881, 103.8346121301033, 99.90117258138118, 99.45902351839828, 102.13324991727427, 105.9051286725391, 102.1096102692474, 105.01182313452277, 102.96956570551102, 102.99373721964525, 100.80903613497502, 102.99373721964527, 104.23075498960411, 102.9638089792342, 107.0258803621341, 100.80673840914105, 98.52337399572352, 101.21209878136905, 101.60967583665864, 103.41820005828757, 107.74145348138197, 103.38368415061571]
2022-12-12 05:26:52,967 Train INFO: mean test reward4: [102.88297342709896, 104.12677974902253, 102.28172564472685, 99.04486863207616, 102.48615879437361, 105.03686203423476, 103.85053975992624, 104.13911372072484, 102.77193301845352, 105.9605603783733, 103.08533713999346, 103.38432084277078, 100.00540175812213, 102.60436120556896, 105.98859866842939, 98.18456401627002, 100.8180939235635, 100.50234084348637, 104.88183748430892, 99.52764328523942, 107.40161468391985, 101.31016644600258, 97.98194748321252, 101.50065417333654, 102.88065153402393, 101.33049781387886, 103.67145823146501, 103.81751303681013, 104.60795808487212, 102.00058692045407, 102.7903854137999, 104.7521734260162, 101.8127410174413, 105.16692930354856, 106.08790577535025, 103.85835409742553, 106.69752468899502, 99.512715212072, 103.08993307948849, 102.35018296699329, 102.89281228324296, 102.4725306543906, 104.09023392901152, 105.77382634485647, 102.8597036457687, 102.60436120556895, 103.83156685559915, 100.81893406323465, 105.5376706889418, 103.05301003472697]
2022-12-12 05:26:52,967 Train INFO: mean test reward: 0.0000,83.2222,103.1091,102.9624
2022-12-12 05:26:52,968 Train INFO: test seed: 15************************************
2022-12-12 05:59:51,914 Train INFO: mean test reward1: [0.0, 0.0, 0.0, 0.0, 0.0, 0.0, 0.0, 0.0, 0.0, 0.0, 0.0, 0.0, 0.0, 0.0, 0.0, 0.0, 0.0, 0.0, 0.0, 0.0, 0.0, 0.0, 0.0, 0.0, 0.0, 0.0, 0.0, 0.0, 0.0, 0.0, 0.0, 0.0, 0.0, 0.0, 0.0, 0.0, 0.0, 0.0, 0.0, 0.0, 0.0, 0.0, 0.0, 0.0, 0.0, 0.0, 0.0, 0.0, 0.0, 0.0]
2022-12-12 05:59:51,914 Train INFO: mean test reward2: [79.21748298446641, 83.00201253456818, 79.43998369603477, 82.9064663735119, 75.25675837342656, 83.28155909198092, 79.00509616484554, 82.60855799811988, 84.78797518302426, 83.88172704732952, 80.69103227754194, 79.88893799084555, 80.72707833720746, 84.48624024272647, 81.7330805057386, 72.26829923674691, 79.92483775923945, 84.57920805518008, 78.76950903707497, 83.37224105797661, 85.97283361575431, 81.1691746698397, 82.71670935025709, 84.03738355551246, 81.78451297344662, 84.57087975184628, 79.61633047967712, 85.13617880272467, 80.72116818528268, 83.50571865344713, 86.89800829036928, 87.17139501334117, 86.44152522628546, 79.48694558848365, 87.04418984596296, 83.45678800478707, 77.5591377099291, 78.61078514734625, 80.51555208391488, 88.40891178360425, 81.48916849751184, 83.24905871133494, 84.21886673795184, 88.86216169404877, 82.05106046014866, 80.91864954211763, 84.82389858591814, 80.04073502018603, 80.56354451128529, 85.56564039898974]
2022-12-12 05:59:51,914 Train INFO: mean test reward3: [101.67616153515385, 102.55808622145186, 103.80629215096181, 99.9048824501659, 102.07211536942314, 103.41033831669252, 101.6651247953168, 105.44632780102191, 104.25065115022241, 102.5119454572832, 105.38268628659073, 104.16903590091376, 102.51951909755442, 103.7262194262045, 103.79941085699002, 101.7113628082671, 102.11834640151538, 104.60755749204336, 99.01497828983928, 104.68180625760498, 109.10642189156778, 101.66025543897064, 105.37957598812467, 107.73941141367466, 104.26366263600633, 100.84858187918509, 102.91355235680926, 103.37791627390428, 98.55392840495533, 102.96956570551102, 102.54510286686872, 104.9812815448223, 101.24310491350401, 104.67319341385027, 103.41646850850465, 103.83231850339224, 104.56759357238124, 99.4611540462904, 103.42049368499858, 101.70602273760403, 98.97802682751025, 100.80673840914103, 106.59277509473252, 102.95922131197341, 97.67479540319762, 102.98339282610766, 98.10205110426966, 101.25169869651154, 104.57180529243658, 100.33259907531347]
2022-12-12 05:59:51,915 Train INFO: mean test reward4: [100.83428788211228, 100.53488551804936, 104.27907403565735, 100.83413847466315, 101.4804281838316, 100.00839369423774, 98.53462855543997, 102.78122079291995, 102.58923748057968, 98.01627061973873, 95.80750896519552, 100.83911213747568, 103.85835409742555, 103.37069270278779, 103.37504594953805, 101.81274101744131, 107.65604707058172, 98.50055689516996, 102.89224832033172, 102.29830335409348, 103.37972490327577, 99.01973134350801, 101.8086036081138, 98.54063536041805, 101.79560660540974, 103.64876104537248, 99.52764328523942, 104.33611163384573, 106.07916964308228, 98.50127629303068, 102.30814221023746, 107.7991512031586, 104.03656396815715, 105.34150159606449, 103.07114503709921, 103.06345734425057, 105.97151110401325, 101.0093892387438, 102.12211800200653, 98.50631840498053, 102.88034002743545, 103.5625307135024, 105.92883881372566, 101.32135534103809, 105.36309839642587, 102.60436120556895, 95.41474837390838, 98.54063536041802, 107.29758198325786, 100.502783787473]
2022-12-12 05:59:51,915 Train INFO: mean test reward: 0.0000,82.3287,102.7989,102.0717
2022-12-12 05:59:51,915 Train INFO: test seed: 16************************************
2022-12-12 06:33:17,831 Train INFO: mean test reward1: [0.0, 0.0, 0.0, 0.0, 0.0, 0.0, 0.0, 0.0, 0.0, 0.0, 0.0, 0.0, 0.0, 0.0, 0.0, 0.0, 0.0, 0.0, 0.0, 0.0, 0.0, 0.0, 0.0, 0.0, 0.0, 0.0, 0.0, 0.0, 0.0, 0.0, 0.0, 0.0, 0.0, 0.0, 0.0, 0.0, 0.0, 0.0, 0.0, 0.0, 0.0, 0.0, 0.0, 0.0, 0.0, 0.0, 0.0, 0.0, 0.0, 0.0]
2022-12-12 06:33:17,832 Train INFO: mean test reward2: [82.50474436312413, 81.83233705351529, 85.29722527706654, 87.22084428025052, 81.55166424129055, 88.61991886288776, 81.83870548056215, 80.93959683251457, 89.13270412496092, 84.56862451568307, 82.95826214104049, 84.31816425392023, 81.70117385545312, 87.41279327603706, 83.64229667290016, 70.45656330125756, 82.22593255322455, 87.04312042947959, 85.7404310674495, 75.89256905407913, 83.72301054212986, 80.97928849979331, 83.10452621022854, 84.88717288178302, 79.19815923063254, 87.54659013396004, 82.72437280633459, 79.21734888559698, 81.70572160779618, 85.9513378649647, 83.71681404576168, 90.13287453429538, 85.58266712405474, 84.94844496786757, 81.43586793962591, 84.78677281011923, 84.21524203254528, 80.57195965252917, 83.55549129429397, 81.90587150799651, 84.51496818107907, 80.52535794706537, 78.61486048913214, 86.90147284797526, 85.22918220696155, 83.22142977227004, 89.95326954360378, 79.21340592454335, 84.04768859927773, 82.62149268333137]
2022-12-12 06:33:17,832 Train INFO: mean test reward3: [102.50760796704445, 98.11801433857914, 104.16469142981697, 96.27606139497573, 106.14773912056205, 104.96051707465945, 107.61329206192168, 106.5524110703906, 102.5451028668687, 103.35445056961953, 104.59827043328185, 105.38671146308464, 103.42049368499859, 103.35357084723768, 106.65874085782164, 103.81949604283986, 103.40785566474996, 104.2221421458494, 97.63091690685265, 104.26768781250028, 102.11605277480439, 103.41014929146098, 108.08957306762068, 107.62650557524334, 108.75433531953522, 102.5564519204506, 105.45475161954506, 106.13081368933027, 106.21092317680012, 106.62038776309029, 97.18323268678951, 107.55485661295802, 105.07689178232974, 105.46046863773391, 100.31464146442312, 104.21935326129042, 106.08828378538452, 106.19677945241942, 103.82618831158011, 103.80467273925761, 105.05669458616684, 104.15739963521023, 107.38350990740969, 104.18921866050493, 99.91868763015381, 102.54107769037479, 103.39582332534663, 109.00939192012203, 102.96956570551102, 108.69625343994821]
2022-12-12 06:33:17,832 Train INFO: mean test reward4: [102.89281228324296, 104.86374405964428, 106.40257296280146, 104.32230645385779, 104.33611163384573, 101.31805807138176, 105.35530677605243, 101.48239742981205, 103.81337562748261, 105.59359776916274, 104.29205609749582, 105.30297247533592, 103.08211874198916, 102.70231501864161, 104.60024904076604, 96.64266889085806, 105.13667894718657, 104.1389366807199, 105.03838901994177, 103.86264234210225, 103.55785175976469, 100.03315108628179, 102.69728969412161, 105.97151110401326, 100.51827750138416, 105.07800657718624, 102.30013458614266, 104.12677974902256, 104.59918417305316, 103.84997579701496, 102.60768987592604, 102.26576821679782, 104.15703010538455, 106.04901239041868, 104.01790658058125, 106.24388202864428, 104.50082401940774, 99.0234100135813, 106.0494831047356, 101.32219548070927, 102.59786055704939, 102.88512082886827, 109.5019207693385, 100.82166398113932, 106.24223139818355, 105.33385390031239, 104.59243470326673, 103.37972490327576, 106.05986748529416, 104.78361881390393]
2022-12-12 06:33:17,832 Train INFO: mean test reward: 0.0000,83.3926,104.2604,103.8069
2022-12-12 06:33:17,832 Train INFO: test seed: 17************************************
2022-12-12 07:04:56,703 Train INFO: mean test reward1: [0.0, 0.0, 0.0, 0.0, 0.0, 0.0, 0.0, 0.0, 0.0, 0.0, 0.0, 0.0, 0.0, 0.0, 0.0, 0.0, 0.0, 0.0, 0.0, 0.0, 0.0, 0.0, 0.0, 0.0, 0.0, 0.0, 0.0, 0.0, 0.0, 0.0, 0.0, 0.0, 0.0, 0.0, 0.0, 0.0, 0.0, 0.0, 0.0, 0.0, 0.0, 0.0, 0.0, 0.0, 0.0, 0.0, 0.0, 0.0, 0.0, 0.0]
2022-12-12 07:04:56,703 Train INFO: mean test reward2: [77.75931893433086, 76.13639428632302, 80.98028843858924, 79.37877729689497, 78.50098475716416, 80.53998012391413, 84.84450616333257, 77.88277211153263, 82.56653089884716, 84.80261098121188, 77.70321649783013, 81.31184004236614, 82.37159143813702, 76.36519548228905, 85.53402544966924, 81.13274006295833, 81.93935132309055, 79.58207926651113, 87.0584757159841, 82.992643315676, 82.30838628006333, 79.79590446921924, 80.52220401999061, 83.9101889913747, 82.3114478620135, 84.67288955323467, 82.02124273090622, 79.38271634607229, 78.89878539964403, 79.40257740058286, 83.25894457571815, 78.88397112850885, 80.86656878599743, 86.39467963595199, 83.0906996960285, 78.14324705598129, 80.03295853761738, 77.37395841478443, 83.07551455927423, 79.3272631789353, 82.99954917413517, 80.69522124401921, 80.70278662021244, 82.30414222187638, 78.29399519837075, 88.64149228251772, 80.68576760830493, 79.02346883459698, 79.7289554918389, 81.77794704362364]
2022-12-12 07:04:56,703 Train INFO: mean test reward3: [95.30491764713666, 95.30043197999443, 98.99549909204622, 103.8325075286238, 100.79749924771308, 101.26043482877952, 99.01359251671086, 105.40690865924753, 99.42437962396632, 100.74579657180568, 97.19274962210072, 102.95240575471986, 101.67845516186487, 100.3599380487396, 102.99144359293423, 98.10712015198963, 102.11165413277514, 102.5603798481629, 97.15247252439657, 98.95365562200219, 100.37024323109543, 102.1381192736204, 95.7418302232784, 99.87266357700814, 105.80082990818936, 102.94136901488284, 102.54510286686869, 102.94702439325508, 102.50829333248583, 104.61617033579807, 94.80121751973026, 100.78669451409291, 101.26338491389197, 102.99200566986237, 102.1381192736204, 99.00930427203416, 102.51863772602344, 98.56816151502345, 97.19703786677742, 103.40270461931844, 99.0142914438034, 98.06321545098892, 104.26366263600636, 100.4169560574856, 87.36557834754505, 98.1052263382673, 102.52967446586048, 101.65566408642565, 97.6307398668477, 100.30599199651952]
2022-12-12 07:04:56,703 Train INFO: mean test reward4: [96.49152381203699, 102.10038039023362, 99.0094537945974, 97.00261378408125, 101.33049781387888, 103.2681429502201, 98.46730754254617, 101.79433207602548, 99.52764328523944, 101.31653108567473, 100.51110148408169, 98.03136713796539, 99.97629957056279, 98.5399159625573, 97.52194357396598, 99.52915490750736, 103.36693690296393, 93.79496782625411, 100.34856660074364, 99.4888393493756, 100.31533508014475, 101.33118465991475, 98.46409342126252, 101.299928123244, 102.57291180751851, 101.63004547956744, 95.09855547044687, 103.36571761207522, 104.04115990765219, 99.0315578850673, 101.80692721495765, 99.54035916598198, 96.48275788539432, 105.07800657718627, 102.30481353988037, 97.52194357396601, 103.55841572267595, 97.4780685975961, 101.81274101744133, 93.3941008683712, 101.33118465991474, 100.83911213747567, 104.60024904076604, 98.51399217377325, 102.77273222015658, 100.46354783763849, 97.01771030230789, 99.54813004955074, 103.08993307948847, 100.32545404937274]
2022-12-12 07:04:56,704 Train INFO: mean test reward: 0.0000,81.1582,100.3130,100.1210
2022-12-12 07:04:56,704 Train INFO: test seed: 18************************************
2022-12-12 07:39:03,469 Train INFO: mean test reward1: [0.0, 0.0, 0.0, 0.0, 0.0, 0.0, 0.0, 0.0, 0.0, 0.0, 0.0, 0.0, 0.0, 0.0, 0.0, 0.0, 0.0, 0.0, 0.0, 0.0, 0.0, 0.0, 0.0, 0.0, 0.0, 0.0, 0.0, 0.0, 0.0, 0.0, 0.0, 0.0, 0.0, 0.0, 0.0, 0.0, 0.0, 0.0, 0.0, 0.0, 0.0, 0.0, 0.0, 0.0, 0.0, 0.0, 0.0, 0.0, 0.0, 0.0]
2022-12-12 07:39:03,469 Train INFO: mean test reward2: [79.96931493648295, 88.2840003654406, 87.1642934939708, 87.51513842335842, 86.67192395844776, 84.02412707694857, 82.93862940957781, 84.33525219284581, 90.66670773076328, 88.10776624809742, 91.6909129329515, 84.12686974388916, 86.756886609294, 85.74731016584563, 85.246990522091, 84.17392681415613, 85.11679983651183, 84.88281115708729, 82.96207599462171, 83.40782021856296, 89.81926630728826, 85.97053074965027, 83.17776463367507, 78.66856711498305, 83.6794523897844, 86.4888196909496, 75.49473184462042, 86.728250958954, 79.11427596738012, 84.48746676290287, 87.03744078719443, 88.05613905232364, 87.72550975385984, 83.55634660009855, 85.56289772624001, 81.61124820056052, 83.9900807326776, 85.19584144524586, 85.10525990598923, 86.7403817973946, 85.69821497680934, 80.66583566210355, 85.44973937687612, 89.92760078782487, 87.9900695090735, 83.1446464992798, 82.1641560602157, 81.9407321445222, 85.16159774247728, 89.33670264859865]
2022-12-12 07:39:03,469 Train INFO: mean test reward3: [103.78579470223363, 101.64507680114569, 105.38976076592358, 108.47369042229958, 108.70649235923767, 109.34707783189366, 105.43052924688824, 102.06933994841418, 103.37352878230963, 104.62596380284215, 108.77044915039633, 107.71261034568752, 108.74879234629218, 105.03028878090277, 102.95413730450278, 105.00147874098518, 107.39129182743594, 106.51750927057569, 104.68180625760499, 106.27140415734627, 109.73185298078681, 106.17090782537842, 108.05314799213784, 105.84867286848686, 106.60138793848722, 101.23966635710822, 102.56524920450904, 106.2437583932116, 102.96727207879998, 107.39215584694126, 100.80077071702395, 108.77323808798816, 103.40364604795228, 106.62903370262185, 104.26366263600633, 106.18730258915939, 105.72689423563952, 101.23742280220667, 105.45475161954505, 107.25362044893876, 105.0665473887921, 104.21458156756461, 108.81638418491607, 102.99200566986237, 109.1111008453055, 106.96942455808187, 108.05401201164315, 104.24891960043954, 103.81502828322981, 104.6536095669768]
2022-12-12 07:39:03,469 Train INFO: mean test reward4: [103.08993307948849, 106.04177406062954, 103.0761725191135, 103.08533713999347, 99.04414923421542, 109.13764997390844, 106.69315937767112, 105.52893455667382, 104.12677974902256, 103.0756180934696, 103.56340237123197, 105.69364694223582, 103.83182802282897, 102.57304352203089, 106.05986748529418, 100.82514540927153, 102.5933748899072, 104.12677974902256, 107.54874399299065, 100.3310264646377, 105.51128302934644, 102.5866716620139, 104.49622807991271, 100.04020257198982, 98.52103793528994, 107.82434597277924, 106.63976781626572, 106.07916964308227, 102.11381566883692, 109.68274582921396, 100.99968056527544, 103.66648456865249, 105.07800657718624, 106.69705397467811, 104.30958555924919, 102.58135632465812, 102.7903854137999, 107.64935480184148, 105.1807344835365, 106.69752468899502, 106.1983142768348, 102.55604098925367, 107.15543849678592, 106.48982730173661, 109.9653484724928, 105.00232631348224, 99.53469477094748, 99.52917027094645, 106.2148342633065, 105.24271896274823]
2022-12-12 07:39:03,470 Train INFO: mean test reward: 0.0000,85.0696,105.6083,104.3416
2022-12-12 07:39:03,470 Train INFO: test seed: 19************************************
2022-12-12 08:12:26,064 Train INFO: mean test reward1: [0.0, 0.0, 0.0, 0.0, 0.0, 0.0, 0.0, 0.0, 0.0, 0.0, 0.0, 0.0, 0.0, 0.0, 0.0, 0.0, 0.0, 0.0, 0.0, 0.0, 0.0, 0.0, 0.0, 0.0, 0.0, 0.0, 0.0, 0.0, 0.0, 0.0, 0.0, 0.0, 0.0, 0.0, 0.0, 0.0, 0.0, 0.0, 0.0, 0.0, 0.0, 0.0, 0.0, 0.0, 0.0, 0.0, 0.0, 0.0, 0.0, 0.0]
2022-12-12 08:12:26,064 Train INFO: mean test reward2: [85.8212718613323, 83.82939013862911, 87.00404019837733, 82.19493469693218, 80.16087843809368, 85.30066005386716, 86.00882631826639, 78.46379853549902, 91.94717453848958, 84.18618331717506, 84.70503180462191, 80.64322826117008, 82.37858226049667, 85.35052736622085, 83.91956849151256, 85.22753583873329, 85.64845174589223, 83.85711654238689, 81.7062073054496, 83.68122298935911, 85.98240049780853, 84.01924891113572, 86.44235121771348, 90.80797365947718, 81.9536814346208, 84.37780464784234, 85.96779458637695, 89.14397649193221, 81.39282284759413, 79.99959696896667, 88.0133919728237, 84.04000724767458, 84.79397427816238, 85.7780471454767, 84.86643515892152, 86.91699835587136, 82.85862733981128, 84.02136692251138, 89.94002457846673, 85.2476527983024, 84.502443379894, 85.20368273832814, 85.89235426734331, 82.59539533484444, 78.21641290764819, 85.16136491516549, 84.76291031504269, 84.94380175508017, 85.38844582410738, 90.85029937690213]
2022-12-12 08:12:26,064 Train INFO: mean test reward3: [102.05228134552763, 98.1102000010798, 107.32837894254978, 101.22523355566628, 106.25120696118339, 105.09592470270967, 106.6108978975241, 107.67836070972862, 102.95240575471986, 103.41820005828758, 106.29160135350915, 106.96766342329438, 101.66741842202781, 104.1815260483617, 105.4057443834646, 106.90256167971056, 101.64048954772366, 106.84706541373637, 102.5602884855517, 106.55530611297716, 102.98704495090502, 106.1881666086647, 106.18440754657281, 105.4823973836797, 108.93942831582726, 103.8216924207693, 106.6578768383163, 106.16666833538255, 99.94672592020993, 107.31108706348662, 103.83058695360936, 100.77430557617869, 105.40314530340412, 103.40172547293783, 94.8213463082328, 105.05793454503741, 104.60873811533273, 104.69041910135967, 102.5625821122627, 103.41033831669253, 108.07228195867044, 104.97776363338997, 106.24462241271692, 101.23302416017745, 94.78475891051419, 102.55855693576879, 101.22633599056016, 108.35633070529165, 107.68496458155288, 108.01023309328959]
2022-12-12 08:12:26,064 Train INFO: mean test reward4: [102.59337488990718, 104.58644386077812, 103.55785175976469, 101.99408627193452, 105.22938689098524, 105.35094146472854, 104.29748297707316, 105.05546526493033, 104.94833119946595, 105.4898301536064, 105.06091901277011, 100.82166398113932, 105.47943858157416, 103.18788689256115, 104.7957757456013, 102.11228868312988, 107.11711817129118, 104.61240597246338, 102.88765238083668, 101.81675653383428, 106.8513795975114, 104.8550079273763, 100.52300977697797, 101.01712872161178, 102.8809039903467, 101.81342786347717, 104.61240597246339, 105.23454679339153, 101.60439210483754, 100.97113901270858, 104.94833119946594, 105.69421090514709, 103.07752280249413, 106.0494831047356, 103.85779013451427, 103.83420025526267, 102.09046173024731, 102.59270065464314, 103.08085147285124, 102.59786055704939, 104.11246476300367, 102.4725306543906, 107.12431448505367, 99.5348193025419, 104.7400215081849, 108.86635857212123, 104.74247427095244, 104.29149213458454, 107.63187555644747, 104.4886670877104]
2022-12-12 08:12:26,064 Train INFO: mean test reward: 0.0000,84.7223,104.3028,103.9437
