2022-12-14 16:45:11,850 Train INFO: Namespace(logger=<Logger Train (INFO)>, name='A2C2022-12-14-16-45-11', gpu='0', device=device(type='cuda', index=0), gamma=1, epoch_num=3000, test_episode=50, val_episode=50, test_size=0.1, val_size=0.5, batch_size=50, train_batch_size=50, num_steps=10, h=2, w=[120, 80, 50], nn_out=40, share_lr=0.0001, actor_lr=1e-05, critic_lr=0.01, step=10, lr_min=1e-05, e_rate=0.001, a_rate=1, c_rate=1, lr_decay_lambda=0.999, load=False, duse_T=True, est_T=False, use_pref=False, same_price=False, use_price=True, only_test=True, test_benchmark=False, change_T=True, num='112', print_grad=False, max_norm=10, seed_range=20, net_seed=10, seed=0, info=True, selling_length=150, cardinality=4, ini_inv=2, num_products=100, number_samples=10000, num_cus_types=4, seg_prob=None, num_cus_features=4, MNLdata=10000, p_file='../Gene_databeta/simul/p10_random.npy', c_file='../Gene_databeta/simul/c4_random.npy')
2022-12-14 16:45:11,850 Train INFO: log/A2C2022-12-14-16-45-11
2022-12-14 16:45:15,395 Train INFO: products price: [1649.73814547 1127.61563842  931.02871698 1360.34237971  725.13091995
  923.26577906 1048.06358099 1335.59336555 1195.40725861 1064.01482778
  911.06874296 1048.7285084   862.45852977  562.0352617  1338.46425903
  990.15321765  520.29278707 1208.23053483 1211.78612974 1415.52984074
  793.16221683 1876.27989159 1532.58284504  955.82118943 1761.86348334
  839.64872328  552.35384058 1249.34487063  512.10224121 1264.40811504
  800.71457455 1724.21396565 1820.46937714 1053.61927862 1303.52226404
  687.23532693  553.41199285 1166.92080199  888.36091138 1555.51175855
  945.60906956  904.8232257   185.11950973  956.00340393  921.97706365
  777.00211129 1233.85864419 1855.13122698 1247.19421357  809.85084994
  477.38637086 1180.64638022  688.85646935 1821.84964101 1336.34462326
 1180.51360642  846.06710047  671.01312444  972.26852132  920.40072648
 1206.16552071 1416.03566126 1211.55189823  896.40685864 1067.94770214
 1577.1507714  1254.63336377 1273.60053127  109.15494726 1404.48282551
 1341.31287433  440.47487253 1148.9827406  1464.57599267 1204.3751098
  570.81428852  460.8940235  1490.06233971 1354.33031959  984.32869752
 1393.98066869  796.41108887 1427.58864888 1277.02973902 1164.10629816
 1159.15216995 1300.53489406 1407.42098991  808.96765814  987.27313092
  169.27919123  946.08274828 1174.39447852  944.25927782 1517.41984827
 1615.68280386  142.22238131  657.0012701  1487.17636032 1170.3680706 ]
2022-12-14 16:45:15,396 Train INFO: seg_prob [0.21154331 0.33382619 0.24539256 0.20923794]
2022-12-14 16:45:15,396 Train INFO: Load Factor 0.75
2022-12-14 16:45:15,401 Train INFO: test seed: 0************************************
2022-12-14 16:45:18,229 Train INFO: mean test reward1: [82.1266637342999, 85.06634917163386, 84.45657522066907, 84.94129176225078, 85.20476586124174, 82.29695355110012, 84.30519832460116, 80.57518540046077, 79.38701183614035, 83.48588515503924, 84.56035448592861, 83.59481267174604, 84.77348383293631, 82.11486460955898, 84.53628393992041, 81.84221622738954, 92.40282315763449, 87.20303968302089, 82.72366318180485, 85.5570480020012, 89.89708082130083, 88.69515537442429, 80.50181532930756, 83.91514139827984, 82.91071109257068, 94.65620272799391, 86.63503557973502, 80.80001049079081, 80.99987864657214, 80.38518490053978, 87.28818303886288, 93.26618745913079, 83.73622914023483, 80.19847801234182, 86.46991960615237, 84.05334845767129, 84.24529027983468, 81.17195768924184, 87.80203461247082, 73.75833038102532, 83.10274014930697, 84.7375375458567, 81.33633498380507, 85.55164470729234, 87.23475474256949, 91.89302784836309, 72.69815312911159, 85.95992526640276, 83.92129555962832, 86.64363858402632]
2022-12-14 16:45:18,232 Train INFO: mean test reward2: [0.0, 0.0, 0.0, 0.0, 0.0, 0.0, 0.0, 0.0, 0.0, 0.0, 0.0, 0.0, 0.0, 0.0, 0.0, 0.0, 0.0, 0.0, 0.0, 0.0, 0.0, 0.0, 0.0, 0.0, 0.0, 0.0, 0.0, 0.0, 0.0, 0.0, 0.0, 0.0, 0.0, 0.0, 0.0, 0.0, 0.0, 0.0, 0.0, 0.0, 0.0, 0.0, 0.0, 0.0, 0.0, 0.0, 0.0, 0.0, 0.0, 0.0]
2022-12-14 16:45:18,232 Train INFO: mean test reward3: [0.0, 0.0, 0.0, 0.0, 0.0, 0.0, 0.0, 0.0, 0.0, 0.0, 0.0, 0.0, 0.0, 0.0, 0.0, 0.0, 0.0, 0.0, 0.0, 0.0, 0.0, 0.0, 0.0, 0.0, 0.0, 0.0, 0.0, 0.0, 0.0, 0.0, 0.0, 0.0, 0.0, 0.0, 0.0, 0.0, 0.0, 0.0, 0.0, 0.0, 0.0, 0.0, 0.0, 0.0, 0.0, 0.0, 0.0, 0.0, 0.0, 0.0]
2022-12-14 16:45:18,232 Train INFO: mean test reward4: [0.0, 0.0, 0.0, 0.0, 0.0, 0.0, 0.0, 0.0, 0.0, 0.0, 0.0, 0.0, 0.0, 0.0, 0.0, 0.0, 0.0, 0.0, 0.0, 0.0, 0.0, 0.0, 0.0, 0.0, 0.0, 0.0, 0.0, 0.0, 0.0, 0.0, 0.0, 0.0, 0.0, 0.0, 0.0, 0.0, 0.0, 0.0, 0.0, 0.0, 0.0, 0.0, 0.0, 0.0, 0.0, 0.0, 0.0, 0.0, 0.0, 0.0]
2022-12-14 16:45:18,232 Train INFO: mean test reward: 84.3124,0.0000,0.0000,0.0000
2022-12-14 16:45:18,238 Train INFO: test seed: 1************************************
2022-12-14 16:45:20,147 Train INFO: mean test reward1: [80.39385371240638, 79.19688481112729, 81.92851180435159, 78.4275453814559, 80.36491813853675, 78.48184006276423, 79.20346262345761, 80.90512344600295, 80.64091403434027, 87.13105490441725, 78.91995420635088, 81.82835423927536, 80.34627968419854, 74.41778638342922, 85.11984328235133, 79.05206507516175, 82.94977927973753, 86.48878904891214, 80.040510769129, 86.0233253688738, 83.4560290087044, 80.83332790638018, 80.97448755492677, 79.56883030443686, 78.5640812431808, 86.65225355819099, 81.30657858041114, 81.45447044802081, 78.29896888210946, 80.87840365764923, 82.72513762213816, 91.31954235093554, 79.0431482469295, 83.31727872034755, 85.71891885295612, 79.24739214005629, 82.78631636705416, 73.00459986983242, 86.15762491839916, 80.41153905504665, 79.71298330223303, 84.27502697126837, 82.2445942023579, 79.23854858460675, 85.68792608872039, 84.42754528859517, 79.86243394903072, 81.5246207690864, 84.97883567593226, 83.96274480871828]
2022-12-14 16:45:20,148 Train INFO: mean test reward2: [0.0, 0.0, 0.0, 0.0, 0.0, 0.0, 0.0, 0.0, 0.0, 0.0, 0.0, 0.0, 0.0, 0.0, 0.0, 0.0, 0.0, 0.0, 0.0, 0.0, 0.0, 0.0, 0.0, 0.0, 0.0, 0.0, 0.0, 0.0, 0.0, 0.0, 0.0, 0.0, 0.0, 0.0, 0.0, 0.0, 0.0, 0.0, 0.0, 0.0, 0.0, 0.0, 0.0, 0.0, 0.0, 0.0, 0.0, 0.0, 0.0, 0.0]
2022-12-14 16:45:20,151 Train INFO: mean test reward3: [0.0, 0.0, 0.0, 0.0, 0.0, 0.0, 0.0, 0.0, 0.0, 0.0, 0.0, 0.0, 0.0, 0.0, 0.0, 0.0, 0.0, 0.0, 0.0, 0.0, 0.0, 0.0, 0.0, 0.0, 0.0, 0.0, 0.0, 0.0, 0.0, 0.0, 0.0, 0.0, 0.0, 0.0, 0.0, 0.0, 0.0, 0.0, 0.0, 0.0, 0.0, 0.0, 0.0, 0.0, 0.0, 0.0, 0.0, 0.0, 0.0, 0.0]
2022-12-14 16:45:20,151 Train INFO: mean test reward4: [0.0, 0.0, 0.0, 0.0, 0.0, 0.0, 0.0, 0.0, 0.0, 0.0, 0.0, 0.0, 0.0, 0.0, 0.0, 0.0, 0.0, 0.0, 0.0, 0.0, 0.0, 0.0, 0.0, 0.0, 0.0, 0.0, 0.0, 0.0, 0.0, 0.0, 0.0, 0.0, 0.0, 0.0, 0.0, 0.0, 0.0, 0.0, 0.0, 0.0, 0.0, 0.0, 0.0, 0.0, 0.0, 0.0, 0.0, 0.0, 0.0, 0.0]
2022-12-14 16:45:20,151 Train INFO: mean test reward: 81.6699,0.0000,0.0000,0.0000
2022-12-14 16:45:20,151 Train INFO: test seed: 2************************************
2022-12-14 16:45:21,620 Train INFO: mean test reward1: [78.27124235021391, 82.57598993190771, 81.25573814145758, 81.6488084021633, 77.97468680844563, 77.79019760839705, 76.22273951896594, 78.21061919502428, 78.49350785679789, 80.80954089227626, 80.7232453153142, 81.36896555335856, 84.1133204474021, 67.24660171774548, 80.82374956758295, 75.3328840066126, 79.48733543262371, 76.7400947691754, 72.90529081882339, 84.16511529916028, 77.42561492586647, 80.87725742297884, 70.4466430821912, 77.261440119859, 77.3177825021099, 76.01810781642264, 77.99434422459757, 76.0942266991631, 75.62397162210642, 70.17542157416618, 78.72465244507298, 75.6763792756327, 75.00352539328881, 72.06615674900482, 76.89374248478073, 79.69553514589668, 74.87416507397272, 75.13845836637817, 77.44067907880431, 76.64446698519613, 81.19166988355596, 77.58217236973327, 75.25934323067612, 75.69866837053053, 77.81050489742206, 81.20214292465865, 79.85181299668064, 83.96145922378022, 81.18394371130661, 83.441567006584]
2022-12-14 16:45:21,620 Train INFO: mean test reward2: [0.0, 0.0, 0.0, 0.0, 0.0, 0.0, 0.0, 0.0, 0.0, 0.0, 0.0, 0.0, 0.0, 0.0, 0.0, 0.0, 0.0, 0.0, 0.0, 0.0, 0.0, 0.0, 0.0, 0.0, 0.0, 0.0, 0.0, 0.0, 0.0, 0.0, 0.0, 0.0, 0.0, 0.0, 0.0, 0.0, 0.0, 0.0, 0.0, 0.0, 0.0, 0.0, 0.0, 0.0, 0.0, 0.0, 0.0, 0.0, 0.0, 0.0]
2022-12-14 16:45:21,620 Train INFO: mean test reward3: [0.0, 0.0, 0.0, 0.0, 0.0, 0.0, 0.0, 0.0, 0.0, 0.0, 0.0, 0.0, 0.0, 0.0, 0.0, 0.0, 0.0, 0.0, 0.0, 0.0, 0.0, 0.0, 0.0, 0.0, 0.0, 0.0, 0.0, 0.0, 0.0, 0.0, 0.0, 0.0, 0.0, 0.0, 0.0, 0.0, 0.0, 0.0, 0.0, 0.0, 0.0, 0.0, 0.0, 0.0, 0.0, 0.0, 0.0, 0.0, 0.0, 0.0]
2022-12-14 16:45:21,620 Train INFO: mean test reward4: [0.0, 0.0, 0.0, 0.0, 0.0, 0.0, 0.0, 0.0, 0.0, 0.0, 0.0, 0.0, 0.0, 0.0, 0.0, 0.0, 0.0, 0.0, 0.0, 0.0, 0.0, 0.0, 0.0, 0.0, 0.0, 0.0, 0.0, 0.0, 0.0, 0.0, 0.0, 0.0, 0.0, 0.0, 0.0, 0.0, 0.0, 0.0, 0.0, 0.0, 0.0, 0.0, 0.0, 0.0, 0.0, 0.0, 0.0, 0.0, 0.0, 0.0]
2022-12-14 16:45:21,620 Train INFO: mean test reward: 77.8947,0.0000,0.0000,0.0000
2022-12-14 16:45:21,621 Train INFO: test seed: 3************************************
2022-12-14 16:45:23,484 Train INFO: mean test reward1: [81.82703381417241, 77.75896138314329, 82.52611013403691, 79.77681636676374, 84.44498801228073, 75.16364602744268, 81.15410574454563, 75.54366813948238, 79.75630347298066, 81.65852223637945, 85.9556994715226, 84.41342689765398, 87.72169740198626, 80.32607297072398, 84.93349047714398, 82.26812687641213, 86.57075187241848, 84.92941602117936, 81.3363349838051, 91.16061083108484, 84.57434282707487, 84.07880317289872, 82.96741086880462, 78.4959068067242, 86.53671617701548, 86.15327917284961, 84.45434910283402, 78.36451131125271, 82.9376187430735, 74.51209919760466, 80.0433019689483, 86.38786714391051, 82.30417826344407, 82.69534549640706, 84.07774272134436, 80.07752507726978, 81.48562177007675, 79.99995569110521, 84.61758400496564, 82.7811728450458, 86.08506681151985, 80.48892863383823, 84.11667731991622, 80.49759744570483, 84.14548863427758, 84.66068958027711, 78.58820267471553, 80.36704989816752, 85.6211295178573, 83.19760070187166]
2022-12-14 16:45:23,485 Train INFO: mean test reward2: [0.0, 0.0, 0.0, 0.0, 0.0, 0.0, 0.0, 0.0, 0.0, 0.0, 0.0, 0.0, 0.0, 0.0, 0.0, 0.0, 0.0, 0.0, 0.0, 0.0, 0.0, 0.0, 0.0, 0.0, 0.0, 0.0, 0.0, 0.0, 0.0, 0.0, 0.0, 0.0, 0.0, 0.0, 0.0, 0.0, 0.0, 0.0, 0.0, 0.0, 0.0, 0.0, 0.0, 0.0, 0.0, 0.0, 0.0, 0.0, 0.0, 0.0]
2022-12-14 16:45:23,485 Train INFO: mean test reward3: [0.0, 0.0, 0.0, 0.0, 0.0, 0.0, 0.0, 0.0, 0.0, 0.0, 0.0, 0.0, 0.0, 0.0, 0.0, 0.0, 0.0, 0.0, 0.0, 0.0, 0.0, 0.0, 0.0, 0.0, 0.0, 0.0, 0.0, 0.0, 0.0, 0.0, 0.0, 0.0, 0.0, 0.0, 0.0, 0.0, 0.0, 0.0, 0.0, 0.0, 0.0, 0.0, 0.0, 0.0, 0.0, 0.0, 0.0, 0.0, 0.0, 0.0]
2022-12-14 16:45:23,485 Train INFO: mean test reward4: [0.0, 0.0, 0.0, 0.0, 0.0, 0.0, 0.0, 0.0, 0.0, 0.0, 0.0, 0.0, 0.0, 0.0, 0.0, 0.0, 0.0, 0.0, 0.0, 0.0, 0.0, 0.0, 0.0, 0.0, 0.0, 0.0, 0.0, 0.0, 0.0, 0.0, 0.0, 0.0, 0.0, 0.0, 0.0, 0.0, 0.0, 0.0, 0.0, 0.0, 0.0, 0.0, 0.0, 0.0, 0.0, 0.0, 0.0, 0.0, 0.0, 0.0]
2022-12-14 16:45:23,485 Train INFO: mean test reward: 82.4908,0.0000,0.0000,0.0000
2022-12-14 16:45:23,485 Train INFO: test seed: 4************************************
2022-12-14 16:45:25,377 Train INFO: mean test reward1: [84.57779720961416, 83.12134338000254, 84.75498026954224, 82.46699820422113, 80.70579715897779, 79.49294355759764, 85.04179597715535, 78.24380340217358, 76.69185093324366, 81.25261852176794, 81.41849098501706, 80.19685283089272, 87.30573086250072, 73.97027920337102, 80.27908702870621, 78.04904761258037, 93.64068634547031, 86.38369047810558, 75.22011966271982, 84.9475510235516, 84.61695042589857, 87.6448293644928, 74.9632815823075, 80.81450605797207, 81.73049052826036, 86.43936939415929, 83.44713942184893, 82.83129090600238, 83.10389522366619, 72.3889273085499, 82.96809771484051, 84.41789566535883, 82.65637606908601, 78.25987746103193, 83.4297963654649, 81.30293406880196, 81.2406353247072, 69.52325094931066, 86.45217412902026, 79.08450690525345, 82.92337751594198, 85.0014136952909, 82.81923173220024, 79.7128085586501, 84.92694268316009, 83.4594833912437, 78.41903812846228, 83.06794893658662, 87.10850487147852, 79.08227073382282]
2022-12-14 16:45:25,377 Train INFO: mean test reward2: [0.0, 0.0, 0.0, 0.0, 0.0, 0.0, 0.0, 0.0, 0.0, 0.0, 0.0, 0.0, 0.0, 0.0, 0.0, 0.0, 0.0, 0.0, 0.0, 0.0, 0.0, 0.0, 0.0, 0.0, 0.0, 0.0, 0.0, 0.0, 0.0, 0.0, 0.0, 0.0, 0.0, 0.0, 0.0, 0.0, 0.0, 0.0, 0.0, 0.0, 0.0, 0.0, 0.0, 0.0, 0.0, 0.0, 0.0, 0.0, 0.0, 0.0]
2022-12-14 16:45:25,377 Train INFO: mean test reward3: [0.0, 0.0, 0.0, 0.0, 0.0, 0.0, 0.0, 0.0, 0.0, 0.0, 0.0, 0.0, 0.0, 0.0, 0.0, 0.0, 0.0, 0.0, 0.0, 0.0, 0.0, 0.0, 0.0, 0.0, 0.0, 0.0, 0.0, 0.0, 0.0, 0.0, 0.0, 0.0, 0.0, 0.0, 0.0, 0.0, 0.0, 0.0, 0.0, 0.0, 0.0, 0.0, 0.0, 0.0, 0.0, 0.0, 0.0, 0.0, 0.0, 0.0]
2022-12-14 16:45:25,377 Train INFO: mean test reward4: [0.0, 0.0, 0.0, 0.0, 0.0, 0.0, 0.0, 0.0, 0.0, 0.0, 0.0, 0.0, 0.0, 0.0, 0.0, 0.0, 0.0, 0.0, 0.0, 0.0, 0.0, 0.0, 0.0, 0.0, 0.0, 0.0, 0.0, 0.0, 0.0, 0.0, 0.0, 0.0, 0.0, 0.0, 0.0, 0.0, 0.0, 0.0, 0.0, 0.0, 0.0, 0.0, 0.0, 0.0, 0.0, 0.0, 0.0, 0.0, 0.0, 0.0]
2022-12-14 16:45:25,377 Train INFO: mean test reward: 81.8320,0.0000,0.0000,0.0000
2022-12-14 16:45:25,377 Train INFO: test seed: 5************************************
2022-12-14 16:45:27,179 Train INFO: mean test reward1: [75.80246959563954, 70.36427626877834, 81.68485978919522, 84.41771053706772, 78.88759668019254, 77.31314833140192, 82.95874205693798, 78.50777266340765, 76.29691185261261, 80.37651608867317, 83.93995062330741, 79.72517236620061, 79.08490086900144, 77.59904840332172, 80.58811090626962, 76.6674280933575, 88.54373513640432, 81.809760401419, 77.85146170205128, 84.94485906781979, 81.83058974994961, 81.75626085805072, 75.46041475401493, 78.24558516473714, 79.81672703553149, 84.91594265350611, 73.05296406872054, 79.64390830851887, 79.22073603621102, 73.37395397110868, 79.2500222752349, 86.64129484103583, 83.7931134225118, 80.51808097076746, 81.8209951374844, 81.88049373225651, 78.59000974089568, 79.3971563894897, 82.45857703606507, 77.9438044165085, 79.86417680423108, 81.47270928665704, 80.4417596362099, 76.39799146879076, 83.60668841281746, 77.81050489742206, 78.25670392213902, 80.19345787453574, 85.64481942619642, 83.11256403553277]
2022-12-14 16:45:27,179 Train INFO: mean test reward2: [0.0, 0.0, 0.0, 0.0, 0.0, 0.0, 0.0, 0.0, 0.0, 0.0, 0.0, 0.0, 0.0, 0.0, 0.0, 0.0, 0.0, 0.0, 0.0, 0.0, 0.0, 0.0, 0.0, 0.0, 0.0, 0.0, 0.0, 0.0, 0.0, 0.0, 0.0, 0.0, 0.0, 0.0, 0.0, 0.0, 0.0, 0.0, 0.0, 0.0, 0.0, 0.0, 0.0, 0.0, 0.0, 0.0, 0.0, 0.0, 0.0, 0.0]
2022-12-14 16:45:27,180 Train INFO: mean test reward3: [0.0, 0.0, 0.0, 0.0, 0.0, 0.0, 0.0, 0.0, 0.0, 0.0, 0.0, 0.0, 0.0, 0.0, 0.0, 0.0, 0.0, 0.0, 0.0, 0.0, 0.0, 0.0, 0.0, 0.0, 0.0, 0.0, 0.0, 0.0, 0.0, 0.0, 0.0, 0.0, 0.0, 0.0, 0.0, 0.0, 0.0, 0.0, 0.0, 0.0, 0.0, 0.0, 0.0, 0.0, 0.0, 0.0, 0.0, 0.0, 0.0, 0.0]
2022-12-14 16:45:27,180 Train INFO: mean test reward4: [0.0, 0.0, 0.0, 0.0, 0.0, 0.0, 0.0, 0.0, 0.0, 0.0, 0.0, 0.0, 0.0, 0.0, 0.0, 0.0, 0.0, 0.0, 0.0, 0.0, 0.0, 0.0, 0.0, 0.0, 0.0, 0.0, 0.0, 0.0, 0.0, 0.0, 0.0, 0.0, 0.0, 0.0, 0.0, 0.0, 0.0, 0.0, 0.0, 0.0, 0.0, 0.0, 0.0, 0.0, 0.0, 0.0, 0.0, 0.0, 0.0, 0.0]
2022-12-14 16:45:27,180 Train INFO: mean test reward: 80.0755,0.0000,0.0000,0.0000
2022-12-14 16:45:27,180 Train INFO: test seed: 6************************************
2022-12-14 16:45:28,884 Train INFO: mean test reward1: [76.37615431898564, 79.4728010551029, 80.18109406698527, 74.865412641118, 79.72201650615901, 77.80206499379942, 75.08358988454057, 75.89473483611366, 74.23437379616217, 79.4877429496327, 77.5343224975495, 76.19456876627473, 82.06421122306145, 77.48806302685179, 77.20688456384411, 74.36718733591236, 79.550556242158, 81.46392994218726, 74.57960906920525, 81.44659231845404, 82.92963677724276, 79.59179141259825, 75.19921233904668, 79.08227073382282, 74.19905602140688, 84.08073103283662, 76.99829088682316, 74.41924818021323, 75.16885567197251, 75.01801864896413, 83.62460479747716, 82.3286367380969, 76.86248529130216, 79.23218015515059, 79.79553617466449, 73.523986538847, 79.72697659543661, 70.79432395228068, 80.60134117900327, 76.11718780732447, 81.01437421375338, 80.86790176507635, 81.00711812448024, 78.58362039905344, 76.95965937163035, 74.54327793642284, 77.43207447791747, 80.5448847850063, 79.37017295610362, 77.79331256094474]
2022-12-14 16:45:28,884 Train INFO: mean test reward2: [0.0, 0.0, 0.0, 0.0, 0.0, 0.0, 0.0, 0.0, 0.0, 0.0, 0.0, 0.0, 0.0, 0.0, 0.0, 0.0, 0.0, 0.0, 0.0, 0.0, 0.0, 0.0, 0.0, 0.0, 0.0, 0.0, 0.0, 0.0, 0.0, 0.0, 0.0, 0.0, 0.0, 0.0, 0.0, 0.0, 0.0, 0.0, 0.0, 0.0, 0.0, 0.0, 0.0, 0.0, 0.0, 0.0, 0.0, 0.0, 0.0, 0.0]
2022-12-14 16:45:28,884 Train INFO: mean test reward3: [0.0, 0.0, 0.0, 0.0, 0.0, 0.0, 0.0, 0.0, 0.0, 0.0, 0.0, 0.0, 0.0, 0.0, 0.0, 0.0, 0.0, 0.0, 0.0, 0.0, 0.0, 0.0, 0.0, 0.0, 0.0, 0.0, 0.0, 0.0, 0.0, 0.0, 0.0, 0.0, 0.0, 0.0, 0.0, 0.0, 0.0, 0.0, 0.0, 0.0, 0.0, 0.0, 0.0, 0.0, 0.0, 0.0, 0.0, 0.0, 0.0, 0.0]
2022-12-14 16:45:28,884 Train INFO: mean test reward4: [0.0, 0.0, 0.0, 0.0, 0.0, 0.0, 0.0, 0.0, 0.0, 0.0, 0.0, 0.0, 0.0, 0.0, 0.0, 0.0, 0.0, 0.0, 0.0, 0.0, 0.0, 0.0, 0.0, 0.0, 0.0, 0.0, 0.0, 0.0, 0.0, 0.0, 0.0, 0.0, 0.0, 0.0, 0.0, 0.0, 0.0, 0.0, 0.0, 0.0, 0.0, 0.0, 0.0, 0.0, 0.0, 0.0, 0.0, 0.0, 0.0, 0.0]
2022-12-14 16:45:28,884 Train INFO: mean test reward: 78.0485,0.0000,0.0000,0.0000
2022-12-14 16:45:28,885 Train INFO: test seed: 7************************************
2022-12-14 16:45:30,616 Train INFO: mean test reward1: [78.76661856466244, 74.58193379569988, 80.3347417825906, 77.40265381770507, 77.74490804141125, 77.51417999505473, 77.30729812520195, 75.12853002846288, 75.82876342393351, 82.3449055802768, 82.50242695619698, 77.13414846877203, 84.04778147505716, 78.9383096427949, 80.98002741836686, 76.77481633826515, 82.4769435670611, 73.98906680041911, 80.29713739685438, 80.42836435614477, 79.13976494058595, 78.21243742013915, 75.68819494358095, 79.34229231790519, 77.94117428132989, 79.89733026170343, 79.71543869382872, 81.93797799485726, 79.8633915368087, 76.15205720838212, 79.22914498939247, 81.95852254779525, 81.86298136494035, 79.24962831148694, 84.27301938167994, 73.48511891069306, 81.76508407665006, 78.17406826988571, 79.72799097186726, 79.24084896701719, 81.7709108319647, 74.88395459977635, 75.45444028830676, 78.56723710322238, 78.93578311091568, 81.46604797491293, 72.54766127354785, 82.9674108688046, 80.68108434427526, 82.10298886848754]
2022-12-14 16:45:30,617 Train INFO: mean test reward2: [0.0, 0.0, 0.0, 0.0, 0.0, 0.0, 0.0, 0.0, 0.0, 0.0, 0.0, 0.0, 0.0, 0.0, 0.0, 0.0, 0.0, 0.0, 0.0, 0.0, 0.0, 0.0, 0.0, 0.0, 0.0, 0.0, 0.0, 0.0, 0.0, 0.0, 0.0, 0.0, 0.0, 0.0, 0.0, 0.0, 0.0, 0.0, 0.0, 0.0, 0.0, 0.0, 0.0, 0.0, 0.0, 0.0, 0.0, 0.0, 0.0, 0.0]
2022-12-14 16:45:30,617 Train INFO: mean test reward3: [0.0, 0.0, 0.0, 0.0, 0.0, 0.0, 0.0, 0.0, 0.0, 0.0, 0.0, 0.0, 0.0, 0.0, 0.0, 0.0, 0.0, 0.0, 0.0, 0.0, 0.0, 0.0, 0.0, 0.0, 0.0, 0.0, 0.0, 0.0, 0.0, 0.0, 0.0, 0.0, 0.0, 0.0, 0.0, 0.0, 0.0, 0.0, 0.0, 0.0, 0.0, 0.0, 0.0, 0.0, 0.0, 0.0, 0.0, 0.0, 0.0, 0.0]
2022-12-14 16:45:30,617 Train INFO: mean test reward4: [0.0, 0.0, 0.0, 0.0, 0.0, 0.0, 0.0, 0.0, 0.0, 0.0, 0.0, 0.0, 0.0, 0.0, 0.0, 0.0, 0.0, 0.0, 0.0, 0.0, 0.0, 0.0, 0.0, 0.0, 0.0, 0.0, 0.0, 0.0, 0.0, 0.0, 0.0, 0.0, 0.0, 0.0, 0.0, 0.0, 0.0, 0.0, 0.0, 0.0, 0.0, 0.0, 0.0, 0.0, 0.0, 0.0, 0.0, 0.0, 0.0, 0.0]
2022-12-14 16:45:30,617 Train INFO: mean test reward: 79.0152,0.0000,0.0000,0.0000
2022-12-14 16:45:30,617 Train INFO: test seed: 8************************************
2022-12-14 16:45:32,304 Train INFO: mean test reward1: [76.65833840612791, 78.4396421448402, 79.59442154777686, 81.31819998143287, 80.08386393503733, 79.54856354243387, 80.38449805450392, 74.50900115767264, 79.88659877675019, 75.32099519084638, 81.46946980562737, 73.31570261446478, 82.59437454489075, 77.45173189406941, 80.3254207639793, 76.67024669902418, 86.8653829051987, 84.2772372652827, 77.01019917971942, 86.70104563726073, 79.69165167972479, 78.21600347708795, 76.9247899705727, 78.8004565748005, 77.4320744779175, 78.75801396377561, 79.12903760834314, 74.51139219653582, 72.69144149373207, 70.21365531002392, 78.46838924822175, 80.81820970414287, 76.19662255076298, 75.7986204180052, 78.58415953469574, 74.88537682655438, 75.75227123074639, 70.82484123595879, 76.67024669902419, 76.12857787696454, 79.56776544393162, 80.08386393503733, 79.67150917723005, 82.68873215211563, 81.48619047740767, 81.50152060101837, 74.15658125692687, 81.80958565783607, 75.59024588382778, 81.80117118601915]
2022-12-14 16:45:32,307 Train INFO: mean test reward2: [0.0, 0.0, 0.0, 0.0, 0.0, 0.0, 0.0, 0.0, 0.0, 0.0, 0.0, 0.0, 0.0, 0.0, 0.0, 0.0, 0.0, 0.0, 0.0, 0.0, 0.0, 0.0, 0.0, 0.0, 0.0, 0.0, 0.0, 0.0, 0.0, 0.0, 0.0, 0.0, 0.0, 0.0, 0.0, 0.0, 0.0, 0.0, 0.0, 0.0, 0.0, 0.0, 0.0, 0.0, 0.0, 0.0, 0.0, 0.0, 0.0, 0.0]
2022-12-14 16:45:32,307 Train INFO: mean test reward3: [0.0, 0.0, 0.0, 0.0, 0.0, 0.0, 0.0, 0.0, 0.0, 0.0, 0.0, 0.0, 0.0, 0.0, 0.0, 0.0, 0.0, 0.0, 0.0, 0.0, 0.0, 0.0, 0.0, 0.0, 0.0, 0.0, 0.0, 0.0, 0.0, 0.0, 0.0, 0.0, 0.0, 0.0, 0.0, 0.0, 0.0, 0.0, 0.0, 0.0, 0.0, 0.0, 0.0, 0.0, 0.0, 0.0, 0.0, 0.0, 0.0, 0.0]
2022-12-14 16:45:32,307 Train INFO: mean test reward4: [0.0, 0.0, 0.0, 0.0, 0.0, 0.0, 0.0, 0.0, 0.0, 0.0, 0.0, 0.0, 0.0, 0.0, 0.0, 0.0, 0.0, 0.0, 0.0, 0.0, 0.0, 0.0, 0.0, 0.0, 0.0, 0.0, 0.0, 0.0, 0.0, 0.0, 0.0, 0.0, 0.0, 0.0, 0.0, 0.0, 0.0, 0.0, 0.0, 0.0, 0.0, 0.0, 0.0, 0.0, 0.0, 0.0, 0.0, 0.0, 0.0, 0.0]
2022-12-14 16:45:32,307 Train INFO: mean test reward: 78.4256,0.0000,0.0000,0.0000
2022-12-14 16:45:32,307 Train INFO: test seed: 9************************************
2022-12-14 16:45:34,186 Train INFO: mean test reward1: [83.46574265254449, 87.55955042548257, 83.70895166502183, 86.11381391490141, 84.0595026190198, 85.13080199950649, 83.76206131284515, 81.93797799485726, 87.06480622676027, 86.68819984527059, 85.88564348995828, 84.42396979836856, 91.88873960368639, 76.14726961586447, 86.43794267508503, 81.94595996068799, 89.7711778252942, 82.96741086880463, 81.4813780985236, 85.25572703649875, 86.01317423736067, 85.44615080632727, 82.31284707531066, 87.18163194386855, 81.6583877541965, 86.6525559234834, 81.72014526003899, 79.10771414519495, 80.92408850847895, 80.21372463653873, 80.23380292805368, 90.36402727809514, 80.32876731688238, 83.7246912386269, 85.6225562369315, 83.96421443688685, 82.44670129499362, 75.3789363843348, 85.78789082822671, 86.02157901846945, 86.44890139224019, 87.267833457763, 76.70290374850876, 86.04951004968039, 82.82236775408609, 85.14908694518802, 74.36093794661069, 84.37280690543845, 89.1457470389769, 86.09864527914547]
2022-12-14 16:45:34,187 Train INFO: mean test reward2: [0.0, 0.0, 0.0, 0.0, 0.0, 0.0, 0.0, 0.0, 0.0, 0.0, 0.0, 0.0, 0.0, 0.0, 0.0, 0.0, 0.0, 0.0, 0.0, 0.0, 0.0, 0.0, 0.0, 0.0, 0.0, 0.0, 0.0, 0.0, 0.0, 0.0, 0.0, 0.0, 0.0, 0.0, 0.0, 0.0, 0.0, 0.0, 0.0, 0.0, 0.0, 0.0, 0.0, 0.0, 0.0, 0.0, 0.0, 0.0, 0.0, 0.0]
2022-12-14 16:45:34,187 Train INFO: mean test reward3: [0.0, 0.0, 0.0, 0.0, 0.0, 0.0, 0.0, 0.0, 0.0, 0.0, 0.0, 0.0, 0.0, 0.0, 0.0, 0.0, 0.0, 0.0, 0.0, 0.0, 0.0, 0.0, 0.0, 0.0, 0.0, 0.0, 0.0, 0.0, 0.0, 0.0, 0.0, 0.0, 0.0, 0.0, 0.0, 0.0, 0.0, 0.0, 0.0, 0.0, 0.0, 0.0, 0.0, 0.0, 0.0, 0.0, 0.0, 0.0, 0.0, 0.0]
2022-12-14 16:45:34,187 Train INFO: mean test reward4: [0.0, 0.0, 0.0, 0.0, 0.0, 0.0, 0.0, 0.0, 0.0, 0.0, 0.0, 0.0, 0.0, 0.0, 0.0, 0.0, 0.0, 0.0, 0.0, 0.0, 0.0, 0.0, 0.0, 0.0, 0.0, 0.0, 0.0, 0.0, 0.0, 0.0, 0.0, 0.0, 0.0, 0.0, 0.0, 0.0, 0.0, 0.0, 0.0, 0.0, 0.0, 0.0, 0.0, 0.0, 0.0, 0.0, 0.0, 0.0, 0.0, 0.0]
2022-12-14 16:45:34,187 Train INFO: mean test reward: 83.9844,0.0000,0.0000,0.0000
2022-12-14 16:45:34,188 Train INFO: test seed: 10************************************
2022-12-14 16:45:35,574 Train INFO: mean test reward1: [83.939211944288, 83.04670667481932, 91.88873960368637, 84.52660321581344, 84.46220599073668, 81.9894212489633, 82.8481669977514, 82.44123941233185, 77.91821317316851, 84.88484166504371, 87.38916950324872, 84.37914449951768, 88.85775669748882, 82.11118945203083, 84.89492443959394, 82.63793966943008, 89.85236062240234, 85.53318165355854, 87.33770779356809, 84.1068480010396, 89.32936657595361, 89.47988429843774, 83.42969126551259, 84.43707728667611, 88.02929263388512, 92.73766528097094, 82.58570573302416, 84.55362156365362, 84.9083978072672, 75.88064062883441, 86.79341321750708, 88.16067511214433, 80.14286704619298, 87.39421583418742, 83.26363555990875, 83.79675312371819, 81.80958565783607, 76.78917284553974, 89.25266944598773, 80.47079363146597, 84.4424733617626, 81.69369498231654, 86.20546258620398, 85.43846303898064, 83.42238698186222, 86.08506681151987, 83.60348396350513, 84.43333088892182, 91.22287686314722, 85.40695976888748]
2022-12-14 16:45:35,574 Train INFO: mean test reward2: [0.0, 0.0, 0.0, 0.0, 0.0, 0.0, 0.0, 0.0, 0.0, 0.0, 0.0, 0.0, 0.0, 0.0, 0.0, 0.0, 0.0, 0.0, 0.0, 0.0, 0.0, 0.0, 0.0, 0.0, 0.0, 0.0, 0.0, 0.0, 0.0, 0.0, 0.0, 0.0, 0.0, 0.0, 0.0, 0.0, 0.0, 0.0, 0.0, 0.0, 0.0, 0.0, 0.0, 0.0, 0.0, 0.0, 0.0, 0.0, 0.0, 0.0]
2022-12-14 16:45:35,574 Train INFO: mean test reward3: [0.0, 0.0, 0.0, 0.0, 0.0, 0.0, 0.0, 0.0, 0.0, 0.0, 0.0, 0.0, 0.0, 0.0, 0.0, 0.0, 0.0, 0.0, 0.0, 0.0, 0.0, 0.0, 0.0, 0.0, 0.0, 0.0, 0.0, 0.0, 0.0, 0.0, 0.0, 0.0, 0.0, 0.0, 0.0, 0.0, 0.0, 0.0, 0.0, 0.0, 0.0, 0.0, 0.0, 0.0, 0.0, 0.0, 0.0, 0.0, 0.0, 0.0]
2022-12-14 16:45:35,574 Train INFO: mean test reward4: [0.0, 0.0, 0.0, 0.0, 0.0, 0.0, 0.0, 0.0, 0.0, 0.0, 0.0, 0.0, 0.0, 0.0, 0.0, 0.0, 0.0, 0.0, 0.0, 0.0, 0.0, 0.0, 0.0, 0.0, 0.0, 0.0, 0.0, 0.0, 0.0, 0.0, 0.0, 0.0, 0.0, 0.0, 0.0, 0.0, 0.0, 0.0, 0.0, 0.0, 0.0, 0.0, 0.0, 0.0, 0.0, 0.0, 0.0, 0.0, 0.0, 0.0]
2022-12-14 16:45:35,574 Train INFO: mean test reward: 84.8049,0.0000,0.0000,0.0000
2022-12-14 16:45:35,575 Train INFO: test seed: 11************************************
2022-12-14 16:45:37,349 Train INFO: mean test reward1: [80.17807726685038, 78.44778523184381, 80.18109406698525, 76.77711672067556, 77.95595334928746, 79.72964736913539, 77.92696560602322, 75.33428038550117, 76.0476177305406, 75.07170106877437, 75.25422424259905, 78.27715087378535, 80.48688005762442, 70.3676584562608, 76.04564874368957, 75.84347084536634, 79.43973183272728, 79.59179141259825, 74.57158081900879, 81.46874232107132, 76.00817137623679, 78.89916999271627, 72.38578469682874, 75.31934752753628, 78.55532881032609, 84.10293636884118, 74.22485029899094, 73.55694488405587, 77.59084118159988, 75.55123956709353, 78.64702567997752, 80.17877057906813, 75.3895359589481, 73.70907685346201, 82.93387956494159, 76.04613069519925, 76.71633030102349, 70.43013671230032, 82.48297129973811, 78.73456776927142, 78.47120785388842, 77.43489308358413, 73.86206285779801, 77.59347131677849, 81.3679562533462, 70.32376156058714, 64.67017664494601, 82.35173690616497, 81.27964095527977, 79.69165167972476]
2022-12-14 16:45:37,350 Train INFO: mean test reward2: [0.0, 0.0, 0.0, 0.0, 0.0, 0.0, 0.0, 0.0, 0.0, 0.0, 0.0, 0.0, 0.0, 0.0, 0.0, 0.0, 0.0, 0.0, 0.0, 0.0, 0.0, 0.0, 0.0, 0.0, 0.0, 0.0, 0.0, 0.0, 0.0, 0.0, 0.0, 0.0, 0.0, 0.0, 0.0, 0.0, 0.0, 0.0, 0.0, 0.0, 0.0, 0.0, 0.0, 0.0, 0.0, 0.0, 0.0, 0.0, 0.0, 0.0]
2022-12-14 16:45:37,350 Train INFO: mean test reward3: [0.0, 0.0, 0.0, 0.0, 0.0, 0.0, 0.0, 0.0, 0.0, 0.0, 0.0, 0.0, 0.0, 0.0, 0.0, 0.0, 0.0, 0.0, 0.0, 0.0, 0.0, 0.0, 0.0, 0.0, 0.0, 0.0, 0.0, 0.0, 0.0, 0.0, 0.0, 0.0, 0.0, 0.0, 0.0, 0.0, 0.0, 0.0, 0.0, 0.0, 0.0, 0.0, 0.0, 0.0, 0.0, 0.0, 0.0, 0.0, 0.0, 0.0]
2022-12-14 16:45:37,350 Train INFO: mean test reward4: [0.0, 0.0, 0.0, 0.0, 0.0, 0.0, 0.0, 0.0, 0.0, 0.0, 0.0, 0.0, 0.0, 0.0, 0.0, 0.0, 0.0, 0.0, 0.0, 0.0, 0.0, 0.0, 0.0, 0.0, 0.0, 0.0, 0.0, 0.0, 0.0, 0.0, 0.0, 0.0, 0.0, 0.0, 0.0, 0.0, 0.0, 0.0, 0.0, 0.0, 0.0, 0.0, 0.0, 0.0, 0.0, 0.0, 0.0, 0.0, 0.0, 0.0]
2022-12-14 16:45:37,350 Train INFO: mean test reward: 77.1501,0.0000,0.0000,0.0000
2022-12-14 16:45:37,350 Train INFO: test seed: 12************************************
2022-12-14 16:45:39,004 Train INFO: mean test reward1: [83.5979090683477, 84.95450869105615, 86.08506681151988, 80.60694930397719, 83.49175578448349, 82.31910633661145, 82.50242695619697, 75.2529238965509, 82.5757713141952, 86.71498326497942, 81.6650001153928, 83.62208471430822, 82.93164427736531, 78.67642957736606, 79.80788348008197, 75.21878252325905, 91.1250972382097, 79.10832349104598, 84.11941058814686, 81.86035122976178, 84.12189174924355, 84.09577262376425, 79.6969392993971, 81.81609925918659, 82.11063395339313, 85.57909309003291, 76.95008486703162, 77.1132411450989, 80.71076232467361, 82.01738013756133, 81.21430853774083, 89.17696588378227, 84.41840281575443, 84.95346366870663, 84.1224629202429, 83.40136381589271, 84.8824059169923, 78.45375969755204, 89.91689099197167, 83.76696099798708, 83.10411384137872, 85.48365689885333, 83.6158254530074, 77.4793942149852, 81.84290307342542, 81.2446179889063, 83.73644527805487, 76.84480822672182, 86.58078338275556, 86.14412356430597]
2022-12-14 16:45:39,005 Train INFO: mean test reward2: [0.0, 0.0, 0.0, 0.0, 0.0, 0.0, 0.0, 0.0, 0.0, 0.0, 0.0, 0.0, 0.0, 0.0, 0.0, 0.0, 0.0, 0.0, 0.0, 0.0, 0.0, 0.0, 0.0, 0.0, 0.0, 0.0, 0.0, 0.0, 0.0, 0.0, 0.0, 0.0, 0.0, 0.0, 0.0, 0.0, 0.0, 0.0, 0.0, 0.0, 0.0, 0.0, 0.0, 0.0, 0.0, 0.0, 0.0, 0.0, 0.0, 0.0]
2022-12-14 16:45:39,005 Train INFO: mean test reward3: [0.0, 0.0, 0.0, 0.0, 0.0, 0.0, 0.0, 0.0, 0.0, 0.0, 0.0, 0.0, 0.0, 0.0, 0.0, 0.0, 0.0, 0.0, 0.0, 0.0, 0.0, 0.0, 0.0, 0.0, 0.0, 0.0, 0.0, 0.0, 0.0, 0.0, 0.0, 0.0, 0.0, 0.0, 0.0, 0.0, 0.0, 0.0, 0.0, 0.0, 0.0, 0.0, 0.0, 0.0, 0.0, 0.0, 0.0, 0.0, 0.0, 0.0]
2022-12-14 16:45:39,005 Train INFO: mean test reward4: [0.0, 0.0, 0.0, 0.0, 0.0, 0.0, 0.0, 0.0, 0.0, 0.0, 0.0, 0.0, 0.0, 0.0, 0.0, 0.0, 0.0, 0.0, 0.0, 0.0, 0.0, 0.0, 0.0, 0.0, 0.0, 0.0, 0.0, 0.0, 0.0, 0.0, 0.0, 0.0, 0.0, 0.0, 0.0, 0.0, 0.0, 0.0, 0.0, 0.0, 0.0, 0.0, 0.0, 0.0, 0.0, 0.0, 0.0, 0.0, 0.0, 0.0]
2022-12-14 16:45:39,005 Train INFO: mean test reward: 82.6166,0.0000,0.0000,0.0000
2022-12-14 16:45:39,005 Train INFO: test seed: 13************************************
2022-12-14 16:45:40,765 Train INFO: mean test reward1: [76.19456876627476, 77.15655044977919, 80.2098411703668, 77.13175546141358, 77.00738057405277, 74.70370623217244, 76.4291083474402, 72.29021982364877, 75.45444028830673, 76.67728909018473, 79.60923956893463, 76.19315416148935, 83.49175578448349, 74.36768378697575, 73.68993589303727, 73.7409598167557, 80.38518490053978, 77.93557020691001, 76.29626206900562, 85.65552418313587, 75.937489065653, 80.84394000738949, 69.22379759916974, 74.34722315047595, 77.57381390062655, 80.30862481438763, 79.06378462859625, 75.24829041541103, 78.42219398850385, 72.17468216677989, 77.76607333991821, 78.45309295938269, 76.44109507944688, 77.57926264147179, 82.10852873192765, 72.14254657375167, 76.00156535281836, 74.76811677162517, 83.40551561955206, 75.6522257463857, 78.90277909340968, 74.02269740691763, 78.77913311165229, 75.1736458363816, 79.8779299648836, 81.37165989951696, 62.81355832843651, 78.40385571524516, 79.09350546988824, 75.49476593181642]
2022-12-14 16:45:40,765 Train INFO: mean test reward2: [0.0, 0.0, 0.0, 0.0, 0.0, 0.0, 0.0, 0.0, 0.0, 0.0, 0.0, 0.0, 0.0, 0.0, 0.0, 0.0, 0.0, 0.0, 0.0, 0.0, 0.0, 0.0, 0.0, 0.0, 0.0, 0.0, 0.0, 0.0, 0.0, 0.0, 0.0, 0.0, 0.0, 0.0, 0.0, 0.0, 0.0, 0.0, 0.0, 0.0, 0.0, 0.0, 0.0, 0.0, 0.0, 0.0, 0.0, 0.0, 0.0, 0.0]
2022-12-14 16:45:40,765 Train INFO: mean test reward3: [0.0, 0.0, 0.0, 0.0, 0.0, 0.0, 0.0, 0.0, 0.0, 0.0, 0.0, 0.0, 0.0, 0.0, 0.0, 0.0, 0.0, 0.0, 0.0, 0.0, 0.0, 0.0, 0.0, 0.0, 0.0, 0.0, 0.0, 0.0, 0.0, 0.0, 0.0, 0.0, 0.0, 0.0, 0.0, 0.0, 0.0, 0.0, 0.0, 0.0, 0.0, 0.0, 0.0, 0.0, 0.0, 0.0, 0.0, 0.0, 0.0, 0.0]
2022-12-14 16:45:40,765 Train INFO: mean test reward4: [0.0, 0.0, 0.0, 0.0, 0.0, 0.0, 0.0, 0.0, 0.0, 0.0, 0.0, 0.0, 0.0, 0.0, 0.0, 0.0, 0.0, 0.0, 0.0, 0.0, 0.0, 0.0, 0.0, 0.0, 0.0, 0.0, 0.0, 0.0, 0.0, 0.0, 0.0, 0.0, 0.0, 0.0, 0.0, 0.0, 0.0, 0.0, 0.0, 0.0, 0.0, 0.0, 0.0, 0.0, 0.0, 0.0, 0.0, 0.0, 0.0, 0.0]
2022-12-14 16:45:40,765 Train INFO: mean test reward: 76.9203,0.0000,0.0000,0.0000
2022-12-14 16:45:40,765 Train INFO: test seed: 14************************************
2022-12-14 16:45:41,982 Train INFO: mean test reward1: [77.90316849736074, 73.55976348972251, 78.21505629879202, 79.01254341082803, 76.61241618980512, 77.81597732222507, 76.78902501357186, 74.5431057375519, 76.49819011418764, 78.37430808881722, 72.69533452344494, 77.92414700035656, 83.40511356910879, 68.90294111837399, 81.65251712475226, 72.24057431295465, 78.41903812846228, 74.53303132485983, 73.8774151958837, 80.72874622555403, 75.42621180477207, 76.22273951896595, 76.41850877282693, 75.86507507958584, 74.76445210257042, 80.89077109288961, 73.30857076124026, 74.21687379740696, 81.5460217324194, 61.46052027452088, 81.34517853925465, 80.96588295403997, 78.31756013828308, 74.24908121759502, 78.41615531181586, 78.21330913092957, 72.42876226263695, 74.67956111667993, 78.07248139858125, 75.84347084536635, 78.61606249811888, 72.82286527084733, 76.6294028322583, 77.06981926079509, 77.15769668444956, 76.81198612173324, 74.52792559833719, 86.0270645470057, 79.57057032269313, 68.97969315215299]
2022-12-14 16:45:41,982 Train INFO: mean test reward2: [0.0, 0.0, 0.0, 0.0, 0.0, 0.0, 0.0, 0.0, 0.0, 0.0, 0.0, 0.0, 0.0, 0.0, 0.0, 0.0, 0.0, 0.0, 0.0, 0.0, 0.0, 0.0, 0.0, 0.0, 0.0, 0.0, 0.0, 0.0, 0.0, 0.0, 0.0, 0.0, 0.0, 0.0, 0.0, 0.0, 0.0, 0.0, 0.0, 0.0, 0.0, 0.0, 0.0, 0.0, 0.0, 0.0, 0.0, 0.0, 0.0, 0.0]
2022-12-14 16:45:41,983 Train INFO: mean test reward3: [0.0, 0.0, 0.0, 0.0, 0.0, 0.0, 0.0, 0.0, 0.0, 0.0, 0.0, 0.0, 0.0, 0.0, 0.0, 0.0, 0.0, 0.0, 0.0, 0.0, 0.0, 0.0, 0.0, 0.0, 0.0, 0.0, 0.0, 0.0, 0.0, 0.0, 0.0, 0.0, 0.0, 0.0, 0.0, 0.0, 0.0, 0.0, 0.0, 0.0, 0.0, 0.0, 0.0, 0.0, 0.0, 0.0, 0.0, 0.0, 0.0, 0.0]
2022-12-14 16:45:41,983 Train INFO: mean test reward4: [0.0, 0.0, 0.0, 0.0, 0.0, 0.0, 0.0, 0.0, 0.0, 0.0, 0.0, 0.0, 0.0, 0.0, 0.0, 0.0, 0.0, 0.0, 0.0, 0.0, 0.0, 0.0, 0.0, 0.0, 0.0, 0.0, 0.0, 0.0, 0.0, 0.0, 0.0, 0.0, 0.0, 0.0, 0.0, 0.0, 0.0, 0.0, 0.0, 0.0, 0.0, 0.0, 0.0, 0.0, 0.0, 0.0, 0.0, 0.0, 0.0, 0.0]
2022-12-14 16:45:41,983 Train INFO: mean test reward: 76.4913,0.0000,0.0000,0.0000
2022-12-14 16:45:41,984 Train INFO: test seed: 15************************************
2022-12-14 16:45:43,346 Train INFO: mean test reward1: [75.49758453748305, 77.90084863782025, 79.4754954012613, 72.19003172827226, 78.10936042501008, 75.60215417672401, 76.05871118432587, 72.71464892527433, 72.98329522786905, 79.60302614866367, 76.78305054786362, 75.52606573712731, 79.45113690212251, 75.2494366500814, 77.24077189250127, 74.31071370063523, 80.76120036620462, 76.88860225950509, 77.2301135071262, 82.8021060298404, 74.70498766275573, 77.7273956740951, 69.69556321991979, 76.48858888964801, 78.10075582412327, 79.92934332604577, 76.99829088682316, 72.38067362182132, 73.2163426197536, 73.38515291763075, 78.48537589067494, 78.44185140465576, 71.85445588098284, 77.9325696804431, 79.36301459456239, 71.18391000672715, 75.78384135004764, 72.19645943463227, 81.34284858515561, 75.96457388640867, 72.99701002400373, 72.81643756448727, 73.58154610605963, 78.088847531227, 76.05985741899624, 70.36945421065539, 74.06297544382029, 77.25828425981742, 78.27715087378533, 78.21269978507853]
2022-12-14 16:45:43,347 Train INFO: mean test reward2: [0.0, 0.0, 0.0, 0.0, 0.0, 0.0, 0.0, 0.0, 0.0, 0.0, 0.0, 0.0, 0.0, 0.0, 0.0, 0.0, 0.0, 0.0, 0.0, 0.0, 0.0, 0.0, 0.0, 0.0, 0.0, 0.0, 0.0, 0.0, 0.0, 0.0, 0.0, 0.0, 0.0, 0.0, 0.0, 0.0, 0.0, 0.0, 0.0, 0.0, 0.0, 0.0, 0.0, 0.0, 0.0, 0.0, 0.0, 0.0, 0.0, 0.0]
2022-12-14 16:45:43,347 Train INFO: mean test reward3: [0.0, 0.0, 0.0, 0.0, 0.0, 0.0, 0.0, 0.0, 0.0, 0.0, 0.0, 0.0, 0.0, 0.0, 0.0, 0.0, 0.0, 0.0, 0.0, 0.0, 0.0, 0.0, 0.0, 0.0, 0.0, 0.0, 0.0, 0.0, 0.0, 0.0, 0.0, 0.0, 0.0, 0.0, 0.0, 0.0, 0.0, 0.0, 0.0, 0.0, 0.0, 0.0, 0.0, 0.0, 0.0, 0.0, 0.0, 0.0, 0.0, 0.0]
2022-12-14 16:45:43,347 Train INFO: mean test reward4: [0.0, 0.0, 0.0, 0.0, 0.0, 0.0, 0.0, 0.0, 0.0, 0.0, 0.0, 0.0, 0.0, 0.0, 0.0, 0.0, 0.0, 0.0, 0.0, 0.0, 0.0, 0.0, 0.0, 0.0, 0.0, 0.0, 0.0, 0.0, 0.0, 0.0, 0.0, 0.0, 0.0, 0.0, 0.0, 0.0, 0.0, 0.0, 0.0, 0.0, 0.0, 0.0, 0.0, 0.0, 0.0, 0.0, 0.0, 0.0, 0.0, 0.0]
2022-12-14 16:45:43,347 Train INFO: mean test reward: 76.0656,0.0000,0.0000,0.0000
2022-12-14 16:45:43,347 Train INFO: test seed: 16************************************
2022-12-14 16:45:45,117 Train INFO: mean test reward1: [82.47630998799403, 81.84290307342538, 82.97010521496301, 77.26918924311467, 79.59179141259824, 67.78213297167444, 77.30736233618174, 80.26557168780619, 76.71122457450083, 82.66224669853024, 77.16231922146324, 78.30011198194671, 86.58078338275556, 75.0835898845406, 82.1266637342999, 76.86845975701038, 84.05982633668467, 82.90844944277453, 79.60039601348507, 85.31662038187974, 78.58685388085414, 82.63550709527121, 80.44499911723952, 80.56187668754127, 76.61835001699319, 79.19688481112732, 83.11256403553278, 80.24881059768786, 80.45756335873234, 67.51992559715262, 82.97435697614132, 83.46502325468379, 76.61256402177301, 84.26302323176367, 81.85966438372589, 75.4595592763838, 78.42457799190237, 74.3912919021508, 80.47050673959143, 75.95645211679104, 81.45526113032065, 77.47784886227238, 82.96809771484045, 77.4320300328199, 82.9564405914816, 80.24174079077113, 71.49682633570725, 83.41118770211853, 82.74159616815562, 80.34845164464937]
2022-12-14 16:45:45,118 Train INFO: mean test reward2: [0.0, 0.0, 0.0, 0.0, 0.0, 0.0, 0.0, 0.0, 0.0, 0.0, 0.0, 0.0, 0.0, 0.0, 0.0, 0.0, 0.0, 0.0, 0.0, 0.0, 0.0, 0.0, 0.0, 0.0, 0.0, 0.0, 0.0, 0.0, 0.0, 0.0, 0.0, 0.0, 0.0, 0.0, 0.0, 0.0, 0.0, 0.0, 0.0, 0.0, 0.0, 0.0, 0.0, 0.0, 0.0, 0.0, 0.0, 0.0, 0.0, 0.0]
2022-12-14 16:45:45,118 Train INFO: mean test reward3: [0.0, 0.0, 0.0, 0.0, 0.0, 0.0, 0.0, 0.0, 0.0, 0.0, 0.0, 0.0, 0.0, 0.0, 0.0, 0.0, 0.0, 0.0, 0.0, 0.0, 0.0, 0.0, 0.0, 0.0, 0.0, 0.0, 0.0, 0.0, 0.0, 0.0, 0.0, 0.0, 0.0, 0.0, 0.0, 0.0, 0.0, 0.0, 0.0, 0.0, 0.0, 0.0, 0.0, 0.0, 0.0, 0.0, 0.0, 0.0, 0.0, 0.0]
2022-12-14 16:45:45,118 Train INFO: mean test reward4: [0.0, 0.0, 0.0, 0.0, 0.0, 0.0, 0.0, 0.0, 0.0, 0.0, 0.0, 0.0, 0.0, 0.0, 0.0, 0.0, 0.0, 0.0, 0.0, 0.0, 0.0, 0.0, 0.0, 0.0, 0.0, 0.0, 0.0, 0.0, 0.0, 0.0, 0.0, 0.0, 0.0, 0.0, 0.0, 0.0, 0.0, 0.0, 0.0, 0.0, 0.0, 0.0, 0.0, 0.0, 0.0, 0.0, 0.0, 0.0, 0.0, 0.0]
2022-12-14 16:45:45,118 Train INFO: mean test reward: 79.6135,0.0000,0.0000,0.0000
2022-12-14 16:45:45,118 Train INFO: test seed: 17************************************
2022-12-14 16:45:47,039 Train INFO: mean test reward1: [83.10951170343677, 78.35143060164393, 87.06480622676025, 85.58660994985195, 75.39464168547076, 80.99193571126311, 85.45386477312225, 79.76227793868887, 77.24493145873252, 83.94493352401092, 84.75246561902415, 84.54185092253455, 80.9412560343279, 78.62754991565214, 81.19153082364932, 80.34992419580773, 86.19070363359265, 83.46200347441261, 78.27632496784278, 87.27392359850772, 83.82517132839389, 80.83332790638018, 75.49643032468374, 81.35050809700982, 78.46963542298694, 90.7789581186565, 80.81241166733751, 79.0756929214925, 78.702546545569, 78.29150738105989, 81.61012687995276, 87.05256192466702, 74.86852786263945, 86.1495196393925, 86.05137114420057, 78.42464220288215, 76.45567855629501, 79.1109536262246, 86.00995166850205, 80.74684385893003, 82.12910583669051, 78.85021979546613, 81.9427204796583, 84.03233567640996, 80.20488108108918, 84.4981522778163, 77.54637495258623, 83.4594833912437, 84.37299033816917, 82.42878491033396]
2022-12-14 16:45:47,039 Train INFO: mean test reward2: [0.0, 0.0, 0.0, 0.0, 0.0, 0.0, 0.0, 0.0, 0.0, 0.0, 0.0, 0.0, 0.0, 0.0, 0.0, 0.0, 0.0, 0.0, 0.0, 0.0, 0.0, 0.0, 0.0, 0.0, 0.0, 0.0, 0.0, 0.0, 0.0, 0.0, 0.0, 0.0, 0.0, 0.0, 0.0, 0.0, 0.0, 0.0, 0.0, 0.0, 0.0, 0.0, 0.0, 0.0, 0.0, 0.0, 0.0, 0.0, 0.0, 0.0]
2022-12-14 16:45:47,039 Train INFO: mean test reward3: [0.0, 0.0, 0.0, 0.0, 0.0, 0.0, 0.0, 0.0, 0.0, 0.0, 0.0, 0.0, 0.0, 0.0, 0.0, 0.0, 0.0, 0.0, 0.0, 0.0, 0.0, 0.0, 0.0, 0.0, 0.0, 0.0, 0.0, 0.0, 0.0, 0.0, 0.0, 0.0, 0.0, 0.0, 0.0, 0.0, 0.0, 0.0, 0.0, 0.0, 0.0, 0.0, 0.0, 0.0, 0.0, 0.0, 0.0, 0.0, 0.0, 0.0]
2022-12-14 16:45:47,039 Train INFO: mean test reward4: [0.0, 0.0, 0.0, 0.0, 0.0, 0.0, 0.0, 0.0, 0.0, 0.0, 0.0, 0.0, 0.0, 0.0, 0.0, 0.0, 0.0, 0.0, 0.0, 0.0, 0.0, 0.0, 0.0, 0.0, 0.0, 0.0, 0.0, 0.0, 0.0, 0.0, 0.0, 0.0, 0.0, 0.0, 0.0, 0.0, 0.0, 0.0, 0.0, 0.0, 0.0, 0.0, 0.0, 0.0, 0.0, 0.0, 0.0, 0.0, 0.0, 0.0]
2022-12-14 16:45:47,039 Train INFO: mean test reward: 81.7219,0.0000,0.0000,0.0000
2022-12-14 16:45:47,040 Train INFO: test seed: 18************************************
