2022-12-12 21:00:20,678 Train INFO: Namespace(logger=<Logger Train (INFO)>, name='A2C2022-12-12-21-00-20', gpu='0', device=device(type='cuda', index=0), gamma=1, epoch_num=3000, test_episode=50, val_episode=50, test_size=0.1, val_size=0.5, batch_size=50, train_batch_size=50, num_steps=10, h=1, w=[120, 50], nn_out=40, share_lr=0.0001, actor_lr=1e-05, critic_lr=0.01, step=10, lr_min=1e-05, e_rate=0.001, a_rate=1, c_rate=1, lr_decay_lambda=0.999, load=False, duse_T=True, est_T=False, use_pref=False, same_price=False, use_price=True, only_test=True, test_benchmark=False, change_T=True, num='109', print_grad=False, max_norm=10, seed_range=20, net_seed=10, seed=0, info=True, selling_length=150, cardinality=4, ini_inv=2, num_products=100, number_samples=10000, num_cus_types=4, seg_prob=None, num_cus_features=4, MNLdata=10000, p_file='../Gene_databeta/simul/p10_random.npy', c_file='../Gene_databeta/simul/c4_random.npy')
2022-12-12 21:00:20,679 Train INFO: log/A2C2022-12-12-21-00-20
2022-12-12 21:00:23,967 Train INFO: products price: [1649.73814547 1127.61563842  931.02871698 1360.34237971  725.13091995
  923.26577906 1048.06358099 1335.59336555 1195.40725861 1064.01482778
  911.06874296 1048.7285084   862.45852977  562.0352617  1338.46425903
  990.15321765  520.29278707 1208.23053483 1211.78612974 1415.52984074
  793.16221683 1876.27989159 1532.58284504  955.82118943 1761.86348334
  839.64872328  552.35384058 1249.34487063  512.10224121 1264.40811504
  800.71457455 1724.21396565 1820.46937714 1053.61927862 1303.52226404
  687.23532693  553.41199285 1166.92080199  888.36091138 1555.51175855
  945.60906956  904.8232257   185.11950973  956.00340393  921.97706365
  777.00211129 1233.85864419 1855.13122698 1247.19421357  809.85084994
  477.38637086 1180.64638022  688.85646935 1821.84964101 1336.34462326
 1180.51360642  846.06710047  671.01312444  972.26852132  920.40072648
 1206.16552071 1416.03566126 1211.55189823  896.40685864 1067.94770214
 1577.1507714  1254.63336377 1273.60053127  109.15494726 1404.48282551
 1341.31287433  440.47487253 1148.9827406  1464.57599267 1204.3751098
  570.81428852  460.8940235  1490.06233971 1354.33031959  984.32869752
 1393.98066869  796.41108887 1427.58864888 1277.02973902 1164.10629816
 1159.15216995 1300.53489406 1407.42098991  808.96765814  987.27313092
  169.27919123  946.08274828 1174.39447852  944.25927782 1517.41984827
 1615.68280386  142.22238131  657.0012701  1487.17636032 1170.3680706 ]
2022-12-12 21:00:23,968 Train INFO: seg_prob [0.21154331 0.33382619 0.24539256 0.20923794]
2022-12-12 21:00:23,968 Train INFO: Load Factor 0.75
2022-12-12 21:00:23,973 Train INFO: test seed: 0************************************
2022-12-12 21:00:27,600 Train INFO: mean test reward1: [82.03025157832309, 86.03030154920032, 80.8976117334699, 81.32486743454194, 84.48020795745133, 76.94624793695709, 79.88477526612743, 81.53331255592191, 77.48326233457689, 84.58335922224913, 85.49924931500225, 84.2700779720646, 81.55076753748114, 76.14640546704334, 82.74194113124248, 77.44198438073498, 88.52621530358694, 85.56035835027944, 84.93529565687422, 86.91261348845724, 84.02693455837947, 83.76498306840836, 82.96688321002758, 81.92465173685406, 84.14080295894219, 87.94829789243282, 82.61007120340581, 84.61856049536242, 84.68831379538989, 76.90884468096507, 86.99278281959243, 89.03019611892228, 81.25442374009168, 80.55072160527571, 79.90951265075915, 84.74160849316777, 83.54405472082354, 82.05734616843168, 82.08227786455306, 80.63143931397002, 80.99885295461732, 78.73482518785801, 79.11302305017307, 84.29727977572571, 79.02022106518153, 90.15672656574267, 78.73259788259494, 86.09678945984696, 85.57876729169527, 85.46976064670623]
2022-12-12 21:00:27,601 Train INFO: mean test reward2: [0.0, 0.0, 0.0, 0.0, 0.0, 0.0, 0.0, 0.0, 0.0, 0.0, 0.0, 0.0, 0.0, 0.0, 0.0, 0.0, 0.0, 0.0, 0.0, 0.0, 0.0, 0.0, 0.0, 0.0, 0.0, 0.0, 0.0, 0.0, 0.0, 0.0, 0.0, 0.0, 0.0, 0.0, 0.0, 0.0, 0.0, 0.0, 0.0, 0.0, 0.0, 0.0, 0.0, 0.0, 0.0, 0.0, 0.0, 0.0, 0.0, 0.0]
2022-12-12 21:00:27,601 Train INFO: mean test reward3: [0.0, 0.0, 0.0, 0.0, 0.0, 0.0, 0.0, 0.0, 0.0, 0.0, 0.0, 0.0, 0.0, 0.0, 0.0, 0.0, 0.0, 0.0, 0.0, 0.0, 0.0, 0.0, 0.0, 0.0, 0.0, 0.0, 0.0, 0.0, 0.0, 0.0, 0.0, 0.0, 0.0, 0.0, 0.0, 0.0, 0.0, 0.0, 0.0, 0.0, 0.0, 0.0, 0.0, 0.0, 0.0, 0.0, 0.0, 0.0, 0.0, 0.0]
2022-12-12 21:00:27,601 Train INFO: mean test reward4: [0.0, 0.0, 0.0, 0.0, 0.0, 0.0, 0.0, 0.0, 0.0, 0.0, 0.0, 0.0, 0.0, 0.0, 0.0, 0.0, 0.0, 0.0, 0.0, 0.0, 0.0, 0.0, 0.0, 0.0, 0.0, 0.0, 0.0, 0.0, 0.0, 0.0, 0.0, 0.0, 0.0, 0.0, 0.0, 0.0, 0.0, 0.0, 0.0, 0.0, 0.0, 0.0, 0.0, 0.0, 0.0, 0.0, 0.0, 0.0, 0.0, 0.0]
2022-12-12 21:00:27,601 Train INFO: mean test reward: 82.8274,0.0000,0.0000,0.0000
2022-12-12 21:00:27,602 Train INFO: test seed: 1************************************
2022-12-12 21:00:30,149 Train INFO: mean test reward1: [83.56367259636998, 67.73911673354533, 83.52843017503298, 72.08951153158044, 72.30830024385784, 80.0922579608463, 77.86471872448718, 82.11096928701738, 71.52993660408205, 83.66927243783901, 79.27240248221821, 80.38689058736831, 82.25927488132632, 70.30440851000958, 81.63402824018719, 69.71281518077619, 83.10666508316469, 83.58112075270635, 78.78342370149876, 78.81273837046265, 77.26829854971437, 78.29782295237827, 79.41478950676091, 86.40501257567188, 81.29181033440584, 87.38483116143736, 81.33802392507731, 81.95932698152374, 81.39671364985833, 72.20747626602883, 78.6792793422886, 81.41951615151895, 74.17387571233733, 82.29462023401118, 79.42596859035287, 79.49830258515739, 75.47082089197609, 79.1597804789618, 82.0485242384004, 86.03030154920032, 79.97349935267336, 77.16212668684568, 80.58433048328537, 79.20292803965188, 78.67007249711081, 85.6327491413501, 76.43092691306771, 78.85396871117747, 81.63303251518452, 85.55877102809714]
2022-12-12 21:00:30,150 Train INFO: mean test reward2: [0.0, 0.0, 0.0, 0.0, 0.0, 0.0, 0.0, 0.0, 0.0, 0.0, 0.0, 0.0, 0.0, 0.0, 0.0, 0.0, 0.0, 0.0, 0.0, 0.0, 0.0, 0.0, 0.0, 0.0, 0.0, 0.0, 0.0, 0.0, 0.0, 0.0, 0.0, 0.0, 0.0, 0.0, 0.0, 0.0, 0.0, 0.0, 0.0, 0.0, 0.0, 0.0, 0.0, 0.0, 0.0, 0.0, 0.0, 0.0, 0.0, 0.0]
2022-12-12 21:00:30,150 Train INFO: mean test reward3: [0.0, 0.0, 0.0, 0.0, 0.0, 0.0, 0.0, 0.0, 0.0, 0.0, 0.0, 0.0, 0.0, 0.0, 0.0, 0.0, 0.0, 0.0, 0.0, 0.0, 0.0, 0.0, 0.0, 0.0, 0.0, 0.0, 0.0, 0.0, 0.0, 0.0, 0.0, 0.0, 0.0, 0.0, 0.0, 0.0, 0.0, 0.0, 0.0, 0.0, 0.0, 0.0, 0.0, 0.0, 0.0, 0.0, 0.0, 0.0, 0.0, 0.0]
2022-12-12 21:00:30,150 Train INFO: mean test reward4: [0.0, 0.0, 0.0, 0.0, 0.0, 0.0, 0.0, 0.0, 0.0, 0.0, 0.0, 0.0, 0.0, 0.0, 0.0, 0.0, 0.0, 0.0, 0.0, 0.0, 0.0, 0.0, 0.0, 0.0, 0.0, 0.0, 0.0, 0.0, 0.0, 0.0, 0.0, 0.0, 0.0, 0.0, 0.0, 0.0, 0.0, 0.0, 0.0, 0.0, 0.0, 0.0, 0.0, 0.0, 0.0, 0.0, 0.0, 0.0, 0.0, 0.0]
2022-12-12 21:00:30,150 Train INFO: mean test reward: 79.4243,0.0000,0.0000,0.0000
2022-12-12 21:00:30,150 Train INFO: test seed: 2************************************
2022-12-12 21:00:32,738 Train INFO: mean test reward1: [72.48442219458946, 60.39000610126051, 78.28908967309937, 76.57712629754735, 69.64253777199407, 72.1373981281585, 74.39391093017652, 72.15585306984171, 71.32448128442283, 76.5007124224604, 75.7318873982184, 78.60608791150307, 78.75074064245847, 69.43009582028185, 69.71630655689037, 66.80198543014997, 80.81809449210176, 75.75497894513069, 73.16960848251851, 80.99196830881097, 69.6800342888029, 71.3898262809245, 74.26665968788186, 74.97229424619475, 72.73816863736315, 84.59771609181665, 78.57766484212337, 72.2051980900339, 75.53630999323865, 76.44724780318705, 75.46523969208127, 82.9951933521913, 75.6024932330947, 73.51200497432181, 81.95645685105194, 75.9285827217685, 75.07789408766378, 68.03372845049158, 75.13412985031749, 68.33239972388513, 73.02137624245009, 67.54745397859278, 73.12933965735299, 75.96882467050096, 78.80860096113517, 81.60062410450101, 71.47692845843896, 81.29483079660848, 77.72751900706415, 72.33490462402695]
2022-12-12 21:00:32,741 Train INFO: mean test reward2: [0.0, 0.0, 0.0, 0.0, 0.0, 0.0, 0.0, 0.0, 0.0, 0.0, 0.0, 0.0, 0.0, 0.0, 0.0, 0.0, 0.0, 0.0, 0.0, 0.0, 0.0, 0.0, 0.0, 0.0, 0.0, 0.0, 0.0, 0.0, 0.0, 0.0, 0.0, 0.0, 0.0, 0.0, 0.0, 0.0, 0.0, 0.0, 0.0, 0.0, 0.0, 0.0, 0.0, 0.0, 0.0, 0.0, 0.0, 0.0, 0.0, 0.0]
2022-12-12 21:00:32,741 Train INFO: mean test reward3: [0.0, 0.0, 0.0, 0.0, 0.0, 0.0, 0.0, 0.0, 0.0, 0.0, 0.0, 0.0, 0.0, 0.0, 0.0, 0.0, 0.0, 0.0, 0.0, 0.0, 0.0, 0.0, 0.0, 0.0, 0.0, 0.0, 0.0, 0.0, 0.0, 0.0, 0.0, 0.0, 0.0, 0.0, 0.0, 0.0, 0.0, 0.0, 0.0, 0.0, 0.0, 0.0, 0.0, 0.0, 0.0, 0.0, 0.0, 0.0, 0.0, 0.0]
2022-12-12 21:00:32,742 Train INFO: mean test reward4: [0.0, 0.0, 0.0, 0.0, 0.0, 0.0, 0.0, 0.0, 0.0, 0.0, 0.0, 0.0, 0.0, 0.0, 0.0, 0.0, 0.0, 0.0, 0.0, 0.0, 0.0, 0.0, 0.0, 0.0, 0.0, 0.0, 0.0, 0.0, 0.0, 0.0, 0.0, 0.0, 0.0, 0.0, 0.0, 0.0, 0.0, 0.0, 0.0, 0.0, 0.0, 0.0, 0.0, 0.0, 0.0, 0.0, 0.0, 0.0, 0.0, 0.0]
2022-12-12 21:00:32,742 Train INFO: mean test reward: 74.5805,0.0000,0.0000,0.0000
2022-12-12 21:00:32,742 Train INFO: test seed: 3************************************
2022-12-12 21:00:35,578 Train INFO: mean test reward1: [83.0148137350102, 75.41860614803385, 81.8667965240009, 82.45639327936817, 66.95017091996121, 81.95645685105193, 77.86058131515969, 82.1517523071194, 68.8102555122345, 82.0671728620629, 82.1109692870174, 85.07478647635992, 86.6138003412287, 76.11389679786397, 89.09375820106752, 77.8647187244872, 85.59053417045239, 80.5507216052757, 82.35637518488791, 78.07269295170498, 83.19133566600614, 78.33495974865326, 77.09265224427934, 83.75433027797216, 75.57438539512268, 84.2167832742867, 78.9934968329782, 81.28599763884733, 82.08227786455306, 77.16227875486939, 81.73273495158635, 83.75598912937218, 83.29830914256502, 79.37800232368724, 77.02967915980273, 83.86306328975867, 81.30561551439378, 78.48746531340394, 80.081473243061, 74.84490442621647, 80.60274789150567, 76.49966440107504, 75.74856372579637, 77.10227951056545, 85.06924661291983, 82.32646063575646, 62.13141437583224, 81.12151716484968, 82.83500205446104, 82.40653671234831]
2022-12-12 21:00:35,580 Train INFO: mean test reward2: [0.0, 0.0, 0.0, 0.0, 0.0, 0.0, 0.0, 0.0, 0.0, 0.0, 0.0, 0.0, 0.0, 0.0, 0.0, 0.0, 0.0, 0.0, 0.0, 0.0, 0.0, 0.0, 0.0, 0.0, 0.0, 0.0, 0.0, 0.0, 0.0, 0.0, 0.0, 0.0, 0.0, 0.0, 0.0, 0.0, 0.0, 0.0, 0.0, 0.0, 0.0, 0.0, 0.0, 0.0, 0.0, 0.0, 0.0, 0.0, 0.0, 0.0]
2022-12-12 21:00:35,580 Train INFO: mean test reward3: [0.0, 0.0, 0.0, 0.0, 0.0, 0.0, 0.0, 0.0, 0.0, 0.0, 0.0, 0.0, 0.0, 0.0, 0.0, 0.0, 0.0, 0.0, 0.0, 0.0, 0.0, 0.0, 0.0, 0.0, 0.0, 0.0, 0.0, 0.0, 0.0, 0.0, 0.0, 0.0, 0.0, 0.0, 0.0, 0.0, 0.0, 0.0, 0.0, 0.0, 0.0, 0.0, 0.0, 0.0, 0.0, 0.0, 0.0, 0.0, 0.0, 0.0]
2022-12-12 21:00:35,581 Train INFO: mean test reward4: [0.0, 0.0, 0.0, 0.0, 0.0, 0.0, 0.0, 0.0, 0.0, 0.0, 0.0, 0.0, 0.0, 0.0, 0.0, 0.0, 0.0, 0.0, 0.0, 0.0, 0.0, 0.0, 0.0, 0.0, 0.0, 0.0, 0.0, 0.0, 0.0, 0.0, 0.0, 0.0, 0.0, 0.0, 0.0, 0.0, 0.0, 0.0, 0.0, 0.0, 0.0, 0.0, 0.0, 0.0, 0.0, 0.0, 0.0, 0.0, 0.0, 0.0]
2022-12-12 21:00:35,581 Train INFO: mean test reward: 79.9461,0.0000,0.0000,0.0000
2022-12-12 21:00:35,582 Train INFO: test seed: 4************************************
2022-12-12 21:00:38,364 Train INFO: mean test reward1: [82.5354321256597, 76.32939659874252, 78.0426675914101, 76.85401379574458, 70.87854247654057, 78.52401113341497, 73.65395685435506, 71.71232023134002, 70.52322088463868, 75.78338621036622, 84.51179186439394, 82.18416071780291, 88.38773805163162, 74.25146605487919, 79.07104688408535, 67.82736265649162, 85.61675744936753, 82.71195405665566, 80.16654712077236, 79.88477526612746, 81.18531525292366, 85.0340453398066, 77.40505461273163, 86.32484324453668, 80.3360647684645, 85.01722032668985, 84.43065055009548, 83.4547603491708, 82.71195405665564, 73.04848800613061, 81.1342582185776, 88.1208127608026, 79.19921105143271, 82.71484654113387, 81.7512409903192, 76.90992574345351, 83.63128228016676, 76.93537388833028, 83.20960832608347, 78.47423195615826, 79.83394944722363, 72.48855210897666, 84.31652255155463, 79.93954928869265, 81.2792526237876, 82.1841607178029, 78.35679124692628, 80.68159992722201, 85.44168316533217, 78.78342370149876]
2022-12-12 21:00:38,365 Train INFO: mean test reward2: [0.0, 0.0, 0.0, 0.0, 0.0, 0.0, 0.0, 0.0, 0.0, 0.0, 0.0, 0.0, 0.0, 0.0, 0.0, 0.0, 0.0, 0.0, 0.0, 0.0, 0.0, 0.0, 0.0, 0.0, 0.0, 0.0, 0.0, 0.0, 0.0, 0.0, 0.0, 0.0, 0.0, 0.0, 0.0, 0.0, 0.0, 0.0, 0.0, 0.0, 0.0, 0.0, 0.0, 0.0, 0.0, 0.0, 0.0, 0.0, 0.0, 0.0]
2022-12-12 21:00:38,365 Train INFO: mean test reward3: [0.0, 0.0, 0.0, 0.0, 0.0, 0.0, 0.0, 0.0, 0.0, 0.0, 0.0, 0.0, 0.0, 0.0, 0.0, 0.0, 0.0, 0.0, 0.0, 0.0, 0.0, 0.0, 0.0, 0.0, 0.0, 0.0, 0.0, 0.0, 0.0, 0.0, 0.0, 0.0, 0.0, 0.0, 0.0, 0.0, 0.0, 0.0, 0.0, 0.0, 0.0, 0.0, 0.0, 0.0, 0.0, 0.0, 0.0, 0.0, 0.0, 0.0]
2022-12-12 21:00:38,365 Train INFO: mean test reward4: [0.0, 0.0, 0.0, 0.0, 0.0, 0.0, 0.0, 0.0, 0.0, 0.0, 0.0, 0.0, 0.0, 0.0, 0.0, 0.0, 0.0, 0.0, 0.0, 0.0, 0.0, 0.0, 0.0, 0.0, 0.0, 0.0, 0.0, 0.0, 0.0, 0.0, 0.0, 0.0, 0.0, 0.0, 0.0, 0.0, 0.0, 0.0, 0.0, 0.0, 0.0, 0.0, 0.0, 0.0, 0.0, 0.0, 0.0, 0.0, 0.0, 0.0]
2022-12-12 21:00:38,365 Train INFO: mean test reward: 79.8757,0.0000,0.0000,0.0000
2022-12-12 21:00:38,365 Train INFO: test seed: 5************************************
2022-12-12 21:00:41,031 Train INFO: mean test reward1: [79.13484155067846, 71.81225323415043, 72.48931760516864, 68.4920041092324, 77.82942556134381, 78.39000402671041, 67.13147742774838, 67.11705896425931, 73.17173721170322, 80.13522938220342, 75.97589638659281, 78.50382014310671, 84.6945408107069, 75.607599142061, 79.41195238766798, 71.14257294809345, 82.43537288295565, 73.76466239134422, 75.92773651515128, 80.11067536906663, 77.2855133273952, 81.25539299197564, 77.22145121716727, 78.48804915599325, 76.31997151321262, 84.51323951135453, 79.52699400762172, 76.89904064642515, 81.24184931012522, 76.59077568730035, 75.84495672208759, 83.05049340320011, 77.5073214139738, 80.12346590420367, 78.47838909049862, 76.74724674064014, 74.43099276620356, 78.11165084847596, 77.6252749396976, 72.19676010799492, 77.06588575857816, 78.50892508491884, 71.88039037670428, 81.6449793646792, 74.27850705416755, 85.20406148948234, 63.90995742024668, 76.47303097173318, 83.71912900485889, 85.05557689522924]
2022-12-12 21:00:41,031 Train INFO: mean test reward2: [0.0, 0.0, 0.0, 0.0, 0.0, 0.0, 0.0, 0.0, 0.0, 0.0, 0.0, 0.0, 0.0, 0.0, 0.0, 0.0, 0.0, 0.0, 0.0, 0.0, 0.0, 0.0, 0.0, 0.0, 0.0, 0.0, 0.0, 0.0, 0.0, 0.0, 0.0, 0.0, 0.0, 0.0, 0.0, 0.0, 0.0, 0.0, 0.0, 0.0, 0.0, 0.0, 0.0, 0.0, 0.0, 0.0, 0.0, 0.0, 0.0, 0.0]
2022-12-12 21:00:41,031 Train INFO: mean test reward3: [0.0, 0.0, 0.0, 0.0, 0.0, 0.0, 0.0, 0.0, 0.0, 0.0, 0.0, 0.0, 0.0, 0.0, 0.0, 0.0, 0.0, 0.0, 0.0, 0.0, 0.0, 0.0, 0.0, 0.0, 0.0, 0.0, 0.0, 0.0, 0.0, 0.0, 0.0, 0.0, 0.0, 0.0, 0.0, 0.0, 0.0, 0.0, 0.0, 0.0, 0.0, 0.0, 0.0, 0.0, 0.0, 0.0, 0.0, 0.0, 0.0, 0.0]
2022-12-12 21:00:41,031 Train INFO: mean test reward4: [0.0, 0.0, 0.0, 0.0, 0.0, 0.0, 0.0, 0.0, 0.0, 0.0, 0.0, 0.0, 0.0, 0.0, 0.0, 0.0, 0.0, 0.0, 0.0, 0.0, 0.0, 0.0, 0.0, 0.0, 0.0, 0.0, 0.0, 0.0, 0.0, 0.0, 0.0, 0.0, 0.0, 0.0, 0.0, 0.0, 0.0, 0.0, 0.0, 0.0, 0.0, 0.0, 0.0, 0.0, 0.0, 0.0, 0.0, 0.0, 0.0, 0.0]
2022-12-12 21:00:41,031 Train INFO: mean test reward: 77.0895,0.0000,0.0000,0.0000
2022-12-12 21:00:41,032 Train INFO: test seed: 6************************************
2022-12-12 21:00:43,603 Train INFO: mean test reward1: [71.73253514159718, 66.12982098452379, 77.79976563924069, 64.87912285762194, 73.58018806945874, 76.18569977563473, 71.35955877530445, 69.72800881377889, 77.2736577844005, 79.93560108503124, 76.40696812398609, 75.63090049833019, 79.27678757565853, 75.26675402533161, 81.80339627513062, 74.77608325188129, 80.41000252074049, 77.82927349332009, 73.59340170169156, 71.65980606013431, 72.5782800230676, 81.0078238031713, 75.52064106930742, 76.19603417673198, 72.2941605079329, 79.55685604605893, 73.29119309960072, 71.92199048494696, 75.77280347467969, 74.97461096020953, 75.50014594295178, 83.75433027797216, 72.07443765896309, 78.74326392789632, 71.22579661040521, 74.25146605487917, 79.24415838036667, 68.22556478045198, 78.1328869728442, 71.28852701216694, 72.59167077100393, 71.87084257968839, 77.16984482051288, 77.40505461273163, 78.62580290182561, 78.71195610605673, 75.62645202217632, 80.3260219696627, 78.92485901864625, 76.53048472239556]
2022-12-12 21:00:43,604 Train INFO: mean test reward2: [0.0, 0.0, 0.0, 0.0, 0.0, 0.0, 0.0, 0.0, 0.0, 0.0, 0.0, 0.0, 0.0, 0.0, 0.0, 0.0, 0.0, 0.0, 0.0, 0.0, 0.0, 0.0, 0.0, 0.0, 0.0, 0.0, 0.0, 0.0, 0.0, 0.0, 0.0, 0.0, 0.0, 0.0, 0.0, 0.0, 0.0, 0.0, 0.0, 0.0, 0.0, 0.0, 0.0, 0.0, 0.0, 0.0, 0.0, 0.0, 0.0, 0.0]
2022-12-12 21:00:43,604 Train INFO: mean test reward3: [0.0, 0.0, 0.0, 0.0, 0.0, 0.0, 0.0, 0.0, 0.0, 0.0, 0.0, 0.0, 0.0, 0.0, 0.0, 0.0, 0.0, 0.0, 0.0, 0.0, 0.0, 0.0, 0.0, 0.0, 0.0, 0.0, 0.0, 0.0, 0.0, 0.0, 0.0, 0.0, 0.0, 0.0, 0.0, 0.0, 0.0, 0.0, 0.0, 0.0, 0.0, 0.0, 0.0, 0.0, 0.0, 0.0, 0.0, 0.0, 0.0, 0.0]
2022-12-12 21:00:43,604 Train INFO: mean test reward4: [0.0, 0.0, 0.0, 0.0, 0.0, 0.0, 0.0, 0.0, 0.0, 0.0, 0.0, 0.0, 0.0, 0.0, 0.0, 0.0, 0.0, 0.0, 0.0, 0.0, 0.0, 0.0, 0.0, 0.0, 0.0, 0.0, 0.0, 0.0, 0.0, 0.0, 0.0, 0.0, 0.0, 0.0, 0.0, 0.0, 0.0, 0.0, 0.0, 0.0, 0.0, 0.0, 0.0, 0.0, 0.0, 0.0, 0.0, 0.0, 0.0, 0.0]
2022-12-12 21:00:43,604 Train INFO: mean test reward: 75.3719,0.0000,0.0000,0.0000
2022-12-12 21:00:43,604 Train INFO: test seed: 7************************************
2022-12-12 21:00:46,442 Train INFO: mean test reward1: [78.98781265449801, 72.52516631068352, 72.06705357400186, 78.56234117562266, 75.33297580320755, 75.259784372422, 76.1925995313593, 73.04978350768559, 80.67222233407202, 66.33543497858182, 75.5155351603411, 72.84120227982991, 83.66927243783903, 74.93876225469464, 85.6438288682303, 69.71281518077618, 82.12682061099802, 78.29242174617205, 72.15632836077023, 73.11142768610038, 78.4448689201882, 78.75815017037272, 77.35529516048783, 77.26484106679766, 73.4337587144567, 76.77580607389935, 79.80901775110225, 77.55631750148292, 73.92044163843303, 73.09152514471256, 78.22187673649336, 84.1408029589422, 74.61536438765464, 74.87631568195515, 76.80932577647742, 77.44198438073497, 79.28359618499952, 74.93616285823536, 76.93158532098815, 70.04903093150624, 72.9929689772146, 66.58705231220597, 66.15652571878482, 81.35547208141367, 69.50369402590003, 82.75283419153371, 68.40974641560042, 71.95039775018245, 80.4997510382289, 75.05281868205478]
2022-12-12 21:00:46,442 Train INFO: mean test reward2: [0.0, 0.0, 0.0, 0.0, 0.0, 0.0, 0.0, 0.0, 0.0, 0.0, 0.0, 0.0, 0.0, 0.0, 0.0, 0.0, 0.0, 0.0, 0.0, 0.0, 0.0, 0.0, 0.0, 0.0, 0.0, 0.0, 0.0, 0.0, 0.0, 0.0, 0.0, 0.0, 0.0, 0.0, 0.0, 0.0, 0.0, 0.0, 0.0, 0.0, 0.0, 0.0, 0.0, 0.0, 0.0, 0.0, 0.0, 0.0, 0.0, 0.0]
2022-12-12 21:00:46,442 Train INFO: mean test reward3: [0.0, 0.0, 0.0, 0.0, 0.0, 0.0, 0.0, 0.0, 0.0, 0.0, 0.0, 0.0, 0.0, 0.0, 0.0, 0.0, 0.0, 0.0, 0.0, 0.0, 0.0, 0.0, 0.0, 0.0, 0.0, 0.0, 0.0, 0.0, 0.0, 0.0, 0.0, 0.0, 0.0, 0.0, 0.0, 0.0, 0.0, 0.0, 0.0, 0.0, 0.0, 0.0, 0.0, 0.0, 0.0, 0.0, 0.0, 0.0, 0.0, 0.0]
2022-12-12 21:00:46,442 Train INFO: mean test reward4: [0.0, 0.0, 0.0, 0.0, 0.0, 0.0, 0.0, 0.0, 0.0, 0.0, 0.0, 0.0, 0.0, 0.0, 0.0, 0.0, 0.0, 0.0, 0.0, 0.0, 0.0, 0.0, 0.0, 0.0, 0.0, 0.0, 0.0, 0.0, 0.0, 0.0, 0.0, 0.0, 0.0, 0.0, 0.0, 0.0, 0.0, 0.0, 0.0, 0.0, 0.0, 0.0, 0.0, 0.0, 0.0, 0.0, 0.0, 0.0, 0.0, 0.0]
2022-12-12 21:00:46,442 Train INFO: mean test reward: 75.7194,0.0000,0.0000,0.0000
2022-12-12 21:00:46,443 Train INFO: test seed: 8************************************
2022-12-12 21:00:48,988 Train INFO: mean test reward1: [77.43384582595945, 79.55225160412526, 76.2112215793532, 62.969290054200584, 71.9660666741137, 71.34030951139557, 75.7285553251457, 71.61278093115642, 69.00142767323173, 79.41041073437076, 78.3530742587071, 81.59020534211398, 80.47979700847635, 75.1574312065867, 76.57647302931623, 56.517909124845794, 80.08086994657535, 80.62376828791824, 73.58773507647912, 76.38387657707378, 77.96660157773705, 78.75815017037272, 71.82548106002757, 83.03515718526775, 77.32993041592366, 81.73524298821587, 76.3679693260808, 74.96454542324076, 77.93899121776116, 77.96660157773705, 79.88477526612743, 82.03145204564923, 75.21370383810988, 77.89712713517072, 82.04284005992021, 71.8708425796884, 77.23880225872757, 78.88592980124815, 78.37167748940267, 75.96676150350388, 77.82817290447619, 71.13518886313223, 70.79660277874024, 78.93785620899591, 75.70409192911572, 85.07478647635995, 65.0771266976401, 71.05361053019443, 80.53327344893934, 78.62234041992662]
2022-12-12 21:00:48,988 Train INFO: mean test reward2: [0.0, 0.0, 0.0, 0.0, 0.0, 0.0, 0.0, 0.0, 0.0, 0.0, 0.0, 0.0, 0.0, 0.0, 0.0, 0.0, 0.0, 0.0, 0.0, 0.0, 0.0, 0.0, 0.0, 0.0, 0.0, 0.0, 0.0, 0.0, 0.0, 0.0, 0.0, 0.0, 0.0, 0.0, 0.0, 0.0, 0.0, 0.0, 0.0, 0.0, 0.0, 0.0, 0.0, 0.0, 0.0, 0.0, 0.0, 0.0, 0.0, 0.0]
2022-12-12 21:00:48,989 Train INFO: mean test reward3: [0.0, 0.0, 0.0, 0.0, 0.0, 0.0, 0.0, 0.0, 0.0, 0.0, 0.0, 0.0, 0.0, 0.0, 0.0, 0.0, 0.0, 0.0, 0.0, 0.0, 0.0, 0.0, 0.0, 0.0, 0.0, 0.0, 0.0, 0.0, 0.0, 0.0, 0.0, 0.0, 0.0, 0.0, 0.0, 0.0, 0.0, 0.0, 0.0, 0.0, 0.0, 0.0, 0.0, 0.0, 0.0, 0.0, 0.0, 0.0, 0.0, 0.0]
2022-12-12 21:00:48,989 Train INFO: mean test reward4: [0.0, 0.0, 0.0, 0.0, 0.0, 0.0, 0.0, 0.0, 0.0, 0.0, 0.0, 0.0, 0.0, 0.0, 0.0, 0.0, 0.0, 0.0, 0.0, 0.0, 0.0, 0.0, 0.0, 0.0, 0.0, 0.0, 0.0, 0.0, 0.0, 0.0, 0.0, 0.0, 0.0, 0.0, 0.0, 0.0, 0.0, 0.0, 0.0, 0.0, 0.0, 0.0, 0.0, 0.0, 0.0, 0.0, 0.0, 0.0, 0.0, 0.0]
2022-12-12 21:00:48,989 Train INFO: mean test reward: 76.1327,0.0000,0.0000,0.0000
2022-12-12 21:00:48,989 Train INFO: test seed: 9************************************
2022-12-12 21:00:51,731 Train INFO: mean test reward1: [85.59053417045239, 81.06106678779209, 80.91974612990938, 79.30481089290173, 80.83516668485291, 80.07360933718378, 73.92377371150569, 77.48899487666604, 73.38307315852076, 75.68717312985336, 82.815903032764, 82.1217156691859, 89.5638425861796, 80.8135429919547, 84.68831379538989, 77.95279639774911, 87.12344573404842, 86.02476168576023, 85.53822902676126, 85.03958520324669, 82.73084042980435, 87.36869669408075, 82.80631063199671, 84.63665392002703, 78.3891996576098, 86.97437387817662, 80.06222132291283, 85.0374834705646, 79.3279354809171, 73.16148656560767, 82.96423509574082, 87.41711522419105, 82.95129981246077, 78.74875378485494, 84.49231047989974, 86.9983584804673, 84.17879311661446, 77.72367365185107, 82.66922650563359, 79.37428533546806, 79.88477526612743, 78.56758634737531, 82.09958127274643, 83.39259138565677, 74.38775997572745, 90.50815677708604, 76.38422748396302, 80.16279465663976, 85.86861488284853, 87.87594289879695]
2022-12-12 21:00:51,731 Train INFO: mean test reward2: [0.0, 0.0, 0.0, 0.0, 0.0, 0.0, 0.0, 0.0, 0.0, 0.0, 0.0, 0.0, 0.0, 0.0, 0.0, 0.0, 0.0, 0.0, 0.0, 0.0, 0.0, 0.0, 0.0, 0.0, 0.0, 0.0, 0.0, 0.0, 0.0, 0.0, 0.0, 0.0, 0.0, 0.0, 0.0, 0.0, 0.0, 0.0, 0.0, 0.0, 0.0, 0.0, 0.0, 0.0, 0.0, 0.0, 0.0, 0.0, 0.0, 0.0]
2022-12-12 21:00:51,733 Train INFO: mean test reward3: [0.0, 0.0, 0.0, 0.0, 0.0, 0.0, 0.0, 0.0, 0.0, 0.0, 0.0, 0.0, 0.0, 0.0, 0.0, 0.0, 0.0, 0.0, 0.0, 0.0, 0.0, 0.0, 0.0, 0.0, 0.0, 0.0, 0.0, 0.0, 0.0, 0.0, 0.0, 0.0, 0.0, 0.0, 0.0, 0.0, 0.0, 0.0, 0.0, 0.0, 0.0, 0.0, 0.0, 0.0, 0.0, 0.0, 0.0, 0.0, 0.0, 0.0]
2022-12-12 21:00:51,733 Train INFO: mean test reward4: [0.0, 0.0, 0.0, 0.0, 0.0, 0.0, 0.0, 0.0, 0.0, 0.0, 0.0, 0.0, 0.0, 0.0, 0.0, 0.0, 0.0, 0.0, 0.0, 0.0, 0.0, 0.0, 0.0, 0.0, 0.0, 0.0, 0.0, 0.0, 0.0, 0.0, 0.0, 0.0, 0.0, 0.0, 0.0, 0.0, 0.0, 0.0, 0.0, 0.0, 0.0, 0.0, 0.0, 0.0, 0.0, 0.0, 0.0, 0.0, 0.0, 0.0]
2022-12-12 21:00:51,734 Train INFO: mean test reward: 81.9419,0.0000,0.0000,0.0000
2022-12-12 21:00:51,734 Train INFO: test seed: 10************************************
2022-12-12 21:00:54,178 Train INFO: mean test reward1: [85.37602208178416, 75.41860614803385, 74.38402937101638, 78.81380473712265, 83.19133566600615, 83.46941564307741, 83.41203438804877, 73.54618541068407, 72.66527663384107, 75.18966769653183, 86.03811588669966, 79.47988517693709, 87.4346877284572, 75.95103787142047, 84.03121052304216, 77.28551332739518, 84.08877667271221, 82.72125279186355, 74.51253256112146, 86.83785180169878, 83.52843017503298, 89.33095491176508, 78.83134160115823, 84.99099704777474, 84.26385095674759, 84.72630395306214, 80.53327344893935, 82.57063339877297, 78.89235540259429, 73.5526575855975, 83.70085634478157, 87.53881237434705, 83.68672059417537, 85.12254131069774, 83.5146555272305, 83.80976859198076, 78.9691640308355, 79.13907554324929, 85.11700144725764, 85.06111675866934, 82.8932133841654, 74.26087232311079, 73.26278583436522, 83.75711916253114, 85.10723677059207, 84.9962912952351, 81.65636737895018, 85.96592712454223, 83.36785759700211, 80.72994280696909]
2022-12-12 21:00:54,178 Train INFO: mean test reward2: [0.0, 0.0, 0.0, 0.0, 0.0, 0.0, 0.0, 0.0, 0.0, 0.0, 0.0, 0.0, 0.0, 0.0, 0.0, 0.0, 0.0, 0.0, 0.0, 0.0, 0.0, 0.0, 0.0, 0.0, 0.0, 0.0, 0.0, 0.0, 0.0, 0.0, 0.0, 0.0, 0.0, 0.0, 0.0, 0.0, 0.0, 0.0, 0.0, 0.0, 0.0, 0.0, 0.0, 0.0, 0.0, 0.0, 0.0, 0.0, 0.0, 0.0]
2022-12-12 21:00:54,178 Train INFO: mean test reward3: [0.0, 0.0, 0.0, 0.0, 0.0, 0.0, 0.0, 0.0, 0.0, 0.0, 0.0, 0.0, 0.0, 0.0, 0.0, 0.0, 0.0, 0.0, 0.0, 0.0, 0.0, 0.0, 0.0, 0.0, 0.0, 0.0, 0.0, 0.0, 0.0, 0.0, 0.0, 0.0, 0.0, 0.0, 0.0, 0.0, 0.0, 0.0, 0.0, 0.0, 0.0, 0.0, 0.0, 0.0, 0.0, 0.0, 0.0, 0.0, 0.0, 0.0]
2022-12-12 21:00:54,178 Train INFO: mean test reward4: [0.0, 0.0, 0.0, 0.0, 0.0, 0.0, 0.0, 0.0, 0.0, 0.0, 0.0, 0.0, 0.0, 0.0, 0.0, 0.0, 0.0, 0.0, 0.0, 0.0, 0.0, 0.0, 0.0, 0.0, 0.0, 0.0, 0.0, 0.0, 0.0, 0.0, 0.0, 0.0, 0.0, 0.0, 0.0, 0.0, 0.0, 0.0, 0.0, 0.0, 0.0, 0.0, 0.0, 0.0, 0.0, 0.0, 0.0, 0.0, 0.0, 0.0]
2022-12-12 21:00:54,178 Train INFO: mean test reward: 81.5345,0.0000,0.0000,0.0000
2022-12-12 21:00:54,179 Train INFO: test seed: 11************************************
2022-12-12 21:00:56,330 Train INFO: mean test reward1: [69.06613807576336, 65.54820799797106, 79.49444933305871, 61.66611919922177, 78.47709150839643, 74.51763847008777, 82.09716410702944, 76.29723087318953, 66.84561034252313, 75.63018771406036, 75.27148763394685, 80.01906653006078, 80.06222132291283, 70.05283890575889, 73.63828793042383, 66.75899875896393, 79.51229358762059, 75.8596102869609, 72.52516631068352, 75.69972167266542, 75.58485850203793, 76.82184807019162, 77.48771400815788, 79.00209265339082, 74.76041432795002, 77.10162624233433, 74.33102122537326, 75.4708208919761, 67.7491214483806, 72.51949968547109, 78.76297891821883, 75.21570818325529, 75.65364113835328, 73.76466239134422, 77.91684212549322, 73.85608010094164, 73.5064050909181, 73.45525718565953, 79.30109390468255, 71.68058089303183, 74.19154898141397, 72.26554274431027, 67.3024523002779, 75.82481547852377, 76.12611215545583, 77.35529516048781, 70.32639479567726, 77.20225643871657, 77.72382571987478, 79.2316194621162]
2022-12-12 21:00:56,331 Train INFO: mean test reward2: [0.0, 0.0, 0.0, 0.0, 0.0, 0.0, 0.0, 0.0, 0.0, 0.0, 0.0, 0.0, 0.0, 0.0, 0.0, 0.0, 0.0, 0.0, 0.0, 0.0, 0.0, 0.0, 0.0, 0.0, 0.0, 0.0, 0.0, 0.0, 0.0, 0.0, 0.0, 0.0, 0.0, 0.0, 0.0, 0.0, 0.0, 0.0, 0.0, 0.0, 0.0, 0.0, 0.0, 0.0, 0.0, 0.0, 0.0, 0.0, 0.0, 0.0]
2022-12-12 21:00:56,331 Train INFO: mean test reward3: [0.0, 0.0, 0.0, 0.0, 0.0, 0.0, 0.0, 0.0, 0.0, 0.0, 0.0, 0.0, 0.0, 0.0, 0.0, 0.0, 0.0, 0.0, 0.0, 0.0, 0.0, 0.0, 0.0, 0.0, 0.0, 0.0, 0.0, 0.0, 0.0, 0.0, 0.0, 0.0, 0.0, 0.0, 0.0, 0.0, 0.0, 0.0, 0.0, 0.0, 0.0, 0.0, 0.0, 0.0, 0.0, 0.0, 0.0, 0.0, 0.0, 0.0]
2022-12-12 21:00:56,331 Train INFO: mean test reward4: [0.0, 0.0, 0.0, 0.0, 0.0, 0.0, 0.0, 0.0, 0.0, 0.0, 0.0, 0.0, 0.0, 0.0, 0.0, 0.0, 0.0, 0.0, 0.0, 0.0, 0.0, 0.0, 0.0, 0.0, 0.0, 0.0, 0.0, 0.0, 0.0, 0.0, 0.0, 0.0, 0.0, 0.0, 0.0, 0.0, 0.0, 0.0, 0.0, 0.0, 0.0, 0.0, 0.0, 0.0, 0.0, 0.0, 0.0, 0.0, 0.0, 0.0]
2022-12-12 21:00:56,331 Train INFO: mean test reward: 74.6106,0.0000,0.0000,0.0000
2022-12-12 21:00:56,331 Train INFO: test seed: 12************************************
2022-12-12 21:00:58,863 Train INFO: mean test reward1: [83.24480959919671, 78.31652843869608, 81.53108525065883, 80.0209903327018, 83.2806300376589, 77.89712713517072, 76.7934408049561, 76.366777862033, 77.22250987914192, 76.08106843380449, 82.06028821625655, 80.08086994657535, 84.15889638360684, 75.30070044888333, 82.71195405665567, 79.12671614666375, 84.32337266984251, 80.02981291222929, 75.1576083222902, 77.38583115490805, 77.24555790969129, 82.22277401869479, 79.37800232368724, 78.81645535868182, 79.32430936361048, 85.07051502446775, 82.39867280647111, 80.46008201815384, 81.58317594816465, 76.49084247104375, 77.66317320733977, 83.29466616621659, 74.96350723986313, 70.37971953945883, 79.32322830112201, 82.85843403300274, 78.24333700791055, 81.93769917519266, 84.56526579758449, 74.29879755782846, 78.71085551721279, 69.52441373450417, 79.79316642712162, 81.24655983421447, 80.58433048328538, 86.52874250109558, 81.13425821857761, 79.85718443250703, 78.95363860723704, 82.959894964302]
2022-12-12 21:00:58,863 Train INFO: mean test reward2: [0.0, 0.0, 0.0, 0.0, 0.0, 0.0, 0.0, 0.0, 0.0, 0.0, 0.0, 0.0, 0.0, 0.0, 0.0, 0.0, 0.0, 0.0, 0.0, 0.0, 0.0, 0.0, 0.0, 0.0, 0.0, 0.0, 0.0, 0.0, 0.0, 0.0, 0.0, 0.0, 0.0, 0.0, 0.0, 0.0, 0.0, 0.0, 0.0, 0.0, 0.0, 0.0, 0.0, 0.0, 0.0, 0.0, 0.0, 0.0, 0.0, 0.0]
2022-12-12 21:00:58,863 Train INFO: mean test reward3: [0.0, 0.0, 0.0, 0.0, 0.0, 0.0, 0.0, 0.0, 0.0, 0.0, 0.0, 0.0, 0.0, 0.0, 0.0, 0.0, 0.0, 0.0, 0.0, 0.0, 0.0, 0.0, 0.0, 0.0, 0.0, 0.0, 0.0, 0.0, 0.0, 0.0, 0.0, 0.0, 0.0, 0.0, 0.0, 0.0, 0.0, 0.0, 0.0, 0.0, 0.0, 0.0, 0.0, 0.0, 0.0, 0.0, 0.0, 0.0, 0.0, 0.0]
2022-12-12 21:00:58,863 Train INFO: mean test reward4: [0.0, 0.0, 0.0, 0.0, 0.0, 0.0, 0.0, 0.0, 0.0, 0.0, 0.0, 0.0, 0.0, 0.0, 0.0, 0.0, 0.0, 0.0, 0.0, 0.0, 0.0, 0.0, 0.0, 0.0, 0.0, 0.0, 0.0, 0.0, 0.0, 0.0, 0.0, 0.0, 0.0, 0.0, 0.0, 0.0, 0.0, 0.0, 0.0, 0.0, 0.0, 0.0, 0.0, 0.0, 0.0, 0.0, 0.0, 0.0, 0.0, 0.0]
2022-12-12 21:00:58,864 Train INFO: mean test reward: 79.6180,0.0000,0.0000,0.0000
2022-12-12 21:00:58,864 Train INFO: test seed: 13************************************
2022-12-12 21:01:01,299 Train INFO: mean test reward1: [79.93206991928733, 59.584281223617914, 74.9947522037733, 72.05861559196289, 66.82418513913686, 74.89012086194307, 71.73416627732684, 68.81774185179528, 68.59493451371958, 69.67686090852031, 76.82176758129086, 73.62554958911954, 75.98896591406475, 68.35558259693265, 80.16724633022076, 68.03372845049158, 73.00060140955256, 76.08552010738549, 77.67198600836522, 74.03709746225245, 72.20747626602882, 77.07513007607223, 70.23743237777825, 80.62019604784204, 67.42220651071868, 78.71524061065314, 71.34722192444589, 71.44852119320346, 76.9177801410002, 69.71922462330048, 71.95039775018247, 77.31851449622765, 71.87084257968837, 76.45394019062373, 78.11088948086761, 70.60960240076419, 70.60960240076419, 71.86758127100786, 76.66096291413652, 76.26390749747998, 67.87565813822216, 70.23743237777825, 63.012307908531376, 79.69357226200796, 76.3819107699482, 77.08500002748887, 73.64241784481104, 67.90358416028155, 74.80312425116962, 82.03145204564925]
2022-12-12 21:01:01,299 Train INFO: mean test reward2: [0.0, 0.0, 0.0, 0.0, 0.0, 0.0, 0.0, 0.0, 0.0, 0.0, 0.0, 0.0, 0.0, 0.0, 0.0, 0.0, 0.0, 0.0, 0.0, 0.0, 0.0, 0.0, 0.0, 0.0, 0.0, 0.0, 0.0, 0.0, 0.0, 0.0, 0.0, 0.0, 0.0, 0.0, 0.0, 0.0, 0.0, 0.0, 0.0, 0.0, 0.0, 0.0, 0.0, 0.0, 0.0, 0.0, 0.0, 0.0, 0.0, 0.0]
2022-12-12 21:01:01,299 Train INFO: mean test reward3: [0.0, 0.0, 0.0, 0.0, 0.0, 0.0, 0.0, 0.0, 0.0, 0.0, 0.0, 0.0, 0.0, 0.0, 0.0, 0.0, 0.0, 0.0, 0.0, 0.0, 0.0, 0.0, 0.0, 0.0, 0.0, 0.0, 0.0, 0.0, 0.0, 0.0, 0.0, 0.0, 0.0, 0.0, 0.0, 0.0, 0.0, 0.0, 0.0, 0.0, 0.0, 0.0, 0.0, 0.0, 0.0, 0.0, 0.0, 0.0, 0.0, 0.0]
2022-12-12 21:01:01,299 Train INFO: mean test reward4: [0.0, 0.0, 0.0, 0.0, 0.0, 0.0, 0.0, 0.0, 0.0, 0.0, 0.0, 0.0, 0.0, 0.0, 0.0, 0.0, 0.0, 0.0, 0.0, 0.0, 0.0, 0.0, 0.0, 0.0, 0.0, 0.0, 0.0, 0.0, 0.0, 0.0, 0.0, 0.0, 0.0, 0.0, 0.0, 0.0, 0.0, 0.0, 0.0, 0.0, 0.0, 0.0, 0.0, 0.0, 0.0, 0.0, 0.0, 0.0, 0.0, 0.0]
2022-12-12 21:01:01,299 Train INFO: mean test reward: 73.2198,0.0000,0.0000,0.0000
2022-12-12 21:01:01,300 Train INFO: test seed: 14************************************
